-0.034739 0.027558 0.999016 0.621491 0.783421 0.000000 -0.782651 0.620880 -0.044342 31.896076 82.908062 718.607608
-0.034745 0.027551 0.999016 0.621319 0.783558 0.000000 -0.782787 0.620708 -0.044342 31.887280 82.664482 718.409444
-0.034763 0.027528 0.999016 0.620801 0.783968 0.000000 -0.783197 0.620190 -0.044342 31.861207 81.951978 717.822025
-0.034793 0.027489 0.999016 0.619935 0.784653 0.000000 -0.783882 0.619325 -0.044342 31.818380 80.797182 716.857157
-0.034836 0.027435 0.999016 0.618718 0.785613 0.000000 -0.784841 0.618109 -0.044342 31.759392 79.225799 715.528160
-0.034891 0.027366 0.999016 0.617147 0.786848 0.000000 -0.786074 0.616540 -0.044342 31.684895 77.262657 713.849771
-0.034958 0.027280 0.999016 0.615219 0.788356 0.000000 -0.787581 0.614614 -0.044342 31.595602 74.931759 711.838042
-0.035037 0.027179 0.999016 0.612930 0.790138 0.000000 -0.789360 0.612327 -0.044342 31.492281 72.256341 709.510246
-0.035127 0.027061 0.999016 0.610275 0.792190 0.000000 -0.791410 0.609675 -0.044342 31.375747 69.258937 706.884777
-0.035230 0.026927 0.999016 0.607251 0.794510 0.000000 -0.793729 0.606653 -0.044342 31.246863 65.961442 703.981056
-0.035345 0.026776 0.999016 0.603852 0.797097 0.000000 -0.796313 0.603258 -0.044342 31.106531 62.385186 700.819438
-0.035471 0.026609 0.999016 0.600073 0.799945 0.000000 -0.799159 0.599482 -0.044342 30.955693 58.551007 697.421113
-0.035609 0.026424 0.999016 0.595908 0.803053 0.000000 -0.802263 0.595322 -0.044342 30.795323 54.479325 693.808016
-0.035758 0.026222 0.999016 0.591351 0.806414 0.000000 -0.805621 0.590770 -0.044342 30.626421 50.190226 690.002729
-0.035918 0.026002 0.999016 0.586397 0.810024 0.000000 -0.809227 0.585820 -0.044342 30.450016 45.703538 686.028385
-0.036089 0.025765 0.999016 0.581038 0.813877 0.000000 -0.813076 0.580466 -0.044342 30.267155 41.038918 681.908575
-0.036270 0.025509 0.999016 0.575266 0.817966 0.000000 -0.817162 0.574701 -0.044342 30.078899 36.215930 677.667244
-0.036462 0.025234 0.999016 0.569076 0.822285 0.000000 -0.821476 0.568516 -0.044342 29.886324 31.254134 673.328596
-0.036663 0.024941 0.999016 0.562459 0.826825 0.000000 -0.826012 0.561906 -0.044342 29.690511 26.173164 668.916990
-0.036874 0.024628 0.999016 0.555407 0.831579 0.000000 -0.830761 0.554861 -0.044342 29.492543 20.992816 664.456839
-0.037094 0.024296 0.999016 0.547912 0.836536 0.000000 -0.835713 0.547373 -0.044342 29.293501 15.733128 659.972495
-0.037322 0.023943 0.999016 0.539966 0.841687 0.000000 -0.840859 0.539435 -0.044342 29.094459 10.414456 655.488150
-0.037559 0.023571 0.999016 0.531559 0.847021 0.000000 -0.846188 0.531037 -0.044342 28.896479 5.057557 651.027713
-0.037803 0.023177 0.999016 0.522684 0.852526 0.000000 -0.851688 0.522170 -0.044342 28.700603 -0.316342 646.614699
-0.038054 0.022762 0.999016 0.513331 0.858191 0.000000 -0.857347 0.512826 -0.044342 28.507853 -5.685470 642.272105
-0.038312 0.022326 0.999016 0.503490 0.864001 0.000000 -0.863151 0.502995 -0.044342 28.319220 -11.027449 638.022287
-0.038575 0.021868 0.999016 0.493154 0.869942 0.000000 -0.869087 0.492669 -0.044342 28.135664 -16.319234 633.886829
-0.038844 0.021387 0.999016 0.482311 0.876000 0.000000 -0.875138 0.481837 -0.044342 27.958102 -21.537056 629.886411
-0.039117 0.020883 0.999016 0.470954 0.882158 0.000000 -0.881290 0.470490 -0.044342 27.787405 -26.656379 626.040671
-0.039394 0.020356 0.999016 0.459072 0.888399 0.000000 -0.887525 0.458620 -0.044342 27.624393 -31.651859 622.368058
-0.039673 0.019806 0.999016 0.446656 0.894706 0.000000 -0.893826 0.446217 -0.044342 27.469825 -36.497312 618.885692
-0.039955 0.019231 0.999016 0.433698 0.901058 0.000000 -0.900172 0.433272 -0.044342 27.324395 -41.165696 615.609204
-0.040238 0.018632 0.999016 0.420188 0.907437 0.000000 -0.906544 0.419775 -0.044342 27.188724 -45.629099 612.552586
-0.040521 0.018008 0.999016 0.406118 0.913821 0.000000 -0.912922 0.405718 -0.044342 27.063353 -49.858741 609.728027
-0.040803 0.017359 0.999016 0.391478 0.920187 0.000000 -0.919282 0.391093 -0.044342 26.948736 -53.824987 607.145751
-0.041084 0.016684 0.999016 0.376262 0.926513 0.000000 -0.925602 0.375892 -0.044342 26.845233 -57.497374 604.813847
-0.041361 0.015984 0.999016 0.360460 0.932775 0.000000 -0.931857 0.360106 -0.044342 26.753099 -60.844658 602.738101
-0.041635 0.015257 0.999016 0.344067 0.938945 0.000000 -0.938022 0.343728 -0.044342 26.672481 -63.834862 600.921822
-0.041903 0.014503 0.999016 0.327074 0.944999 0.000000 -0.944069 0.326753 -0.044342 26.603410 -66.435362 599.365666
-0.042165 0.013723 0.999016 0.309477 0.950907 0.000000 -0.949972 0.309173 -0.044342 26.545788 -68.612968 598.067464
-0.042420 0.012916 0.999016 0.291269 0.956641 0.000000 -0.955700 0.290983 -0.044342 26.499386 -70.334045 597.022046
-0.042665 0.012081 0.999016 0.272447 0.962171 0.000000 -0.961224 0.272179 -0.044342 26.463834 -71.564634 596.221066
-0.042900 0.011219 0.999016 0.253006 0.967465 0.000000 -0.966513 0.252757 -0.044342 26.438612 -72.270612 595.652835
-0.043122 0.010329 0.999016 0.232944 0.972490 0.000000 -0.971534 0.232715 -0.044342 26.423047 -72.417859 595.302150
-0.043332 0.009412 0.999016 0.212259 0.977213 0.000000 -0.976252 0.212050 -0.044342 26.416300 -71.972456 595.150138
-0.043526 0.008467 0.999016 0.190950 0.981600 0.000000 -0.980634 0.190763 -0.044342 26.417363 -70.900906 595.174100
-0.043704 0.007495 0.999016 0.169019 0.985613 0.000000 -0.984643 0.168853 -0.044342 26.425054 -69.170373 595.347366
-0.043864 0.006495 0.999016 0.146468 0.989215 0.000000 -0.988242 0.146324 -0.044342 26.438006 -66.748950 595.639166
-0.044004 0.005467 0.999016 0.123300 0.992369 0.000000 -0.991393 0.123179 -0.044342 26.454666 -63.605957 596.014508
-0.044122 0.004413 0.999016 0.099520 0.995036 0.000000 -0.994057 0.099423 -0.044342 26.473289 -59.712253 596.434080
-0.044038 0.003277 0.999024 0.075646 0.997135 0.000064 -0.996162 0.075575 -0.044160 26.388861 -55.767298 596.910372
-0.043574 0.002030 0.999048 0.052201 0.998637 0.000248 -0.997686 0.052162 -0.043620 26.101124 -52.469140 597.506662
-0.042730 0.000710 0.999086 0.029200 0.999573 0.000539 -0.998660 0.029196 -0.042732 25.614812 -49.787245 598.253440
-0.041510 -0.000641 0.999138 0.006658 0.999977 0.000918 -0.999116 0.006691 -0.041505 24.934070 -47.690417 599.177176
-0.039922 -0.001975 0.999201 -0.015411 0.999880 0.001361 -0.999084 -0.015344 -0.039948 24.062575 -46.147020 600.300429
-0.037975 -0.003248 0.999273 -0.036995 0.999314 0.001842 -0.998594 -0.036898 -0.038069 23.003673 -45.125176 601.641977
-0.035683 -0.004408 0.999353 -0.058085 0.998309 0.002330 -0.997674 -0.057964 -0.035879 21.760530 -44.592937 603.216947
-0.033064 -0.005409 0.999439 -0.078671 0.996897 0.002793 -0.996352 -0.078534 -0.033387 20.336298 -44.518436 605.036959
-0.030142 -0.006201 0.999526 -0.098745 0.995108 0.003196 -0.994656 -0.098602 -0.030607 18.734286 -44.870025 607.110281
-0.026945 -0.006738 0.999614 -0.118301 0.992972 0.003504 -0.992612 -0.118161 -0.027553 16.958137 -45.616385 609.441995
-0.023505 -0.006974 0.999699 -0.137334 0.990518 0.003681 -0.990246 -0.137206 -0.024240 15.012019 -46.726627 612.034170
-0.019859 -0.006869 0.999779 -0.155841 0.987775 0.003691 -0.987583 -0.155733 -0.020687 12.900810 -48.170374 614.886048
-0.016051 -0.006385 0.999851 -0.173819 0.984771 0.003498 -0.984647 -0.173737 -0.016916 10.630279 -49.917842 617.994234
-0.012125 -0.005489 0.999911 -0.191268 0.981533 0.003069 -0.981463 -0.191213 -0.012951 8.207264 -51.939898 621.352900
-0.008131 -0.004155 0.999958 -0.208187 0.978086 0.002372 -0.978055 -0.208159 -0.008818 5.639830 -54.208122 624.953990
-0.004122 -0.002363 0.999989 -0.224578 0.974455 0.001377 -0.974447 -0.224570 -0.004547 2.937408 -56.694861 628.787429
-0.000151 -0.000097 1.000000 -0.240443 0.970663 0.000057 -0.970663 -0.240443 -0.000170 0.110899 -59.373284 632.841335
0.003727 0.002650 0.999990 -0.255784 0.966733 -0.001608 -0.966727 -0.255776 0.004281 -2.827246 -62.217438 637.102227
0.007456 0.005876 0.999955 -0.270606 0.962683 -0.003640 -0.962661 -0.270567 0.008768 -5.863009 -65.202294 641.555228
0.010984 0.009576 0.999894 -0.284911 0.958535 -0.006050 -0.958491 -0.284814 0.013257 -8.980815 -68.303814 646.184257
0.014258 0.013735 0.999804 -0.298703 0.954305 -0.008851 -0.954240 -0.298518 0.017710 -12.163618 -71.499002 650.972212
0.017230 0.018333 0.999683 -0.311985 0.950011 -0.012045 -0.949931 -0.311679 0.022088 -15.393031 -74.765962 655.901129
0.019855 0.023341 0.999530 -0.324761 0.945667 -0.015632 -0.945588 -0.324298 0.026356 -18.649526 -78.083951 660.952329
0.022093 0.028728 0.999343 -0.337034 0.941288 -0.019609 -0.941233 -0.336379 0.030478 -21.912682 -81.433430 666.106540
0.023910 0.034456 0.999120 -0.348805 0.936889 -0.023963 -0.936890 -0.347925 0.034420 -25.161503 -84.796100 671.343991
0.025280 0.040484 0.998860 -0.360077 0.932482 -0.028681 -0.932580 -0.358941 0.038150 -28.374779 -88.154927 676.644491
0.026181 0.046767 0.998563 -0.370850 0.928080 -0.033742 -0.928324 -0.369434 0.041641 -31.531495 -91.494149 681.987476
0.026601 0.053258 0.998226 -0.381126 0.923695 -0.039125 -0.924140 -0.379409 0.044869 -34.611267 -94.799261 687.352046
0.026535 0.059909 0.997851 -0.390904 0.919340 -0.044801 -0.920049 -0.388876 0.047813 -37.594815 -98.056974 692.716975
0.025984 0.066674 0.997436 -0.400186 0.915028 -0.050741 -0.916066 -0.397841 0.050458 -40.464432 -101.255150 698.060715
0.024960 0.073506 0.996982 -0.408969 0.910772 -0.056911 -0.912207 -0.406315 0.052794 -43.204455 -104.382701 703.361392
0.023479 0.080360 0.996489 -0.417256 0.906583 -0.063278 -0.908486 -0.414305 0.054817 -45.801721 -107.429473 708.596795
0.021568 0.087194 0.995958 -0.425044 0.902477 -0.069806 -0.904916 -0.421821 0.056526 -48.245980 -110.386086 713.744374
0.019258 0.093971 0.995389 -0.432336 0.898465 -0.076457 -0.901507 -0.428870 0.057930 -50.530275 -113.243768 718.781247
0.016587 0.100657 0.994783 -0.439132 0.894562 -0.083194 -0.898269 -0.435461 0.059040 -52.651248 -115.994155 723.684214
0.013600 0.107223 0.994142 -0.445434 0.890782 -0.089982 -0.895212 -0.441601 0.059875 -54.609391 -118.629091 728.429795
0.010345 0.113646 0.993467 -0.451244 0.887137 -0.096784 -0.892340 -0.447296 0.060459 -56.409203 -121.140411 732.994275
0.006876 0.119907 0.992761 -0.456567 0.883641 -0.103565 -0.889662 -0.452550 0.060821 -58.059270 -123.519730 737.353781
0.003250 0.125994 0.992026 -0.461407 0.880306 -0.110293 -0.887183 -0.457369 0.060995 -59.572247 -125.758234 741.484363
-0.000472 0.131899 0.991263 -0.465769 0.877146 -0.116936 -0.884906 -0.461755 0.061020 -60.964752 -127.846487 745.362098
-0.004227 0.137621 0.990476 -0.469659 0.874172 -0.123465 -0.882838 -0.465708 0.060940 -62.257153 -129.774255 748.963200
-0.007950 0.143161 0.989667 -0.473086 0.871394 -0.129853 -0.880980 -0.469230 0.060800 -63.473275 -131.530356 752.264143
-0.011574 0.148528 0.988841 -0.476058 0.868823 -0.136072 -0.879338 -0.472320 0.060652 -64.640003 -133.102534 755.241777
-0.015031 0.153729 0.987999 -0.478583 0.866467 -0.142101 -0.877914 -0.474975 0.060548 -65.786799 -134.477368 757.873450
-0.018253 0.158779 0.987145 -0.480672 0.864336 -0.147914 -0.876711 -0.477193 0.060544 -66.945148 -135.640213 760.137119
-0.021171 0.163691 0.986284 -0.482334 0.862436 -0.153490 -0.875732 -0.478968 0.060695 -68.147909 -136.575174 762.011454
-0.023715 0.168480 0.985420 -0.483580 0.860773 -0.158806 -0.874979 -0.480296 0.061060 -69.428610 -137.265115 763.475926
-0.025817 0.173158 0.984556 -0.484422 0.859355 -0.163841 -0.874454 -0.481170 0.061696 -70.820667 -137.691712 764.510888
-0.027405 0.177739 0.983696 -0.484870 0.858187 -0.168569 -0.874157 -0.481584 0.062661 -72.356556 -137.835525 765.097645
-0.028412 0.182229 0.982846 -0.484936 0.857275 -0.172965 -0.874088 -0.481531 0.064012 -74.066924 -137.676125 765.218515
-0.028856 0.186533 0.982025 -0.485134 0.856356 -0.176918 -0.873964 -0.481519 0.065783 -75.704868 -137.071092 765.114600
-0.028794 0.190569 0.981251 -0.485952 0.855177 -0.180344 -0.873511 -0.482034 0.067983 -77.023962 -135.913275 765.033253
-0.028222 0.194355 0.980525 -0.487357 0.853757 -0.183255 -0.872747 -0.483037 0.070625 -78.049800 -134.233817 764.966940
-0.027139 0.197905 0.979845 -0.489314 0.852116 -0.185659 -0.871685 -0.484491 0.073712 -78.803261 -132.063089 764.908239
-0.025550 0.201230 0.979211 -0.491790 0.850272 -0.187565 -0.870339 -0.486358 0.077238 -79.301054 -129.430798 764.849986
-0.023461 0.204339 0.978619 -0.494745 0.848242 -0.188977 -0.868721 -0.488601 0.081195 -79.556245 -126.366064 764.785379
-0.020883 0.207236 0.978068 -0.498143 0.846045 -0.189899 -0.866844 -0.491183 0.085565 -79.578783 -122.897468 764.708055
-0.017829 0.209925 0.977555 -0.501943 0.843698 -0.190334 -0.864717 -0.494070 0.090328 -79.376001 -119.053068 764.612139
-0.014314 0.212406 0.977077 -0.506106 0.841218 -0.190286 -0.862352 -0.497228 0.095459 -78.953112 -114.860410 764.492271
-0.010355 0.214679 0.976630 -0.510591 0.838623 -0.189757 -0.859761 -0.500624 0.100929 -78.313673 -110.346514 764.343624
-0.005971 0.216743 0.976210 -0.515357 0.835931 -0.188750 -0.856955 -0.504224 0.106709 -77.460039 -105.537869 764.161893
-0.001181 0.218596 0.975815 -0.520361 0.833159 -0.187269 -0.853945 -0.507997 0.112765 -76.393778 -100.460422 763.943285
0.003994 0.220235 0.975439 -0.525562 0.830326 -0.185320 -0.850746 -0.511913 0.119064 -75.116075 -95.139567 763.684500
0.009533 0.221660 0.975077 -0.530916 0.827449 -0.182909 -0.847371 -0.515940 0.125571 -73.628098 -89.600152 763.382694
0.015416 0.222867 0.974727 -0.536382 0.824547 -0.180045 -0.843834 -0.520051 0.132253 -71.931335 -83.866486 763.035455
0.021621 0.223855 0.974383 -0.541918 0.821638 -0.176739 -0.840153 -0.524214 0.139075 -70.027902 -77.962360 762.640770
0.028127 0.224625 0.974039 -0.547482 0.818740 -0.173001 -0.836345 -0.528403 0.146006 -67.920814 -71.911080 762.196996
0.034914 0.225176 0.973692 -0.553032 0.815871 -0.168848 -0.832428 -0.532588 0.153015 -65.614224 -65.735510 761.702835
0.041964 0.225511 0.973336 -0.558528 0.813052 -0.164295 -0.828423 -0.536741 0.160073 -63.113627 -59.458125 761.157319
0.049257 0.225632 0.972967 -0.563931 0.810300 -0.159360 -0.824352 -0.540836 0.167154 -60.426025 -53.101071 760.559802
0.056778 0.225542 0.972577 -0.569200 0.807636 -0.154063 -0.820236 -0.544844 0.174235 -57.560058 -46.686231 759.909960
0.064511 0.225248 0.972163 -0.574299 0.805078 -0.148425 -0.816100 -0.548737 0.181296 -54.526107 -40.235296 759.207806
0.072442 0.224754 0.971719 -0.579189 0.802647 -0.142470 -0.811968 -0.552488 0.188321 -51.336353 -33.769833 758.453704
0.080560 0.224069 0.971238 -0.583835 0.800363 -0.136220 -0.807866 -0.556069 0.195297 -48.004814 -27.311357 757.648403
0.088856 0.223199 0.970715 -0.588201 0.798246 -0.129701 -0.803818 -0.559451 0.202214 -44.547353 -20.881398 756.793070
0.097320 0.222153 0.970143 -0.592253 0.796318 -0.122937 -0.799853 -0.562606 0.209069 -40.981660 -14.501563 755.889332
0.105948 0.220942 0.969515 -0.595958 0.794599 -0.115955 -0.795996 -0.565505 0.215858 -37.327212 -8.193594 754.939315
0.114735 0.219576 0.968825 -0.599283 0.793112 -0.108781 -0.792273 -0.568119 0.222586 -33.605218 -1.979423 753.945687
0.123679 0.218065 0.968066 -0.602195 0.791878 -0.101441 -0.788710 -0.570419 0.229256 -29.838556 4.118781 752.911694
0.132781 0.216421 0.967229 -0.604665 0.790918 -0.093963 -0.785334 -0.572372 0.235881 -26.051691 10.078568 751.841188
0.142042 0.214656 0.966306 -0.606659 0.790256 -0.086372 -0.782169 -0.573950 0.242472 -22.270599 15.877155 750.738649
0.151465 0.212782 0.965289 -0.608149 0.789912 -0.078697 -0.779239 -0.575120 0.249047 -18.522686 21.491387 749.609193
0.161055 0.210812 0.964168 -0.609104 0.789909 -0.070966 -0.776565 -0.575849 0.255625 -14.836710 26.897684 748.458558
0.170820 0.208760 0.962933 -0.609493 0.790268 -0.063206 -0.774170 -0.576104 0.262231 -11.242706 32.071981 747.293087
0.180765 0.206641 0.961573 -0.609286 0.791009 -0.055448 -0.772072 -0.575850 0.268890 -7.771925 36.989669 746.119676
0.190900 0.204470 0.960078 -0.608453 0.792154 -0.047723 -0.770287 -0.575052 0.275632 -4.456773 41.625512 744.945709
0.201233 0.202263 0.958434 -0.606963 0.793719 -0.040064 -0.768831 -0.573672 0.282489 -1.330760 45.953557 743.778965
0.211775 0.200039 0.956627 -0.604786 0.795724 -0.032507 -0.767714 -0.571671 0.289496 1.571539 49.947030 742.627503
0.222537 0.197818 0.954644 -0.601890 0.798184 -0.025090 -0.766945 -0.569008 0.296690 4.214530 53.578212 741.499510
0.233527 0.195620 0.952469 -0.598245 0.801114 -0.017856 -0.766530 -0.565640 0.304111 6.561639 56.818307 740.403123
0.244759 0.193472 0.950085 -0.593818 0.804526 -0.010853 -0.766468 -0.561522 0.311802 8.575360 59.637296 739.346209
0.256240 0.191400 0.947474 -0.588579 0.808429 -0.004132 -0.766756 -0.556605 0.319806 10.217315 62.003779 738.336106
0.267983 0.189434 0.944616 -0.582497 0.812830 0.002246 -0.767387 -0.550838 0.328170 11.448334 63.884820 737.379315
0.279996 0.187611 0.941491 -0.575540 0.817732 0.008214 -0.768346 -0.544166 0.336939 12.228573 65.245797 736.481140
0.292287 0.185968 0.938075 -0.567681 0.823135 0.013697 -0.769615 -0.536531 0.346162 12.517667 66.050266 735.645268
0.304865 0.184551 0.934344 -0.558891 0.829033 0.018609 -0.771167 -0.527869 0.355887 12.274940 66.259854 734.873284
0.317734 0.183409 0.930272 -0.549144 0.835415 0.022852 -0.772973 -0.518114 0.366158 11.459686 65.834205 734.164116
0.330898 0.182598 0.925832 -0.538418 0.842267 0.026317 -0.774992 -0.507193 0.377019 10.031539 64.730987 733.513409
0.344359 0.182181 0.920992 -0.526695 0.849564 0.028879 -0.777181 -0.495026 0.388509 7.950937 62.905992 732.912826
0.358114 0.182229 0.915722 -0.513961 0.857275 0.030398 -0.779486 -0.481531 0.400660 5.179709 60.313359 732.349281
0.372397 0.182648 0.909923 -0.500435 0.865214 0.031136 -0.781591 -0.466952 0.413607 2.020639 57.252463 731.361973
0.387419 0.183272 0.903503 -0.486368 0.873189 0.031430 -0.783169 -0.451611 0.427427 -1.178432 54.092858 729.540010
0.403136 0.184064 0.896439 -0.471798 0.881153 0.031247 -0.784148 -0.435535 0.442065 -4.385282 50.891941 726.943250
0.419501 0.184991 0.888706 -0.456772 0.889059 0.030549 -0.784460 -0.418751 0.457460 -7.566534 47.705280 723.634390
0.436464 0.186024 0.880281 -0.441338 0.896863 0.029298 -0.784041 -0.401289 0.473548 -10.688391 44.585954 719.678915
0.453973 0.187138 0.871142 -0.425550 0.904518 0.027457 -0.782825 -0.383179 0.490264 -13.717286 41.583933 715.144971
0.471971 0.188311 0.861268 -0.409468 0.911982 0.024988 -0.780756 -0.364455 0.507537 -16.620476 38.745477 710.103154
0.490400 0.189523 0.850640 -0.393153 0.919213 0.021855 -0.777778 -0.345150 0.525294 -19.366569 36.112582 704.626233
0.509200 0.190758 0.839242 -0.376675 0.926170 0.018026 -0.773842 -0.325300 0.543460 -21.925987 33.722474 698.788786
0.528309 0.192004 0.827058 -0.360102 0.932816 0.013471 -0.768906 -0.304942 0.561956 -24.271367 31.607154 692.666766
0.547663 0.193247 0.814077 -0.343511 0.939113 0.008166 -0.762932 -0.284117 0.580700 -26.377909 29.793013 686.336998
0.567198 0.194479 0.800290 -0.326979 0.945029 0.002091 -0.755891 -0.262864 0.599610 -28.223669 28.300512 679.876616
0.586850 0.195694 0.785691 -0.310585 0.950534 -0.004769 -0.747759 -0.241226 0.618600 -29.789794 27.143950 673.362442
0.606552 0.196885 0.770279 -0.294411 0.955598 -0.012420 -0.738523 -0.219246 0.637586 -31.060714 26.331308 666.870328
0.626240 0.198049 0.754056 -0.278540 0.960198 -0.020865 -0.728175 -0.196968 0.656479 -32.024283 25.864192 660.474450
0.645849 0.199182 0.737025 -0.263053 0.964312 -0.030096 -0.716716 -0.174439 0.675195 -32.671873 25.737870 654.246599
0.665314 0.200285 0.719197 -0.248033 0.967921 -0.040101 -0.704157 -0.151705 0.693649 -32.998426 25.941403 648.255446
0.684572 0.201354 0.700584 -0.233559 0.971012 -0.050857 -0.690515 -0.128813 0.711755 -33.002462 26.457881 642.565822
0.703562 0.202392 0.681204 -0.219710 0.973572 -0.062336 -0.675817 -0.105810 0.729435 -32.686052 27.264755 637.238007
0.722223 0.203398 0.661077 -0.206561 0.975593 -0.074501 -0.660096 -0.082747 0.746610 -32.054744 28.334262 632.327054
0.740498 0.204373 0.640230 -0.194181 0.977073 -0.087307 -0.643395 -0.059669 0.763206 -31.117458 29.633949 627.882156
0.758331 0.205319 0.618691 -0.182636 0.978010 -0.100705 -0.625762 -0.036628 0.779154 -29.886346 31.127265 623.946071
0.775670 0.206236 0.596492 -0.171986 0.978407 -0.114634 -0.607254 -0.013670 0.794390 -28.376614 32.774247 620.554606
0.792465 0.207127 0.573671 -0.162284 0.978271 -0.129031 -0.587932 0.009155 0.808859 -26.606317 34.532254 617.736195
0.808669 0.207991 0.550267 -0.153576 0.977614 -0.143826 -0.567863 0.031799 0.822508 -24.596123 36.356762 615.511549
0.824240 0.208831 0.526325 -0.145900 0.976448 -0.158942 -0.547120 0.054215 0.835296 -22.369051 38.202195 613.893409
0.839140 0.209646 0.501889 -0.139287 0.974792 -0.174300 -0.525779 0.076356 0.847187 -19.950182 40.022774 612.886401
0.853332 0.210437 0.477012 -0.133757 0.972666 -0.189818 -0.503917 0.098174 0.858155 -17.366351 41.773380 612.486989
0.866788 0.211203 0.451743 -0.129323 0.970094 -0.205407 -0.481616 0.119624 0.868180 -14.645821 43.410402 612.683535
0.879480 0.211945 0.426139 -0.125989 0.967106 -0.220982 -0.458957 0.140660 0.877253 -11.817937 44.892557 613.456465
0.891387 0.212662 0.400255 -0.123748 0.963731 -0.236452 -0.436022 0.161239 0.885374 -8.912778 46.181676 614.778534
0.902493 0.213351 0.374150 -0.122587 0.960003 -0.251728 -0.412892 0.181317 0.892549 -5.960792 47.243417 616.615183
0.912784 0.214012 0.347885 -0.122480 0.955959 -0.266722 -0.389645 0.200851 0.898797 -2.992431 48.047916 618.924991
0.922255 0.214641 0.321519 -0.123396 0.951639 -0.281348 -0.366359 0.219800 0.904140 -0.037794 48.570340 621.660195
0.930902 0.215238 0.295116 -0.125294 0.947085 -0.295520 -0.343107 0.238124 0.908611 2.873736 48.791341 624.767282
0.938729 0.215799 0.268737 -0.128125 0.942341 -0.309156 -0.319957 0.255782 0.912252 5.713831 48.697404 628.187640
0.945741 0.216320 0.242445 -0.131833 0.937454 -0.322179 -0.296975 0.272736 0.915107 8.455553 48.281064 631.858238
0.951951 0.216801 0.216303 -0.136356 0.932473 -0.334515 -0.274219 0.288948 0.917231 11.073660 47.541006 635.712346
0.957375 0.217236 0.190372 -0.141625 0.927449 -0.346094 -0.251744 0.304381 0.918682 13.544890 46.482024 639.680259
0.962034 0.217623 0.164714 -0.147566 0.922432 -0.356852 -0.229597 0.318998 0.919525 15.848214 45.114853 643.690022
0.965953 0.217958 0.139390 -0.154100 0.917476 -0.366730 -0.207819 0.332763 0.919826 17.965054 43.455866 647.668149
0.969160 0.218239 0.114459 -0.161144 0.912635 -0.375672 -0.186446 0.345642 0.919657 19.879462 41.526638 651.540306
0.971688 0.218463 0.089979 -0.168612 0.907963 -0.383631 -0.165507 0.357598 0.919092 21.578254 39.353383 655.231969
0.973573 0.218627 0.066006 -0.176415 0.903515 -0.390562 -0.145025 0.368597 0.918207 23.051104 36.966278 658.669028
0.974856 0.218729 0.042596 -0.184464 0.899343 -0.396428 -0.125018 0.378602 0.917077 24.290580 34.398664 661.778354
0.975577 0.218765 0.019800 -0.192667 0.895502 -0.401192 -0.105498 0.387579 0.915780 25.292136 31.686148 664.488303
0.975781 0.218735 -0.002329 -0.200931 0.892044 -0.404826 -0.086472 0.395490 0.914391 26.054041 28.865619 666.729176
0.975517 0.218637 -0.023744 -0.209164 0.889019 -0.407303 -0.067943 0.402297 0.912985 26.577265 25.974168 668.433627
0.974833 0.218469 -0.044396 -0.217276 0.886475 -0.408599 -0.049910 0.407962 0.911634 26.865301 23.047951 669.537027
0.973780 0.218231 -0.064242 -0.225176 0.884458 -0.408694 -0.032370 0.412444 0.910408 26.923934 20.120987 669.977796
0.972298 0.218229 -0.083745 -0.233260 0.882776 -0.407795 -0.015065 0.416033 0.909225 27.092630 17.198538 670.110965
0.970288 0.218756 -0.103374 -0.241941 0.881207 -0.406127 0.002252 0.419071 0.907951 27.682298 14.249575 670.347282
0.967749 0.219792 -0.123100 -0.251155 0.879745 -0.403694 0.019568 0.421592 0.906575 28.655992 11.251972 670.709623
0.964677 0.221315 -0.142891 -0.260841 0.878384 -0.400504 0.036875 0.423629 0.905085 29.975041 8.184823 671.218721
0.961072 0.223302 -0.162714 -0.270935 0.877114 -0.396566 0.054165 0.425213 0.903471 31.599328 5.028881 671.893146
0.956935 0.225730 -0.182540 -0.281377 0.875928 -0.391890 0.071431 0.426376 0.901721 33.487582 1.766941 672.749305
0.952267 0.228575 -0.202337 -0.292105 0.874815 -0.386489 0.088666 0.427144 0.899826 35.597686 -1.615819 673.801437
0.947073 0.231810 -0.222073 -0.303060 0.873767 -0.380377 0.105865 0.427546 0.897773 37.887003 -5.131546 675.061617
0.941357 0.235410 -0.241719 -0.314183 0.872773 -0.373571 0.123024 0.427608 0.895554 40.312717 -8.789468 676.539758
0.935128 0.239348 -0.261245 -0.325419 0.871827 -0.366088 0.140138 0.427353 0.893158 42.832173 -12.595710 678.243620
0.928393 0.243596 -0.280619 -0.336710 0.870919 -0.357948 0.157202 0.426804 0.890576 45.403236 -16.553141 680.178809
0.921164 0.248128 -0.299815 -0.348003 0.870042 -0.349172 0.174212 0.425981 0.887801 47.984646 -20.661289 682.348793
0.913454 0.252916 -0.318803 -0.359246 0.869190 -0.339781 0.191164 0.424904 0.884824 50.536368 -24.916291 684.754903
0.905277 0.257932 -0.337556 -0.370388 0.868357 -0.329802 0.208053 0.423589 0.881639 53.019944 -29.310895 687.396349
0.896650 0.263151 -0.356048 -0.381380 0.867539 -0.319257 0.224873 0.422051 0.878240 55.398833 -33.834506 690.270232
0.887592 0.268545 -0.374252 -0.392176 0.866734 -0.308174 0.241618 0.420305 0.874622 57.638729 -38.473269 693.371563
0.878122 0.274089 -0.392145 -0.402730 0.865938 -0.296580 0.258284 0.418362 0.870783 59.707875 -43.210198 696.693289
0.868263 0.279757 -0.409703 -0.413001 0.865152 -0.284503 0.274863 0.416231 0.866719 61.577342 -48.025335 700.226321
0.858038 0.285525 -0.426903 -0.422949 0.864376 -0.271971 0.291349 0.413920 0.862430 63.221287 -52.895943 703.959572
0.847474 0.291372 -0.443724 -0.432536 0.863611 -0.259014 0.307735 0.411434 0.857917 64.617181 -57.796727 707.880007
0.836596 0.297275 -0.460146 -0.441727 0.862860 -0.245661 0.324012 0.408778 0.853180 65.746005 -62.700076 711.972688
0.825434 0.303215 -0.476150 -0.450489 0.862127 -0.231941 0.340174 0.405953 0.848224 66.592402 -67.576325 716.220845
0.814017 0.309174 -0.491719 -0.458792 0.861416 -0.217883 0.356211 0.402957 0.843053 67.144802 -72.394035 720.605941
0.802376 0.315135 -0.506836 -0.466609 0.860731 -0.203516 0.372115 0.399791 0.837674 67.395494 -77.120277 725.107749
0.790542 0.321084 -0.521487 -0.473914 0.860078 -0.188867 0.387877 0.396447 0.832094 67.340665 -81.720926 729.704437
0.778549 0.327008 -0.535656 -0.480685 0.859464 -0.173965 0.403489 0.392922 0.826323 66.980392 -86.160952 734.372659
0.766429 0.332898 -0.549332 -0.486902 0.858893 -0.158834 0.418942 0.389206 0.820370 66.318586 -90.404716 739.087644
0.754217 0.338746 -0.562502 -0.492549 0.858373 -0.143499 0.434227 0.385289 0.814248 65.362900 -94.416248 743.823288
0.741946 0.344546 -0.575156 -0.497609 0.857908 -0.127983 0.449335 0.381160 0.807970 64.124590 -98.159532 748.552251
0.729650 0.350295 -0.587285 -0.502070 0.857503 -0.112308 0.464258 0.376804 0.801550 62.618338 -101.598759 753.246046
0.717364 0.355992 -0.598881 -0.505923 0.857164 -0.096493 0.478989 0.372208 0.795004 60.862030 -104.698589 757.875117
0.705122 0.361639 -0.609934 -0.509159 0.856895 -0.080554 0.493518 0.367354 0.788347 58.876505 -107.424380 762.408921
0.692957 0.367240 -0.620439 -0.511772 0.856696 -0.064506 0.507839 0.362224 0.781597 56.685264 -109.742413 766.815988
0.680902 0.372802 -0.630390 -0.513758 0.856571 -0.048362 0.521944 0.356798 0.774771 54.314155 -111.620096 771.063978
0.668988 0.378333 -0.639781 -0.515115 0.856519 -0.032130 0.535828 0.351055 0.767886 51.791027 -113.026159 775.119712
0.657247 0.383844 -0.648606 -0.515842 0.856538 -0.015817 0.549484 0.344974 0.760960 49.145364 -113.930832 778.949197
0.645710 0.389348 -0.656862 -0.515941 0.856624 0.000573 0.562907 0.338532 0.754011 46.407904 -114.306020 782.517626
0.634403 0.394860 -0.664543 -0.515414 0.856772 0.017041 0.576091 0.331704 0.747055 43.610239 -114.125457 785.789370
0.623355 0.400399 -0.671647 -0.514266 0.856973 0.033589 0.589032 0.324467 0.740110 40.784414 -113.364875 788.727938
0.612592 0.405982 -0.678167 -0.512501 0.857217 0.050224 0.601726 0.316794 0.733190 37.962516 -112.002151 791.295932
0.602137 0.411630 -0.684100 -0.510125 0.857490 0.066954 0.614169 0.308661 0.726309 35.176268 -110.017476 793.454984
0.592012 0.417365 -0.689441 -0.507146 0.857777 0.083792 0.626358 0.300041 0.719479 32.456631 -107.393516 795.165675
0.582238 0.423211 -0.694184 -0.503571 0.858059 0.100754 0.638291 0.290909 0.712711 29.833404 -104.115590 796.387454
0.572833 0.429192 -0.698324 -0.499410 0.858312 0.117857 0.649963 0.281237 0.706012 27.334855 -100.171862 797.078538
0.563814 0.435334 -0.701853 -0.494670 0.858512 0.135124 0.661374 0.271001 0.699388 24.987352 -95.553544 797.195826
0.555195 0.441662 -0.704765 -0.489363 0.858629 0.152579 0.672520 0.260175 0.692839 22.815027 -90.255124 796.694802
0.546987 0.448203 -0.707049 -0.483499 0.858630 0.170247 0.683399 0.248734 0.686365 20.839457 -84.274614 795.529458
0.539202 0.454984 -0.708697 -0.477087 0.858478 0.188159 0.694010 0.236655 0.679960 19.079371 -77.613811 793.652225
0.531846 0.462031 -0.709695 -0.470140 0.858132 0.206343 0.704349 0.223913 0.673614 17.550382 -70.278597 791.013937
0.524927 0.469370 -0.710031 -0.462670 0.857547 0.224834 0.714415 0.210489 0.667312 16.264755 -62.279245 787.563809
0.517943 0.477103 -0.710005 -0.454295 0.856706 0.244277 0.724811 0.196030 0.660471 15.175481 -53.457198 782.962038
0.510394 0.485283 -0.709928 -0.444603 0.855569 0.265197 0.736088 0.180280 0.652436 14.210279 -43.761738 776.929726
0.502280 0.493858 -0.709802 -0.433552 0.854059 0.287431 0.748163 0.163365 0.643090 13.342606 -33.374027 769.509949
0.493603 0.502775 -0.709629 -0.421103 0.852099 0.310806 0.760940 0.145412 0.632318 12.548551 -22.480448 760.752333
0.484364 0.511983 -0.709412 -0.407214 0.849622 0.335140 0.774318 0.126553 0.620013 11.807151 -11.269763 750.714799
0.474570 0.521428 -0.709152 -0.391850 0.846570 0.360241 0.788186 0.106922 0.606078 11.100664 0.069699 739.464995
0.464225 0.531060 -0.708851 -0.374978 0.842891 0.385909 0.802426 0.086655 0.590427 10.414761 11.352802 727.081350
0.453340 0.540827 -0.708512 -0.356571 0.838550 0.411936 0.816909 0.065888 0.572991 9.738664 22.400293 713.653736
0.441924 0.550677 -0.708137 -0.336614 0.833518 0.438109 0.831501 0.044758 0.553717 9.065207 33.041399 699.283729
0.429992 0.560561 -0.707728 -0.315097 0.827782 0.464209 0.846062 0.023397 0.532571 8.390834 43.116289 684.084454
0.417559 0.570431 -0.707286 -0.292026 0.821343 0.490017 0.860445 0.001935 0.509540 7.715515 52.478363 668.180026
0.404644 0.580239 -0.706814 -0.267417 0.814213 0.515312 0.874501 -0.019503 0.484632 7.042611 60.996346 651.704606
0.391269 0.589940 -0.706314 -0.241303 0.806415 0.539877 0.888078 -0.040801 0.457879 6.378659 68.556124 634.801082
0.377458 0.599490 -0.705788 -0.213730 0.797989 0.563501 0.901025 -0.061850 0.429336 5.733106 75.062300 617.619426
0.363239 0.608849 -0.705238 -0.184761 0.788980 0.585982 0.913193 -0.082550 0.399080 5.117980 80.439432 600.314755
0.348641 0.617976 -0.704667 -0.154478 0.779445 0.607126 0.924438 -0.102814 0.367210 4.547513 84.632917 583.045150
0.333698 0.626836 -0.704075 -0.122975 0.769451 0.626756 0.934625 -0.122563 0.333849 4.037722 87.609494 565.969289
0.318444 0.635396 -0.703466 -0.090365 0.759067 0.644710 0.943625 -0.141736 0.299138 3.605951 89.357362 549.243944
0.302919 0.643625 -0.702842 -0.056776 0.748370 0.660847 0.951324 -0.160278 0.263238 3.270390 89.885883 533.021420
0.287161 0.651497 -0.702204 -0.022350 0.737437 0.675046 0.957622 -0.178153 0.226324 3.049569 89.224874 517.446985
0.271213 0.658988 -0.701555 0.012760 0.726348 0.687209 0.962435 -0.195332 0.188586 2.961844 87.423511 502.656375
0.255119 0.666077 -0.700896 0.048388 0.715180 0.697264 0.965698 -0.211800 0.150226 3.024888 84.548840 488.773427
0.238926 0.672749 -0.700231 0.084362 0.704008 0.705163 0.967366 -0.227555 0.111452 3.255181 80.683936 475.907909
0.222681 0.678991 -0.699560 0.120502 0.692905 0.710888 0.967415 -0.242600 0.072477 3.667522 75.925751 464.153604
0.206432 0.684794 -0.698887 0.156626 0.681935 0.714446 0.965844 -0.256949 0.033517 4.274571 70.382693 453.586701
0.190230 0.690153 -0.698213 0.192552 0.671158 0.715871 0.962671 -0.270622 -0.005215 5.086416 64.172000 444.264540
0.174125 0.695066 -0.697541 0.228097 0.660627 0.715222 0.957942 -0.283646 -0.043511 6.110191 57.416961 436.224738
0.158168 0.699537 -0.696873 0.263087 0.650388 0.712587 0.951718 -0.296047 -0.081169 7.349741 50.244075 429.484726
0.142411 0.703570 -0.696210 0.297352 0.640479 0.708074 0.944087 -0.307856 -0.117997 8.805332 42.780203 424.041707
0.126904 0.707176 -0.695555 0.330731 0.630931 0.701814 0.935154 -0.319105 -0.153817 10.473441 35.149799 419.873027
0.111701 0.710367 -0.694911 0.363077 0.621768 0.693959 0.925039 -0.329822 -0.188466 12.346588 27.472292 416.936949
0.096851 0.713159 -0.694279 0.394254 0.613010 0.684678 0.913884 -0.340034 -0.221795 14.413253 19.859694 415.173806
0.082406 0.715571 -0.693662 0.424139 0.604668 0.674153 0.901840 -0.349763 -0.253673 16.657855 12.414490 414.507483
0.068416 0.717624 -0.693062 0.452627 0.596752 0.662583 0.889072 -0.359029 -0.283989 19.060800 5.227878 414.847190
0.054929 0.719342 -0.692480 0.479625 0.589268 0.650171 0.875752 -0.367845 -0.312647 21.598606 -1.621600 416.089469
0.041995 0.720751 -0.691921 0.505059 0.582218 0.637132 0.862063 -0.376217 -0.339571 24.244096 -8.069002 418.120360
0.029662 0.721878 -0.691384 0.528865 0.575605 0.623683 0.848187 -0.384149 -0.364703 26.966655 -14.063474 420.817685
0.017976 0.722752 -0.690874 0.550998 0.569430 0.610041 0.834313 -0.391636 -0.387999 29.732563 -19.568280 424.053368
0.006982 0.723403 -0.690391 0.571422 0.563695 0.596427 0.820627 -0.398669 -0.409432 32.505383 -24.560374 427.695743
-0.003274 0.723860 -0.689939 0.590113 0.558402 0.583056 0.807314 -0.405233 -0.428988 35.246413 -29.029525 431.611790
-0.012749 0.724156 -0.689519 0.607058 0.553555 0.570138 0.794555 -0.411309 -0.446662 37.915190 -32.977033 435.669265
-0.021400 0.724318 -0.689134 0.622250 0.549162 0.557877 0.782526 -0.416875 -0.462459 40.470051 -36.414055 439.738690
-0.029184 0.724377 -0.688786 0.635685 0.545230 0.546470 0.771397 -0.421903 -0.476388 42.868730 -39.359608 443.695180
-0.036060 0.724362 -0.688477 0.647365 0.541770 0.536101 0.761327 -0.426363 -0.488462 45.069004 -41.838283 447.420118
-0.041988 0.724296 -0.688209 0.657288 0.538795 0.526946 0.752469 -0.430226 -0.498694 47.029367 -43.877739 450.802682
-0.046927 0.724206 -0.687985 0.665453 0.536320 0.519166 0.744964 -0.433459 -0.507093 48.709735 -45.506048 453.741262
-0.050837 0.724111 -0.687807 0.671849 0.534362 0.512909 0.738941 -0.436028 -0.513659 50.072168 -46.748943 456.144806
-0.053679 0.724029 -0.687677 0.676461 0.532938 0.508307 0.734519 -0.437902 -0.518385 51.081609 -47.627063 457.934169
-0.055412 0.723974 -0.687598 0.679261 0.532069 0.505477 0.731802 -0.439049 -0.521250 51.706628 -48.153270 459.043522
-0.055999 0.723955 -0.687571 0.680206 0.531775 0.504515 0.730879 -0.439437 -0.522217 51.920157 -48.330128 459.421915
