1.000000 0.000000 0.000000 0.000000 1.000000 0.000000 0.000000 0.000000 1.000000 0.000000 -0.000000 708.000000
1.000000 0.000001 0.000610 -0.000001 1.000000 -0.000268 -0.000610 0.000268 1.000000 0.223364 0.056571 707.886651
0.999997 0.000008 0.002412 -0.000005 0.999999 -0.001067 -0.002412 0.001067 0.999997 0.881107 0.217767 707.549257
0.999986 0.000026 0.005369 -0.000013 0.999997 -0.002385 -0.005369 0.002385 0.999983 1.953587 0.471350 706.992404
0.999955 0.000062 0.009441 -0.000022 0.999991 -0.004213 -0.009441 0.004212 0.999947 3.419800 0.805778 706.221443
0.999894 0.000121 0.014588 -0.000026 0.999979 -0.006540 -0.014588 0.006539 0.999872 5.257550 1.210179 705.242460
0.999784 0.000210 0.020771 -0.000015 0.999956 -0.009357 -0.020772 0.009354 0.999740 7.443610 1.674318 704.062245
0.999609 0.000333 0.027950 0.000020 0.999920 -0.012652 -0.027952 0.012647 0.999529 9.953886 2.188566 702.688270
0.999349 0.000497 0.036086 0.000095 0.999865 -0.016413 -0.036089 0.016406 0.999214 12.763584 2.743855 701.128673
0.998981 0.000708 0.045137 0.000224 0.999787 -0.020630 -0.045142 0.020619 0.998768 15.847366 3.331641 699.392240
0.998482 0.000970 0.055063 0.000423 0.999680 -0.025289 -0.055070 0.025274 0.998163 19.179508 3.943850 697.488385
0.997830 0.001291 0.065823 0.000711 0.999538 -0.030377 -0.065832 0.030358 0.997369 22.734057 4.572830 695.427128
0.997001 0.001674 0.077374 0.001107 0.999355 -0.035880 -0.077384 0.035858 0.996356 26.484970 5.211298 693.219072
0.995969 0.002126 0.089674 0.001629 0.999125 -0.041782 -0.089685 0.041760 0.995094 30.406264 5.852277 690.875363
0.994711 0.002652 0.102681 0.002299 0.998841 -0.048067 -0.102689 0.048049 0.993552 34.472144 6.489037 688.407653
0.993203 0.003257 0.116349 0.003135 0.998497 -0.054717 -0.116352 0.054710 0.991700 38.657134 7.115035 685.828054
0.991423 0.003946 0.130634 0.004159 0.998085 -0.061713 -0.130628 0.061727 0.989508 42.936192 7.723847 683.149072
0.989348 0.004723 0.145492 0.005390 0.997600 -0.069035 -0.145469 0.069084 0.986948 47.284818 8.309109 680.383549
0.986959 0.005593 0.160877 0.006846 0.997034 -0.076662 -0.160828 0.076763 0.983993 51.679149 8.864448 677.544579
0.984235 0.006560 0.176742 0.008546 0.996381 -0.084571 -0.176657 0.084748 0.980617 56.096049 9.383427 674.645432
0.981161 0.007627 0.193040 0.010506 0.995635 -0.092738 -0.192905 0.093019 0.976798 60.513180 9.859483 671.699454
0.977721 0.008799 0.209724 0.012742 0.994791 -0.101139 -0.209522 0.101558 0.972516 64.909061 10.285872 668.719974
0.973901 0.010077 0.226747 0.015268 0.993842 -0.109747 -0.226457 0.110345 0.967751 69.263122 10.655622 665.720194
0.969692 0.011465 0.244061 0.018097 0.992785 -0.118537 -0.243659 0.119361 0.962488 73.555730 10.961488 662.713078
0.965085 0.012965 0.261617 0.021237 0.991614 -0.127480 -0.261076 0.128585 0.956716 77.768219 11.195911 659.711243
0.960073 0.014578 0.279369 0.024697 0.990325 -0.136549 -0.278656 0.137996 0.950425 81.882891 11.350997 656.726834
0.954655 0.016306 0.297267 0.028483 0.988917 -0.145715 -0.296348 0.147574 0.943610 85.883016 11.418483 653.771413
0.948830 0.018150 0.315264 0.032597 0.987384 -0.154949 -0.314099 0.157297 0.936269 89.752811 11.389733 650.855842
0.942601 0.020110 0.333314 0.037042 0.985727 -0.164224 -0.331860 0.167144 0.928403 93.477413 11.255727 647.990165
0.935974 0.022186 0.351371 0.041814 0.983944 -0.173511 -0.349578 0.177094 0.920018 97.042834 11.007068 645.183501
0.928956 0.024378 0.369387 0.046910 0.982034 -0.182781 -0.367206 0.187124 0.911123 100.435913 10.633987 642.443938
0.921560 0.026685 0.387318 0.052322 0.979997 -0.192009 -0.384695 0.197213 0.901730 103.644253 10.126374 639.778436
0.913799 0.029106 0.405121 0.058040 0.977836 -0.201168 -0.401997 0.207341 0.891856 106.656153 9.473793 637.192737
0.905692 0.031640 0.422754 0.064051 0.975551 -0.210234 -0.419069 0.217485 0.881522 109.460528 8.665528 634.691284
0.897258 0.034285 0.440173 0.070342 0.973145 -0.219183 -0.435867 0.227626 0.870750 112.046832 7.690620 632.277150
0.888520 0.037039 0.457341 0.076892 0.970622 -0.227994 -0.452350 0.237743 0.859569 114.404966 6.537915 629.951976
0.879503 0.039900 0.474218 0.083683 0.967985 -0.236647 -0.468478 0.247816 0.848007 116.525193 5.196119 627.715927
0.870235 0.042867 0.490768 0.090692 0.965240 -0.245127 -0.484217 0.257826 0.836098 118.398042 3.653857 625.567649
0.860746 0.045938 0.506957 0.097893 0.962391 -0.253417 -0.499532 0.267755 0.823878 120.014218 1.899729 623.504245
0.851070 0.049110 0.522750 0.105260 0.959445 -0.261506 -0.514393 0.277584 0.811386 121.364511 -0.077620 621.521259
0.841240 0.052383 0.538118 0.112763 0.956408 -0.269385 -0.528772 0.287297 0.798662 122.439704 -2.289438 619.612674
0.831293 0.055756 0.553031 0.120372 0.953287 -0.277047 -0.542644 0.296877 0.785749 123.230490 -4.746795 617.770911
0.821267 0.059227 0.567462 0.128054 0.950088 -0.284490 -0.555988 0.306308 0.772692 123.727385 -7.460519 615.986854
0.811202 0.062796 0.581385 0.135775 0.946820 -0.291713 -0.568785 0.315576 0.759536 123.920652 -10.441125 614.249865
0.801139 0.066465 0.594777 0.143499 0.943490 -0.298721 -0.581020 0.324667 0.746329 123.800224 -13.698747 612.547819
0.791119 0.070234 0.607616 0.151191 0.940106 -0.305519 -0.592681 0.333568 0.733117 123.355642 -17.243072 610.867145
0.781187 0.074107 0.619883 0.158813 0.936675 -0.312118 -0.603759 0.342268 0.719950 122.575986 -21.083270 609.192864
0.771386 0.078086 0.631559 0.166325 0.933206 -0.318532 -0.614248 0.350755 0.706874 121.449818 -25.227928 607.508642
0.761758 0.082177 0.642628 0.173691 0.929705 -0.324777 -0.624144 0.359020 0.693937 119.965135 -29.684985 605.796838
0.752350 0.086385 0.653075 0.180869 0.926180 -0.330874 -0.633447 0.367054 0.681187 118.109315 -34.461659 604.038562
0.742898 0.091629 0.663103 0.187120 0.922674 -0.337134 -0.642719 0.374536 0.668307 115.916369 -39.706152 602.186750
0.733089 0.098709 0.672932 0.191813 0.919244 -0.343799 -0.652525 0.381112 0.654954 113.435973 -45.493782 600.227142
0.722883 0.107456 0.682563 0.195068 0.915914 -0.350784 -0.662864 0.386722 0.641138 110.676355 -51.724356 598.193834
0.712234 0.117704 0.692003 0.197005 0.912700 -0.358006 -0.673730 0.391312 0.626868 107.644127 -58.301625 596.126792
0.701089 0.129283 0.701256 0.197735 0.909613 -0.365383 -0.685109 0.394829 0.612156 104.345703 -65.133928 594.071247
0.689396 0.142028 0.710325 0.197368 0.906663 -0.372838 -0.696978 0.397228 0.597019 100.788513 -72.134691 592.076965
0.677102 0.155771 0.719214 0.196007 0.903858 -0.380292 -0.709306 0.398467 0.581471 96.981994 -79.222829 590.197380
0.664156 0.170348 0.727928 0.193750 0.901205 -0.387674 -0.722051 0.398512 0.565535 92.938377 -86.323037 588.488642
0.650513 0.185591 0.736470 0.190691 0.898712 -0.394911 -0.735166 0.397333 0.549233 88.673257 -93.365999 587.008567
0.636136 0.201338 0.744845 0.186914 0.896387 -0.401936 -0.748594 0.394908 0.532591 84.205949 -100.288508 585.815534
0.620995 0.217425 0.753055 0.182501 0.894242 -0.408686 -0.762272 0.391225 0.515639 79.559643 -107.033517 584.967341
0.605068 0.233692 0.761105 0.177524 0.892288 -0.415100 -0.776130 0.386278 0.498409 74.761345 -113.550099 584.520045
0.588347 0.249980 0.768998 0.172050 0.890537 -0.421121 -0.790093 0.380072 0.480936 69.841646 -119.793343 584.526821
0.570834 0.266137 0.776737 0.166137 0.889003 -0.426699 -0.804082 0.372619 0.463258 64.834293 -125.724178 585.036853
0.552542 0.282013 0.784325 0.159838 0.887701 -0.431785 -0.818016 0.363944 0.445415 59.775617 -131.309128 586.094293
0.533497 0.297466 0.791767 0.153197 0.886646 -0.436337 -0.831812 0.354081 0.427452 54.703804 -136.520019 587.737312
0.513740 0.312361 0.799063 0.146253 0.885851 -0.440317 -0.845388 0.343074 0.409413 49.658066 -141.333631 589.997258
0.493319 0.326570 0.806219 0.139037 0.885329 -0.443690 -0.858665 0.330975 0.391344 44.677702 -145.731321 592.897962
0.472298 0.339975 0.813235 0.131576 0.885092 -0.446430 -0.871563 0.317850 0.373295 39.801123 -149.698630 596.455182
0.450750 0.352470 0.820115 0.123889 0.885149 -0.448512 -0.884011 0.303770 0.355314 35.064828 -153.224881 600.676212
0.428759 0.363959 0.826861 0.115993 0.885505 -0.449919 -0.895942 0.288817 0.337451 30.502399 -156.302799 605.559670
0.406415 0.374358 0.833476 0.107900 0.886163 -0.450636 -0.907295 0.273077 0.319757 26.143536 -158.928149 611.095449
0.383819 0.383597 0.839962 0.099620 0.887122 -0.450656 -0.918019 0.256647 0.302281 22.013159 -161.099433 617.264833
0.361077 0.391619 0.846320 0.091161 0.888377 -0.449973 -0.928069 0.239627 0.285072 18.130623 -162.817636 624.040777
0.338299 0.398380 0.852553 0.082530 0.889919 -0.448589 -0.937413 0.222119 0.268181 14.509061 -164.086042 631.388320
0.315598 0.403852 0.858662 0.073735 0.891736 -0.446509 -0.946024 0.204231 0.251652 11.154890 -164.910126 639.265132
0.293088 0.408020 0.864650 0.064785 0.893810 -0.443741 -0.953888 0.186072 0.235532 8.067493 -165.297517 647.622149
0.270885 0.410881 0.870516 0.055691 0.896123 -0.440297 -0.960999 0.167750 0.219863 5.239090 -165.258039 656.404291
0.249099 0.412446 0.876264 0.046468 0.898652 -0.436194 -0.967363 0.149374 0.204688 2.654822 -164.803815 665.551228
0.227840 0.412740 0.881893 0.037134 0.901372 -0.431450 -0.972990 0.131050 0.190042 0.293020 -163.949421 674.998173
0.207213 0.411797 0.887404 0.027711 0.904257 -0.426088 -0.977903 0.112882 0.175962 -1.874312 -162.712090 684.676671
0.187314 0.409662 0.892799 0.018228 0.907281 -0.420131 -0.982131 0.094971 0.162479 -3.880838 -161.111925 694.515376
0.168235 0.406389 0.898079 0.008718 0.910415 -0.413604 -0.985708 0.077412 0.149621 -5.765050 -159.172119 704.440778
0.150058 0.402040 0.903242 -0.000781 0.913635 -0.406536 -0.988677 0.060298 0.137412 -7.569288 -156.919157 714.377888
0.132854 0.396683 0.908291 -0.010226 0.916914 -0.398954 -0.991083 0.043715 0.125873 -9.338629 -154.382971 724.250849
0.116689 0.390391 0.913224 -0.019566 0.920231 -0.390887 -0.992976 0.027744 0.115019 -11.119679 -151.597038 733.983487
0.101613 0.383241 0.918042 -0.028747 0.923564 -0.382364 -0.994409 0.012463 0.104863 -12.959302 -148.598399 743.499779
0.087669 0.375308 0.922745 -0.037709 0.926898 -0.373415 -0.995436 -0.002058 0.095413 -14.903313 -145.427580 752.724255
0.074889 0.366672 0.927331 -0.046388 0.930217 -0.364067 -0.996112 -0.015752 0.086672 -16.995163 -142.128409 761.582339
0.063292 0.357409 0.931801 -0.054715 0.933511 -0.354348 -0.996494 -0.028556 0.078640 -19.274654 -138.747713 770.000624
0.052889 0.347592 0.936153 -0.062620 0.936775 -0.344285 -0.996635 -0.040413 0.071311 -21.776705 -135.334897 777.907104
0.043677 0.337291 0.940387 -0.070027 0.940003 -0.333901 -0.996588 -0.051268 0.064676 -24.530199 -131.941388 785.231364
0.035646 0.326571 0.944500 -0.076857 0.943198 -0.323219 -0.996405 -0.061070 0.058721 -27.556929 -128.619968 791.904756
0.028775 0.315490 0.948493 -0.083032 0.946361 -0.312262 -0.996131 -0.069770 0.053427 -30.870666 -125.423974 797.860548
0.023032 0.304100 0.952362 -0.088469 0.949497 -0.301045 -0.995813 -0.077321 0.048772 -34.476371 -122.406387 803.034092
0.018378 0.292445 0.956106 -0.093085 0.952614 -0.289588 -0.995489 -0.083677 0.044729 -38.369549 -119.618809 807.362991
0.014762 0.280561 0.959723 -0.096797 0.955720 -0.277902 -0.995195 -0.088795 0.041266 -42.535781 -117.110344 810.787302
0.012128 0.268475 0.963210 -0.099518 0.958822 -0.265999 -0.994962 -0.092631 0.038346 -46.950422 -114.926377 813.249771
0.010407 0.256208 0.966566 -0.101165 0.961928 -0.253890 -0.994815 -0.095140 0.035930 -51.578497 -113.107279 814.696119
0.009526 0.243771 0.969786 -0.101652 0.965042 -0.241580 -0.994774 -0.096279 0.033972 -56.374787 -111.687041 815.075388
0.009373 0.231286 0.972841 -0.100999 0.968127 -0.229193 -0.994842 -0.096107 0.032434 -61.364884 -110.617886 814.719088
0.009806 0.218869 0.975705 -0.099303 0.971142 -0.216847 -0.995009 -0.094764 0.031257 -66.562554 -109.828050 813.996305
0.010696 0.206510 0.978386 -0.096597 0.974079 -0.204544 -0.995266 -0.092321 0.030367 -71.899346 -109.307111 812.917936
0.011922 0.194198 0.980890 -0.092915 0.976931 -0.192285 -0.995603 -0.088847 0.029691 -77.309837 -109.041247 811.498325
0.013371 0.181922 0.983222 -0.088298 0.979683 -0.180066 -0.996004 -0.084409 0.029162 -82.731999 -109.013610 809.754962
0.014932 0.169670 0.985388 -0.082787 0.982324 -0.167888 -0.996455 -0.079071 0.028715 -88.107499 -109.204711 807.708160
0.016504 0.157432 0.987392 -0.076430 0.984836 -0.155747 -0.996938 -0.072895 0.028286 -93.381944 -109.592775 805.380700
0.017990 0.145203 0.989238 -0.069274 0.987202 -0.143644 -0.997435 -0.065944 0.027818 -98.505070 -110.154098 802.797478
0.019297 0.132979 0.990931 -0.061371 0.989404 -0.131579 -0.997928 -0.058276 0.027254 -103.430880 -110.863379 799.985130
0.020340 0.120761 0.992473 -0.052777 0.991424 -0.119552 -0.998399 -0.049948 0.026539 -108.117736 -111.694027 796.971643
0.021038 0.108558 0.993868 -0.043549 0.993244 -0.107568 -0.998830 -0.041019 0.025623 -112.528409 -112.618460 793.785974
0.021316 0.096379 0.995116 -0.033746 0.994845 -0.095629 -0.999203 -0.031543 0.024459 -116.630080 -113.608377 790.457658
0.021107 0.084242 0.996222 -0.023432 0.996212 -0.083745 -0.999503 -0.021575 0.023001 -120.394314 -114.635008 787.016414
0.020345 0.072169 0.997185 -0.012669 0.997330 -0.071921 -0.999713 -0.011170 0.021205 -123.796986 -115.669351 783.491773
0.018976 0.060188 0.998007 -0.001525 0.998187 -0.060170 -0.999819 -0.000380 0.019034 -126.818183 -116.682383 779.912700
0.016949 0.048331 0.998688 0.009933 0.998774 -0.048504 -0.999807 0.010743 0.016449 -129.442070 -117.645255 776.307238
0.014221 0.036635 0.999228 0.021636 0.999083 -0.036938 -0.999665 0.022145 0.013416 -131.656728 -118.529469 772.702172
0.010756 0.025140 0.999626 0.033513 0.999113 -0.025487 -0.999380 0.033775 0.009904 -133.453979 -119.307036 769.122706
0.006525 0.013889 0.999882 0.045494 0.998864 -0.014172 -0.998943 0.045581 0.005886 -134.829176 -119.950623 765.592177
0.001506 0.002930 0.999995 0.057508 0.998341 -0.003011 -0.998344 0.057512 0.001335 -135.780991 -120.433670 762.131782
-0.004315 -0.007691 0.999961 0.069483 0.997551 0.007973 -0.997574 0.069515 -0.003770 -136.311183 -120.730512 758.760349
-0.010945 -0.017925 0.999779 0.081349 0.996509 0.018756 -0.996626 0.081537 -0.009448 -136.424366 -120.816471 755.494124
-0.018383 -0.027722 0.999447 0.093038 0.995231 0.029316 -0.995493 0.093525 -0.015716 -136.127766 -120.667943 752.346609
-0.026621 -0.037036 0.998959 0.104480 0.993737 0.039627 -0.994171 0.105427 -0.022585 -135.430992 -120.262477 749.328413
-0.035646 -0.045821 0.998313 0.115610 0.992052 0.049662 -0.992655 0.117185 -0.030065 -134.345799 -119.578838 746.447157
-0.045436 -0.054036 0.997505 0.126362 0.990204 0.059396 -0.990943 0.128746 -0.038163 -132.885868 -118.597075 743.707394
-0.055965 -0.061641 0.996528 0.136675 0.988224 0.068803 -0.989034 0.140051 -0.046881 -131.066598 -117.298571 741.110580
-0.067201 -0.068603 0.995378 0.146488 0.986144 0.077857 -0.986927 0.151043 -0.056220 -128.904910 -115.666109 738.655061
-0.079105 -0.074895 0.994049 0.155745 0.984000 0.086532 -0.984625 0.161663 -0.066175 -126.419065 -113.683923 736.336107
-0.091639 -0.080496 0.992533 0.164390 0.981829 0.094806 -0.982130 0.171850 -0.076741 -123.628510 -111.337763 734.145962
-0.104757 -0.085391 0.990825 0.172371 0.979669 0.102654 -0.979446 0.181543 -0.087908 -120.553727 -108.614970 732.073937
-0.118414 -0.089575 0.988916 0.179638 0.977557 0.110056 -0.976580 0.190679 -0.099665 -117.216117 -105.504552 730.106517
-0.132561 -0.093050 0.986798 0.186145 0.975532 0.116993 -0.973539 0.199197 -0.111997 -113.637896 -101.997279 728.227507
-0.147150 -0.095827 0.984461 0.191846 0.973630 0.123449 -0.970331 0.207031 -0.124886 -109.842008 -98.085799 726.418195
-0.162134 -0.097927 0.981898 0.196698 0.971886 0.129408 -0.966966 0.214119 -0.138314 -105.852058 -93.764762 724.657548
-0.177465 -0.099381 0.979096 0.200658 0.970334 0.134862 -0.963453 0.220397 -0.152259 -101.692270 -89.030974 722.922425
-0.193098 -0.100227 0.976047 0.203686 0.969004 0.139801 -0.959805 0.225802 -0.166698 -97.387452 -83.883575 721.187824
-0.208991 -0.100517 0.972738 0.205740 0.967921 0.144222 -0.956030 0.230272 -0.181607 -92.962977 -78.324238 719.427149
-0.225105 -0.100309 0.969157 0.206780 0.967110 0.148125 -0.952140 0.233746 -0.196959 -88.444789 -72.357398 717.612513
-0.241403 -0.099673 0.965293 0.206766 0.966587 0.151515 -0.948142 0.236165 -0.212728 -83.859412 -65.990517 715.715062
-0.257853 -0.098689 0.961131 0.205653 0.966368 0.154399 -0.944044 0.237472 -0.228886 -79.233968 -59.234364 713.705347
-0.274429 -0.097446 0.956657 0.203400 0.966460 0.156792 -0.939850 0.237612 -0.245404 -74.596214 -52.103339 711.553724
-0.291105 -0.096044 0.951858 0.199959 0.966864 0.158711 -0.935561 0.236535 -0.262254 -69.974573 -44.615816 709.230802
-0.307862 -0.094591 0.946717 0.195284 0.967578 0.160180 -0.931174 0.234192 -0.279408 -65.398164 -36.794522 706.707948
-0.324682 -0.093207 0.941219 0.189321 0.968589 0.161225 -0.926682 0.230540 -0.296837 -60.896830 -28.666925 703.957835
-0.341551 -0.092019 0.935348 0.182018 0.969878 0.161882 -0.922070 0.225541 -0.314514 -56.501137 -20.265656 700.955061
-0.358455 -0.091165 0.929085 0.173317 0.971420 0.162188 -0.917317 0.219163 -0.332410 -52.242358 -11.628936 697.676833
-0.375381 -0.090794 0.922413 0.163155 0.973178 0.162187 -0.912398 0.211379 -0.350499 -48.152391 -2.801003 694.103721
-0.392314 -0.091060 0.915313 0.151469 0.975108 0.161930 -0.907274 0.202169 -0.368756 -44.263629 6.167461 690.220489
-0.409235 -0.092132 0.907766 0.138188 0.977155 0.161472 -0.901904 0.191522 -0.387154 -40.608730 15.218925 686.016993
-0.426288 -0.093698 0.899722 0.123723 0.979235 0.160598 -0.896087 0.179778 -0.405843 -37.130711 23.976850 681.447965
-0.443609 -0.095333 0.891135 0.108583 0.981284 0.159030 -0.889618 0.167310 -0.424955 -33.754819 32.094426 676.505606
-0.461164 -0.097040 0.881993 0.092846 0.983268 0.156728 -0.882444 0.154166 -0.444438 -30.486032 39.554687 671.243363
-0.478915 -0.098819 0.872282 0.076591 0.985151 0.153658 -0.874514 0.140398 -0.464235 -27.327888 46.342925 665.718118
-0.496826 -0.100674 0.861991 0.059903 0.986902 0.149789 -0.865780 0.126055 -0.484288 -24.282414 52.447236 659.989501
-0.514859 -0.102603 0.851112 0.042868 0.988488 0.145097 -0.856202 0.111190 -0.504534 -21.350078 57.858996 654.119165
-0.532978 -0.104609 0.839638 0.025574 0.989883 0.139562 -0.845743 0.095856 -0.524911 -18.529772 62.573263 648.170049
-0.551144 -0.106692 0.827561 0.008109 0.991060 0.133171 -0.834371 0.080107 -0.545352 -15.818818 66.589092 642.205624
-0.569320 -0.108849 0.814878 -0.009436 0.991996 0.125915 -0.822062 0.063997 -0.565790 -13.213006 69.909760 636.289142
-0.587468 -0.111081 0.801588 -0.026970 0.992672 0.117794 -0.808798 0.047582 -0.586158 -10.706659 72.542905 630.482874
-0.605550 -0.113383 0.787688 -0.044401 0.993070 0.108813 -0.794567 0.030917 -0.606388 -8.292734 74.500568 624.847375
-0.623530 -0.115754 0.773182 -0.061639 0.993178 0.098982 -0.779365 0.014060 -0.626412 -5.962941 75.799147 619.440765
-0.641371 -0.118189 0.758073 -0.078594 0.992987 0.088319 -0.763194 -0.002935 -0.646162 -3.707896 76.459263 614.318046
-0.659037 -0.120681 0.742365 -0.095177 0.992490 0.076848 -0.746064 -0.020011 -0.665573 -1.517296 76.505543 609.530459
-0.676492 -0.123224 0.726068 -0.111304 0.991685 0.064599 -0.727991 -0.037113 -0.684582 0.619883 75.966325 605.124899
-0.693701 -0.125811 0.709190 -0.126890 0.990573 0.051610 -0.708998 -0.054188 -0.703126 2.715167 74.873296 601.143391
-0.710631 -0.128432 0.691744 -0.141857 0.989160 0.037921 -0.689116 -0.071181 -0.721147 4.780353 73.261071 597.622631
-0.727249 -0.131077 0.673742 -0.156129 0.987455 0.023582 -0.668381 -0.088041 -0.738591 6.827261 71.166725 594.593607
-0.743524 -0.133736 0.655200 -0.169636 0.985469 0.008645 -0.646836 -0.104718 -0.755406 8.867479 68.629288 592.081302
-0.759425 -0.136395 0.636137 -0.182311 0.983217 -0.006831 -0.624529 -0.121162 -0.771546 10.912108 65.689212 590.104477
-0.774925 -0.139041 0.616570 -0.194094 0.980718 -0.022785 -0.601514 -0.137329 -0.786970 12.971497 62.387835 588.675539
-0.789996 -0.141660 0.596523 -0.204931 0.977993 -0.039148 -0.577850 -0.153173 -0.801641 15.054994 58.766840 587.800502
-0.804612 -0.144236 0.576017 -0.214776 0.975065 -0.055852 -0.553598 -0.168654 -0.815528 17.170696 54.867728 587.479021
-0.818751 -0.146754 0.555077 -0.223586 0.971960 -0.072823 -0.528825 -0.183732 -0.828605 19.325218 50.731320 587.704511
-0.832390 -0.149196 0.533729 -0.231329 0.968705 -0.089986 -0.503601 -0.198371 -0.840854 21.523475 46.397290 588.464342
-0.845511 -0.151545 0.512002 -0.237976 0.965330 -0.107264 -0.477995 -0.212537 -0.852261 23.768488 41.903752 589.740094
-0.858094 -0.153783 0.489924 -0.243508 0.961865 -0.124579 -0.452082 -0.226201 -0.862818 26.061214 37.286892 591.507879
-0.870125 -0.155891 0.467525 -0.247914 0.958341 -0.141851 -0.425935 -0.239334 -0.872524 28.400400 32.580670 593.738713
-0.881591 -0.157851 0.444837 -0.251186 0.954790 -0.159001 -0.399628 -0.251911 -0.881384 30.782477 27.816581 596.398924
-0.892480 -0.159642 0.421893 -0.253328 0.951245 -0.175950 -0.373235 -0.263909 -0.889409 33.201474 23.023494 599.450599
-0.902783 -0.161246 0.398727 -0.254348 0.947736 -0.192621 -0.346828 -0.275310 -0.896613 35.648975 18.227562 602.852050
-0.912493 -0.162643 0.375371 -0.254262 0.944297 -0.208938 -0.320480 -0.286097 -0.903018 38.114118 13.452197 606.558293
-0.921606 -0.163813 0.351862 -0.253089 0.940957 -0.224825 -0.294258 -0.296253 -0.908651 40.583619 8.718128 610.521527
-0.930120 -0.164739 0.328235 -0.250860 0.937746 -0.240212 -0.268229 -0.305767 -0.913543 43.041842 4.043518 614.691617
-0.938033 -0.165401 0.304526 -0.247605 0.934694 -0.255028 -0.242456 -0.314627 -0.917728 45.470903 -0.555846 619.016557
-0.945349 -0.165781 0.280770 -0.243365 0.931826 -0.269208 -0.217000 -0.322825 -0.921246 47.850817 -5.066308 623.442915
-0.952071 -0.165861 0.257005 -0.238181 0.929170 -0.282688 -0.191915 -0.330353 -0.924141 50.159674 -9.476046 627.916258
-0.958204 -0.165623 0.233266 -0.232101 0.926748 -0.295409 -0.167253 -0.337204 -0.926456 52.373851 -13.774723 632.381546
-0.963758 -0.165052 0.209591 -0.225175 0.924583 -0.307316 -0.143061 -0.343373 -0.928240 54.468267 -17.953105 636.783498
-0.968742 -0.164131 0.186013 -0.217458 0.922693 -0.318355 -0.119381 -0.348854 -0.929542 56.416647 -22.002637 641.066928
-0.973166 -0.162844 0.162571 -0.209005 0.921096 -0.328479 -0.096252 -0.353643 -0.930415 58.191837 -25.915007 645.177043
-0.977045 -0.161179 0.139297 -0.199875 0.919808 -0.337644 -0.073705 -0.357736 -0.930910 59.766129 -29.681680 649.059726
-0.980394 -0.159121 0.116228 -0.190127 0.918840 -0.345809 -0.051769 -0.361127 -0.931078 61.111610 -33.293433 652.661779
-0.983227 -0.156658 0.093397 -0.179824 0.918204 -0.352938 -0.030466 -0.363813 -0.930974 62.200542 -36.739879 655.931153
-0.985563 -0.153779 0.070836 -0.169025 0.917906 -0.358996 -0.009815 -0.365787 -0.930647 63.005740 -40.008993 658.817158
-0.987420 -0.150472 0.048580 -0.157792 0.917953 -0.363955 0.010171 -0.367042 -0.930149 63.500975 -43.086653 661.270664
-0.988818 -0.146728 0.026658 -0.146187 0.918347 -0.367787 0.029483 -0.367572 -0.929528 63.661388 -45.956185 663.244300
-0.989776 -0.142538 0.005102 -0.134268 0.919089 -0.370469 0.048117 -0.367366 -0.928831 63.463908 -48.597931 664.692650
-0.990317 -0.137893 -0.016059 -0.122094 0.920176 -0.371979 0.066071 -0.366416 -0.928102 62.887676 -50.988833 665.572466
-0.990461 -0.132786 -0.036798 -0.109723 0.921604 -0.372299 0.083349 -0.364710 -0.927383 61.914480 -53.102046 665.842902
-0.990225 -0.127061 -0.057533 -0.096893 0.923349 -0.371536 0.100331 -0.362330 -0.926634 60.481925 -55.115279 665.655250
-0.989581 -0.120579 -0.078672 -0.083353 0.925360 -0.369812 0.117392 -0.359401 -0.925770 58.545805 -57.190561 665.212105
-0.988491 -0.113360 -0.100170 -0.069174 0.927596 -0.367125 0.134535 -0.355971 -0.924762 56.121068 -59.273548 664.551017
-0.986917 -0.105430 -0.121979 -0.054426 0.930010 -0.363482 0.151764 -0.352087 -0.923581 53.227513 -61.309411 663.708810
-0.984823 -0.096815 -0.144052 -0.039182 0.932558 -0.358887 0.169082 -0.347795 -0.922198 49.889750 -63.243732 662.721522
-0.982175 -0.087546 -0.166339 -0.023516 0.935196 -0.353350 0.186494 -0.343140 -0.920584 46.137063 -65.023373 661.624320
-0.978942 -0.077654 -0.188792 -0.007499 0.937878 -0.346885 0.204001 -0.338165 -0.918710 42.003204 -66.597292 660.451403
-0.975096 -0.067177 -0.211363 0.008795 0.940562 -0.339508 0.221607 -0.332912 -0.916548 37.526103 -67.917315 659.235880
-0.970613 -0.056152 -0.234001 0.025290 0.943208 -0.331238 0.239312 -0.327422 -0.914070 32.747498 -68.938846 658.009621
-0.965471 -0.044622 -0.256659 0.041915 0.945777 -0.322099 0.257115 -0.321736 -0.911251 27.712498 -69.621503 656.803094
-0.959653 -0.032629 -0.279287 0.058595 0.948235 -0.312118 0.275013 -0.315890 -0.908065 22.469066 -69.929681 655.645175
-0.953145 -0.020220 -0.301837 0.075257 0.950547 -0.301324 0.293003 -0.309921 -0.904488 17.067459 -69.833029 654.562949
-0.945938 -0.007441 -0.324262 0.091831 0.952687 -0.289750 0.311076 -0.303863 -0.900499 11.559598 -69.306839 653.581494
-0.938027 0.005658 -0.346516 0.108245 0.954628 -0.277434 0.329224 -0.297749 -0.896079 5.998409 -68.332336 652.723665
-0.929412 0.019027 -0.368553 0.124430 0.956349 -0.264414 0.347434 -0.291608 -0.891209 0.437127 -66.896881 652.009869
-0.920097 0.032616 -0.390329 0.140321 0.957833 -0.250733 0.365692 -0.285470 -0.885876 -5.071422 -64.994058 651.457857
-0.910092 0.046374 -0.411803 0.155852 0.959067 -0.236435 0.383982 -0.279358 -0.880066 -10.475535 -62.623684 651.082525
-0.899411 0.060249 -0.432933 0.170963 0.960041 -0.221568 0.402284 -0.273295 -0.873772 -15.725348 -59.791710 650.895734
-0.888071 0.074193 -0.453680 0.185593 0.960752 -0.206179 0.420577 -0.267302 -0.866986 -20.773530 -56.510034 650.906162
-0.876096 0.088156 -0.474008 0.199690 0.961198 -0.190319 0.438838 -0.261393 -0.859706 -25.575942 -52.796238 651.119181
-0.863515 0.102090 -0.493882 0.213201 0.961382 -0.174039 0.457041 -0.255581 -0.851934 -30.092249 -48.673238 651.536783
-0.850359 0.115952 -0.513269 0.226080 0.961310 -0.157390 0.475160 -0.249878 -0.843673 -34.286474 -44.168875 652.157534
-0.836664 0.129697 -0.532138 0.238283 0.960990 -0.140424 0.493167 -0.244287 -0.834931 -38.127487 -39.315452 652.976586
-0.822471 0.143287 -0.550463 0.249772 0.960436 -0.123193 0.511033 -0.238813 -0.825720 -41.589398 -34.149222 653.985724
-0.807823 0.156684 -0.568218 0.260515 0.959661 -0.105745 0.528728 -0.233453 -0.816056 -44.651884 -28.709847 655.173463
-0.792768 0.169858 -0.585379 0.270482 0.958683 -0.088131 0.546223 -0.228202 -0.805956 -47.300404 -23.039846 656.525188
-0.777353 0.182778 -0.601925 0.279650 0.957518 -0.070396 0.563487 -0.223051 -0.795444 -49.526310 -17.184024 658.023334
-0.761633 0.195422 -0.617839 0.288000 0.956186 -0.052586 0.580493 -0.217989 -0.784544 -51.326871 -11.188921 659.647593
-0.745660 0.207771 -0.633105 0.295517 0.954706 -0.034741 0.597211 -0.212998 -0.773286 -52.705177 -5.102270 661.375162
-0.729490 0.219811 -0.647709 0.302193 0.953097 -0.016899 0.613615 -0.208061 -0.761700 -53.669934 1.027517 663.181003
-0.713180 0.231532 -0.661640 0.308023 0.951379 0.000905 0.629679 -0.203154 -0.749821 -54.235177 7.151826 665.038111
-0.696786 0.242932 -0.674887 0.313006 0.949568 0.018644 0.645381 -0.198253 -0.737685 -54.419862 13.222274 666.917801
-0.680365 0.254013 -0.687445 0.317146 0.947682 0.036292 0.660698 -0.193329 -0.725329 -54.247387 19.191104 668.789972
-0.663974 0.264783 -0.699306 0.320451 0.945734 0.053830 0.675611 -0.188352 -0.712793 -53.745017 25.011521 670.623367
-0.647666 0.275255 -0.710467 0.322931 0.943737 0.071244 0.690105 -0.183290 -0.700115 -52.943248 30.637989 672.385811
-0.631496 0.285448 -0.720925 0.324601 0.941699 0.088527 0.704164 -0.178108 -0.687335 -51.875105 36.026475 674.044413
-0.615514 0.295385 -0.730678 0.325477 0.939626 0.105678 0.717780 -0.172772 -0.674494 -50.575405 41.134654 675.565738
-0.599769 0.305098 -0.739725 0.325577 0.937520 0.122700 0.730942 -0.167246 -0.661628 -49.079966 45.922070 676.915940
-0.584306 0.314619 -0.748065 0.324924 0.935380 0.139605 0.743647 -0.161492 -0.648775 -47.424824 50.350267 678.060846
-0.569166 0.323989 -0.755699 0.323538 0.933198 0.156410 0.755892 -0.155474 -0.635967 -45.645438 54.382899 678.966004
-0.554387 0.333250 -0.762626 0.321443 0.930966 0.173139 0.767678 -0.149154 -0.623237 -43.775904 57.985810 679.596686
-0.540003 0.342450 -0.768846 0.318662 0.928667 0.189822 0.779007 -0.142498 -0.610609 -41.848211 61.127114 679.917851
-0.526040 0.351641 -0.774358 0.315220 0.926281 0.206493 0.789885 -0.135470 -0.598105 -39.891538 63.777266 679.894073
-0.512523 0.360876 -0.779159 0.311141 0.923783 0.223196 0.800320 -0.128035 -0.585743 -37.931610 65.909130 679.489442
-0.499467 0.370214 -0.783246 0.306447 0.921142 0.239975 0.810323 -0.120164 -0.573531 -35.990139 67.498061 678.667440
-0.486887 0.379712 -0.786613 0.301161 0.918321 0.256881 0.819905 -0.111825 -0.561473 -34.084348 68.521994 677.390800
-0.474786 0.389432 -0.789254 0.295304 0.915279 0.273971 0.829080 -0.102993 -0.549562 -32.226604 68.961541 675.621359
-0.463165 0.399435 -0.791157 0.288897 0.911966 0.291300 0.837865 -0.093643 -0.537786 -30.424165 68.800113 673.319910
-0.452017 0.409784 -0.792312 0.281957 0.908329 0.308931 0.846275 -0.083756 -0.526122 -28.679051 68.024048 670.446053
-0.441330 0.420539 -0.792701 0.274499 0.904307 0.326923 0.854329 -0.073315 -0.514536 -26.988055 66.622759 666.958059
-0.430473 0.431905 -0.792560 0.266028 0.899788 0.345848 0.862510 -0.061965 -0.502233 -25.134016 64.507289 662.792199
-0.418794 0.443978 -0.792146 0.256002 0.894671 0.366096 0.871249 -0.049472 -0.488342 -22.874749 61.661158 657.944385
-0.406252 0.456658 -0.791469 0.244372 0.888913 0.387448 0.880478 -0.036011 -0.472717 -20.169231 58.185171 652.460226
-0.392805 0.469843 -0.790539 0.231084 0.882482 0.409666 0.890115 -0.021763 -0.455216 -16.982251 54.179560 646.384431
-0.378414 0.483428 -0.789367 0.216089 0.875357 0.432500 0.900060 -0.006909 -0.435711 -13.285652 49.742987 639.761314
-0.363049 0.497305 -0.787962 0.199337 0.867536 0.455683 0.910198 0.008365 -0.414089 -9.059431 44.971763 632.635217
-0.346681 0.511363 -0.786333 0.180787 0.859033 0.478935 0.920396 0.023879 -0.390258 -4.292667 39.959256 625.050861
-0.329291 0.525492 -0.784490 0.160408 0.849883 0.501964 0.930504 0.039454 -0.364152 1.015745 34.795472 617.053681
-0.310866 0.539578 -0.782443 0.138180 0.840142 0.524469 0.940355 0.054922 -0.335731 6.856553 29.566775 608.690166
-0.291404 0.553508 -0.780200 0.114101 0.829886 0.546141 0.949771 0.070125 -0.304988 13.209858 24.355679 600.008250
-0.270909 0.567168 -0.777772 0.088191 0.819212 0.566669 0.958557 0.084923 -0.271951 20.045038 19.240682 591.057747
-0.249397 0.580447 -0.775166 0.060490 0.808234 0.585747 0.966510 0.099194 -0.236683 27.320946 14.296057 581.890849
-0.226896 0.593235 -0.772392 0.031068 0.797082 0.603072 0.973423 0.112838 -0.199285 34.986337 9.591564 572.562661
-0.203441 0.605427 -0.769461 0.000020 0.785899 0.618355 0.979087 0.125783 -0.159896 42.980565 5.192015 563.131735
-0.179079 0.616920 -0.766381 -0.032525 0.774836 0.631325 0.983297 0.137984 -0.118692 51.234503 1.156662 553.660546
-0.153870 0.627619 -0.763163 -0.066409 0.764046 0.641735 0.985857 0.149425 -0.075884 59.671692 -2.461605 544.215850
-0.127879 0.637436 -0.759817 -0.101445 0.753682 0.649363 0.986588 0.160120 -0.031715 68.209699 -5.617258 534.868830
-0.101186 0.646291 -0.756353 -0.137416 0.743888 0.654024 0.985332 0.170112 0.013540 76.761634 -8.273277 525.694970
-0.073876 0.654113 -0.752781 -0.174078 0.734797 0.655569 0.981957 0.179473 0.059583 85.237820 -10.402388 516.773578
-0.046044 0.660841 -0.749112 -0.211168 0.726522 0.653891 0.976365 0.188296 0.106096 93.547553 -11.988310 508.186910
-0.017793 0.666426 -0.745359 -0.248405 0.719157 0.648929 0.968493 0.196698 0.152748 101.600929 -13.026891 500.018865
0.010769 0.670832 -0.741531 -0.285499 0.712768 0.640665 0.958319 0.204807 0.199198 109.310681 -13.527027 492.353266
0.039530 0.674035 -0.737641 -0.322154 0.707396 0.629133 0.945862 0.212764 0.245106 116.593990 -13.511231 485.271765
0.068372 0.676023 -0.733701 -0.358078 0.703049 0.614412 0.931185 0.220714 0.290138 123.374216 -13.015755 478.851446
0.097176 0.676801 -0.729724 -0.392991 0.699709 0.596629 0.914393 0.228797 0.333972 129.582516 -12.090161 473.162247
0.125823 0.676385 -0.725722 -0.426628 0.697328 0.575954 0.895632 0.237145 0.376305 135.159305 -10.796298 468.264337
0.154194 0.674805 -0.721708 -0.458750 0.695832 0.552599 0.875085 0.245876 0.416860 140.055521 -9.206653 464.205594
0.182170 0.672107 -0.717695 -0.489145 0.695128 0.526815 0.852966 0.255087 0.455389 144.233675 -7.402111 461.019365
0.209637 0.668347 -0.713698 -0.517639 0.695101 0.498884 0.829519 0.264853 0.491681 147.668647 -5.469199 458.722633
0.236485 0.663595 -0.709730 -0.544092 0.695626 0.469114 0.805009 0.275220 0.525562 150.348232 -3.496902 457.314750
0.262608 0.657933 -0.705806 -0.568407 0.696571 0.437839 0.779712 0.286205 0.556898 152.273410 -1.573232 456.776812
0.287907 0.651453 -0.701939 -0.590526 0.697802 0.405403 0.753916 0.297795 0.585602 153.458340 0.218299 457.071746
0.312290 0.644257 -0.698146 -0.610432 0.699189 0.372166 0.727907 0.309947 0.611625 153.930100 1.802121 458.145120
0.335672 0.636456 -0.694440 -0.628146 0.700613 0.338486 0.701966 0.322590 0.634964 153.728155 3.113756 459.926634
0.357977 0.628169 -0.690838 -0.643727 0.701968 0.304724 0.676364 0.335626 0.655657 152.903598 4.102536 462.332209
0.379134 0.619518 -0.687354 -0.657261 0.703165 0.271233 0.651357 0.348937 0.673779 151.518170 4.733722 465.266567
0.399082 0.610633 -0.684004 -0.668865 0.704135 0.238355 0.627178 0.362383 0.689439 149.643088 4.989915 468.626135
0.417767 0.601646 -0.680803 -0.678677 0.704832 0.206418 0.604043 0.375811 0.702779 147.357702 4.871709 472.302121
0.435142 0.592690 -0.677769 -0.686851 0.705233 0.175734 0.582140 0.389057 0.713966 144.748026 4.397531 476.183584
0.451166 0.583899 -0.674915 -0.693551 0.705335 0.146593 0.561637 0.401950 0.723187 141.905139 3.602702 480.160340
0.465804 0.575407 -0.672259 -0.698949 0.705157 0.119268 0.542676 0.414319 0.730645 138.923528 2.537763 484.125564
0.479025 0.567345 -0.669817 -0.703215 0.704734 0.094011 0.525380 0.425992 0.736551 135.899342 1.266145 487.977977
0.490800 0.559840 -0.667604 -0.706519 0.704119 0.071052 0.509850 0.436802 0.741119 132.928627 -0.138710 491.623542
0.501104 0.553014 -0.665635 -0.709017 0.703373 0.050604 0.496174 0.446589 0.744560 130.105521 -1.596661 494.976658
0.509911 0.546983 -0.663928 -0.710859 0.702567 0.032860 0.484427 0.455203 0.747074 127.520443 -3.024484 497.960843
0.517195 0.541855 -0.662497 -0.712174 0.701772 0.018000 0.474675 0.462504 0.748848 125.258275 -4.339684 500.508997
0.522927 0.537729 -0.661358 -0.713076 0.701059 0.006189 0.466979 0.468362 0.750045 123.396531 -5.464378 502.563322
0.527073 0.534695 -0.660526 -0.713655 0.700493 -0.002420 0.461399 0.472664 0.750799 122.003537 -6.329139 504.075063
0.529596 0.532829 -0.660016 -0.713978 0.700126 -0.007684 0.458000 0.475307 0.751212 121.136594 -6.876706 505.004222
0.530448 0.532196 -0.659843 -0.714082 0.699998 -0.009468 0.456850 0.476204 0.751344 120.840132 -7.065449 505.319445
