-0.557745 0.000000 -0.830012 -0.000000 1.000000 0.000000 0.830012 0.000000 -0.557745 -50.563501 -0.000000 704.566060
-0.557039 -0.000247 -0.830486 -0.000444 1.000000 0.000000 0.830486 0.000369 -0.557039 -50.489941 0.097558 704.256407
-0.554948 -0.000972 -0.831884 -0.001752 0.999998 0.000000 0.831883 0.001457 -0.554949 -50.275293 0.384847 703.344671
-0.551509 -0.002143 -0.834166 -0.003886 0.999992 0.000000 0.834160 0.003242 -0.551513 -49.933958 0.853780 701.861162
-0.546754 -0.003724 -0.837285 -0.006810 0.999977 0.000000 0.837265 0.005702 -0.546767 -49.486599 1.496235 699.841684
-0.540712 -0.005671 -0.841189 -0.010488 0.999945 0.000000 0.841143 0.008822 -0.540741 -48.959028 2.304019 697.327018
-0.533406 -0.007939 -0.845822 -0.014882 0.999889 0.000000 0.845728 0.012587 -0.533466 -48.381055 3.268831 694.362462
-0.524862 -0.010476 -0.851123 -0.019955 0.999801 0.000000 0.850954 0.016984 -0.524966 -47.785330 4.382219 690.997429
-0.515099 -0.013227 -0.857029 -0.025671 0.999670 0.000000 0.856746 0.022001 -0.515269 -47.206207 5.635540 687.285058
-0.504140 -0.016137 -0.863471 -0.031992 0.999488 0.000000 0.863029 0.027624 -0.504399 -46.678621 7.019922 683.281828
-0.492007 -0.019144 -0.870381 -0.038880 0.999244 0.000000 0.869722 0.033841 -0.492380 -46.237020 8.526235 679.047155
-0.478723 -0.022188 -0.877686 -0.046300 0.998928 0.000000 0.876744 0.040637 -0.479237 -45.914355 10.145072 674.642957
-0.464312 -0.025208 -0.885313 -0.054212 0.998529 0.000000 0.884011 0.047994 -0.464996 -45.741136 11.866730 670.133182
-0.448802 -0.028141 -0.893188 -0.062579 0.998040 0.000000 0.891437 0.055894 -0.449683 -45.744577 13.681215 665.583290
-0.432223 -0.030923 -0.901236 -0.071363 0.997450 0.000000 0.898938 0.064315 -0.433328 -45.947840 15.578248 661.059680
-0.414610 -0.033496 -0.909382 -0.080526 0.996753 0.000000 0.906429 0.073229 -0.415961 -46.369379 17.547286 656.629072
-0.396000 -0.035797 -0.917552 -0.090030 0.995939 0.000000 0.913826 0.082607 -0.397615 -47.022408 19.577557 652.357843
-0.376436 -0.037771 -0.925672 -0.099837 0.995004 0.000000 0.921048 0.092416 -0.378326 -47.914490 21.658100 648.311323
-0.355964 -0.039362 -0.933670 -0.109907 0.993942 0.000000 0.928014 0.102617 -0.358133 -49.047259 23.777822 644.553053
-0.334634 -0.040518 -0.941477 -0.120204 0.992749 0.000000 0.934650 0.113169 -0.337078 -50.416270 25.925558 641.144038
-0.312503 -0.041194 -0.949023 -0.130688 0.991423 0.000000 0.940884 0.124026 -0.315206 -52.010992 28.090147 638.141977
-0.289630 -0.041346 -0.956245 -0.141322 0.989964 0.000000 0.946648 0.135138 -0.292566 -53.814934 30.260504 635.600511
-0.266078 -0.040938 -0.963082 -0.152066 0.988370 0.000000 0.951881 0.146452 -0.269209 -55.805905 32.425708 633.568487
-0.241916 -0.039937 -0.969475 -0.162883 0.986645 0.000000 0.956528 0.157911 -0.245190 -57.956398 34.575086 632.089267
-0.217214 -0.038320 -0.975372 -0.173734 0.984793 0.000000 0.960539 0.169456 -0.220568 -60.234100 36.698304 631.200078
-0.192046 -0.036068 -0.980723 -0.184583 0.982817 0.000000 0.963871 0.181025 -0.195403 -62.602504 38.785452 630.931442
-0.166488 -0.033170 -0.985485 -0.195391 0.980725 0.000000 0.966491 0.192555 -0.169760 -65.021618 40.827134 631.306679
-0.140619 -0.029621 -0.989621 -0.206122 0.978526 0.000000 0.968370 0.203982 -0.143705 -67.448763 42.814546 632.341503
-0.114518 -0.025425 -0.993096 -0.216738 0.976230 0.000000 0.969490 0.215241 -0.117307 -69.839426 44.739554 634.043724
-0.088265 -0.020593 -0.995884 -0.227203 0.973847 0.000000 0.969839 0.226268 -0.090635 -72.148165 46.594762 636.413059
-0.061939 -0.015142 -0.997965 -0.237482 0.971392 0.000000 0.969415 0.236998 -0.063763 -74.329543 48.373566 639.441052
-0.035619 -0.009100 -0.999324 -0.247538 0.968878 0.000000 0.968223 0.247370 -0.036763 -76.339067 50.070207 643.111124
-0.009382 -0.002498 -0.999953 -0.257337 0.966322 0.000000 0.966276 0.257324 -0.009709 -78.134116 51.679796 647.398727
0.016696 0.004623 -0.999850 -0.266843 0.963740 0.000000 0.963595 0.266803 0.017324 -79.674845 53.198338 652.271622
0.042543 0.012217 -0.999020 -0.276024 0.961151 0.000000 0.960209 0.275753 0.044262 -80.925027 54.622732 657.690258
0.068089 0.020233 -0.997474 -0.284845 0.958574 0.000000 0.956152 0.284125 0.071032 -81.852840 55.950755 663.608260
0.093270 0.028612 -0.995230 -0.293273 0.956029 0.000000 0.951468 0.291874 0.097559 -82.431560 57.181031 669.972996
0.118023 0.037290 -0.992310 -0.301275 0.953537 0.000000 0.946205 0.298959 0.123774 -82.640170 58.312979 676.726230
0.142292 0.046201 -0.988746 -0.308820 0.951121 0.000000 0.940417 0.305344 0.149605 -82.463844 59.346740 683.804834
0.166025 0.055273 -0.984571 -0.315874 0.948801 0.000000 0.934162 0.311001 0.174984 -81.894320 60.283093 691.141553
0.189175 0.064432 -0.979827 -0.322407 0.946601 0.000000 0.927506 0.315903 0.199846 -80.930146 61.123338 698.665796
0.211698 0.073600 -0.974560 -0.328386 0.944544 0.000000 0.920514 0.320032 0.224128 -79.576789 61.869176 706.304450
0.233559 0.082700 -0.968819 -0.333781 0.942651 0.000000 0.913258 0.323373 0.247768 -77.846608 62.522558 713.982694
0.254723 0.091651 -0.962661 -0.338560 0.940945 0.000000 0.905811 0.325918 0.270710 -75.758696 63.085527 721.624799
0.275163 0.100374 -0.956144 -0.342691 0.939448 0.000000 0.898247 0.327662 0.292898 -73.338580 63.560037 729.154903
0.294853 0.108787 -0.949330 -0.346144 0.938181 0.000000 0.890644 0.328605 0.314282 -70.617799 63.947761 736.497744
0.313774 0.116811 -0.942285 -0.348886 0.937165 0.000000 0.883077 0.328750 0.334812 -67.633339 64.249889 743.579345
0.331909 0.124369 -0.935077 -0.350885 0.936418 0.000000 0.875623 0.328105 0.354445 -64.426971 64.466914 750.327650
0.349241 0.131385 -0.927776 -0.352110 0.935959 0.000000 0.868360 0.326679 0.373137 -61.044452 64.598410 756.673083
0.365758 0.137784 -0.920455 -0.352525 0.935802 0.000000 0.861364 0.324483 0.390850 -57.534644 64.642810 762.549062
0.381849 0.143584 -0.913003 -0.352283 0.935893 -0.000153 0.854452 0.321694 0.407953 -54.056649 64.819647 768.112582
0.397919 0.148823 -0.905269 -0.351560 0.936165 -0.000629 0.847388 0.318507 0.424838 -50.731985 65.333231 773.570145
0.413975 0.153466 -0.897259 -0.350359 0.936614 -0.001450 0.840163 0.314963 0.441503 -47.555632 66.157394 778.930936
0.430021 0.157480 -0.888978 -0.348681 0.937238 -0.002637 0.832769 0.311103 0.457942 -44.523659 67.265017 784.202914
0.446059 0.160836 -0.880433 -0.346528 0.938030 -0.004206 0.825197 0.306971 0.474151 -41.633278 68.628154 789.392944
0.462087 0.163510 -0.871631 -0.343903 0.938985 -0.006171 0.817439 0.302608 0.490124 -38.882844 70.218158 794.506919
0.478099 0.165482 -0.862576 -0.340805 0.940095 -0.008544 0.809490 0.298055 0.505855 -36.271808 72.005808 799.549869
0.494087 0.166733 -0.853275 -0.337237 0.941352 -0.011333 0.801342 0.293355 0.521338 -33.800626 73.961442 804.526057
0.510040 0.167250 -0.843734 -0.333199 0.942744 -0.014543 0.792993 0.288549 0.536565 -31.470632 76.055086 809.439059
0.525944 0.167025 -0.833958 -0.328694 0.944261 -0.018178 0.784438 0.283678 0.551528 -29.283879 78.256593 814.291823
0.541783 0.166051 -0.823953 -0.323724 0.945890 -0.022237 0.775677 0.278781 0.566221 -27.242950 80.535779 819.086723
0.557538 0.164325 -0.813725 -0.318291 0.947617 -0.026719 0.766709 0.273898 0.580636 -25.350750 82.862571 823.825582
0.573191 0.161851 -0.803279 -0.312398 0.949425 -0.031618 0.757535 0.269066 0.594764 -23.610285 85.207146 828.509689
0.588718 0.158634 -0.792620 -0.306051 0.951299 -0.036927 0.748160 0.264322 0.608597 -22.024424 87.540092 833.139798
0.604098 0.154683 -0.781754 -0.299255 0.953220 -0.042638 0.738588 0.259701 0.622128 -20.595661 89.832559 837.716111
0.619306 0.150012 -0.770686 -0.292017 0.955171 -0.048737 0.728825 0.255236 0.635349 -19.325881 92.056428 842.238254
0.634318 0.144638 -0.759421 -0.284345 0.957131 -0.055210 0.718880 0.250958 0.648253 -18.216121 94.184482 846.705235
0.649111 0.138583 -0.747964 -0.276251 0.959081 -0.062042 0.708760 0.246897 0.660833 -17.266356 96.190585 851.115402
0.663658 0.131871 -0.736320 -0.267745 0.961001 -0.069213 0.698477 0.243080 0.673084 -16.475285 98.049869 855.466393
0.677938 0.124530 -0.724495 -0.258841 0.962869 -0.076704 0.688042 0.239530 0.684999 -15.840151 99.738925 859.755077
0.691925 0.116594 -0.712492 -0.249556 0.964667 -0.084492 0.677467 0.236269 0.696574 -15.356571 101.236006 863.977509
0.705600 0.108097 -0.700317 -0.239908 0.966374 -0.092554 0.666763 0.233317 0.707806 -15.018403 102.521227 868.128870
0.718940 0.099078 -0.687975 -0.229916 0.967970 -0.100863 0.655945 0.230690 0.718692 -14.817632 103.576775 872.203428
0.731927 0.089580 -0.675469 -0.219603 0.969437 -0.109392 0.645025 0.228401 0.729229 -14.744300 104.387114 876.194494
0.744545 0.079648 -0.662804 -0.208993 0.970758 -0.118112 0.634015 0.226461 0.739419 -14.786453 104.939195 880.094396
0.756777 0.069329 -0.649986 -0.198112 0.971918 -0.126994 0.622928 0.224877 0.749260 -14.930138 105.222655 883.894460
0.768613 0.058675 -0.637017 -0.186991 0.972901 -0.136007 0.611774 0.223653 0.758756 -15.159419 105.230015 887.585003
0.780042 0.047739 -0.623903 -0.175659 0.973697 -0.145117 0.600565 0.222791 0.767910 -15.456444 104.956865 891.155345
0.791057 0.036575 -0.610648 -0.164150 0.974294 -0.154291 0.589307 0.222290 0.776726 -15.801528 104.402031 894.593824
0.801654 0.025241 -0.597255 -0.152497 0.974687 -0.163495 0.578010 0.222146 0.785211 -16.173280 103.567733 897.887839
0.811831 0.013796 -0.583729 -0.140738 0.974869 -0.172693 0.566677 0.222351 0.793371 -16.548760 102.459712 901.023893
0.821590 0.002302 -0.570074 -0.128911 0.974840 -0.181851 0.555312 0.222896 0.801215 -16.903656 101.087342 903.987653
0.830935 -0.009181 -0.556294 -0.117056 0.974599 -0.190930 0.543916 0.223768 0.808754 -17.212493 99.463708 906.764020
0.839873 -0.020588 -0.542392 -0.105213 0.974152 -0.199895 0.532488 0.224953 0.815998 -17.448866 97.605656 909.337207
0.848415 -0.031856 -0.528372 -0.093425 0.973506 -0.208707 0.521022 0.226433 0.822960 -17.585685 95.533805 911.690818
0.856572 -0.042920 -0.514239 -0.081735 0.972670 -0.217329 0.509513 0.228190 0.829654 -17.595438 93.272531 913.807933
0.864361 -0.053715 -0.499996 -0.070189 0.971660 -0.225723 0.497950 0.230200 0.836094 -17.450470 90.849909 915.671187
0.871797 -0.064174 -0.485645 -0.058830 0.970491 -0.233850 0.486322 0.232441 0.842296 -17.123260 88.297614 917.262850
0.878901 -0.074231 -0.471192 -0.047707 0.969185 -0.241672 0.474612 0.234885 0.848276 -16.586712 85.650788 918.564888
0.885694 -0.083822 -0.456639 -0.036866 0.967763 -0.249150 0.462803 0.237506 0.854052 -15.814434 82.947862 919.559021
0.892198 -0.092879 -0.441991 -0.026356 0.966252 -0.256247 0.450874 0.240272 0.859641 -14.781018 80.230342 920.226765
0.898437 -0.101336 -0.427249 -0.016224 0.964681 -0.262922 0.438802 0.243150 0.865061 -13.462314 77.542551 920.549441
0.904435 -0.109127 -0.412418 -0.006522 0.963080 -0.269137 0.426562 0.246107 0.870331 -11.835685 74.931341 920.508183
0.910216 -0.116188 -0.397501 0.002700 0.961482 -0.274855 0.414124 0.249104 0.875470 -9.880249 72.445757 920.083902
0.915805 -0.122451 -0.382501 0.011389 0.959922 -0.280036 0.401462 0.252102 0.880496 -7.577103 70.136675 919.257234
0.921225 -0.127853 -0.367421 0.019491 0.958436 -0.284641 0.388542 0.255057 0.885427 -4.909526 68.056402 918.008458
0.926498 -0.132329 -0.352265 0.026952 0.957060 -0.288633 0.375333 0.257924 0.890281 -1.863151 66.258243 916.317380
0.931645 -0.135812 -0.337035 0.033713 0.955832 -0.291974 0.361803 0.260653 0.895075 1.573880 64.796041 914.163194
0.936684 -0.138240 -0.321735 0.039714 0.954788 -0.294623 0.347918 0.263191 0.899824 5.410796 63.723687 911.524310
0.941629 -0.139548 -0.306368 0.044892 0.953963 -0.296544 0.333646 0.265481 0.904544 9.654105 63.094599 908.378154
0.946412 -0.140112 -0.290988 0.049709 0.953453 -0.297416 0.319115 0.267013 0.909324 13.918440 62.567820 904.692908
0.950957 -0.140355 -0.275647 0.054625 0.953325 -0.296965 0.304462 0.267344 0.914237 17.822000 61.770500 900.484129
0.955269 -0.140290 -0.260347 0.059579 0.953567 -0.295228 0.289676 0.266511 0.919271 21.373089 60.705733 895.803358
0.959350 -0.139925 -0.245088 0.064510 0.954167 -0.292240 0.274746 0.264550 0.924407 24.578324 59.374793 890.706804
0.963205 -0.139273 -0.229869 0.069361 0.955103 -0.288039 0.259665 0.261497 0.929620 27.442960 57.777885 885.254659
0.966834 -0.138345 -0.214691 0.074078 0.956353 -0.282667 0.244426 0.257388 0.934884 29.971222 55.914888 879.510417
0.970241 -0.137155 -0.199553 0.078609 0.957890 -0.276164 0.229027 0.252259 0.940166 32.166618 53.786075 873.540187
0.973426 -0.135714 -0.184455 0.082906 0.959685 -0.268574 0.213468 0.246145 0.945433 34.032257 51.392795 867.412019
0.976391 -0.134035 -0.169397 0.086921 0.961704 -0.259943 0.197751 0.239082 0.950649 35.571145 48.738108 861.195204
0.979137 -0.132134 -0.154377 0.090613 0.963914 -0.250318 0.181881 0.231107 0.955777 36.786473 45.827354 854.959582
0.981664 -0.130022 -0.139394 0.093941 0.966279 -0.239748 0.165866 0.222257 0.960776 37.681888 42.668654 848.774834
0.983972 -0.127716 -0.124447 0.096869 0.968763 -0.228286 0.149716 0.212572 0.965608 38.261750 39.273326 842.709770
0.986063 -0.125228 -0.109536 0.099364 0.971328 -0.215985 0.133443 0.202091 0.970233 38.531365 35.656209 836.831614
0.987935 -0.122574 -0.094658 0.101396 0.973935 -0.202901 0.117062 0.190855 0.974613 38.497206 31.835902 831.205299
0.989588 -0.119770 -0.079813 0.102941 0.976548 -0.189094 0.100589 0.178909 0.978710 38.167103 27.834890 825.892759
0.991023 -0.116829 -0.064998 0.103974 0.979131 -0.174622 0.084042 0.166296 0.982488 37.550425 23.679576 820.952248
0.992238 -0.113768 -0.050212 0.104480 0.981646 -0.159549 0.067441 0.153064 0.985912 36.658223 19.400210 816.437683
0.993232 -0.110602 -0.035452 0.104443 0.984060 -0.143938 0.050807 0.139261 0.988951 35.503367 15.030714 812.398022
0.994006 -0.107347 -0.020719 0.103854 0.986340 -0.127857 0.034161 0.124939 0.991576 34.100646 10.608412 808.876681
0.994557 -0.104017 -0.006008 0.102707 0.988457 -0.111372 0.017524 0.110149 0.993761 32.466847 6.173671 805.911013
0.994886 -0.100630 0.008680 0.101000 0.990383 -0.094553 0.000918 0.094946 0.995482 30.620819 1.769447 803.531844
0.994991 -0.097201 0.023349 0.098736 0.992094 -0.077469 -0.015635 0.079387 0.996721 28.583499 -2.559230 801.763086
0.994871 -0.093745 0.038001 0.095921 0.993567 -0.060193 -0.032114 0.063530 0.997463 26.377921 -6.765845 800.621426
0.994525 -0.090279 0.052637 0.092567 0.994786 -0.042796 -0.048499 0.047434 0.997696 24.029202 -10.803036 800.116102
0.993951 -0.086817 0.067259 0.088689 0.995737 -0.025351 -0.064771 0.031163 0.997413 21.564499 -14.623268 800.248770
0.993149 -0.083376 0.081869 0.084304 0.996409 -0.007930 -0.080914 0.014777 0.996612 19.012947 -18.179534 801.013473
0.992118 -0.079972 0.096470 0.079435 0.996796 0.009395 -0.096912 -0.001658 0.995292 16.405567 -21.426065 802.396692
0.990856 -0.076619 0.111062 0.074110 0.996897 0.026552 -0.112752 -0.018078 0.993459 13.775158 -24.319025 804.377514
0.989361 -0.073333 0.125649 0.068358 0.996713 0.043469 -0.128424 -0.034418 0.991122 11.156164 -26.817192 806.927878
0.987632 -0.070129 0.140231 0.062211 0.996253 0.060076 -0.143919 -0.050609 0.988295 8.584516 -28.882598 810.012928
0.985668 -0.067022 0.154811 0.055708 0.995527 0.076304 -0.159233 -0.066586 0.984993 6.097457 -30.481107 813.591442
0.983467 -0.064026 0.169390 0.048887 0.994550 0.092085 -0.174363 -0.082282 0.981238 3.733344 -31.582939 817.616347
0.981027 -0.061156 0.183970 0.041792 0.993342 0.107353 -0.189311 -0.097628 0.977052 1.531431 -32.163105 822.035308
0.978347 -0.058425 0.198553 0.034468 0.991926 0.122045 -0.204080 -0.112558 0.972462 -0.468367 -32.201745 826.791380
0.975424 -0.055849 0.213139 0.026964 0.990328 0.136097 -0.218678 -0.127006 0.967497 -2.225725 -31.684378 831.823706
0.972257 -0.053439 0.227729 0.019330 0.988580 0.149451 -0.233115 -0.140903 0.962187 -3.700184 -30.602027 837.068273
0.968842 -0.051209 0.242327 0.011622 0.986714 0.162049 -0.247405 -0.154183 0.956566 -4.851431 -28.951238 842.458692
0.965178 -0.049171 0.256931 0.003894 0.984767 0.173835 -0.261565 -0.166781 0.950667 -5.639601 -26.733968 847.926998
0.961261 -0.047338 0.271543 -0.003794 0.982777 0.184758 -0.275612 -0.178631 0.944526 -6.025595 -23.957359 853.404481
0.957089 -0.045720 0.286164 -0.011382 0.980784 0.194766 -0.289570 -0.189666 0.938177 -5.971398 -20.633388 858.822501
0.952658 -0.044330 0.300795 -0.018805 0.978829 0.203814 -0.303462 -0.199822 0.931656 -5.440421 -16.778386 864.113326
0.947965 -0.043177 0.315435 -0.025997 0.976955 0.211856 -0.317313 -0.209032 0.924996 -4.397842 -12.412456 869.210952
0.943004 -0.042271 0.330084 -0.032890 0.975204 0.218849 -0.331151 -0.217232 0.918232 -2.810961 -7.558770 874.051923
0.937774 -0.041622 0.344744 -0.039411 0.973618 0.224755 -0.345004 -0.224356 0.911393 -0.649553 -2.242770 878.576148
0.932267 -0.041237 0.359413 -0.045486 0.972237 0.229535 -0.358900 -0.230336 0.904509 2.113772 3.508722 882.727716
0.926496 -0.041065 0.374057 -0.051263 0.970987 0.233571 -0.372796 -0.235578 0.897511 5.027161 9.266483 886.291572
0.920476 -0.041042 0.388638 -0.056939 0.969773 0.237272 -0.386628 -0.240532 0.890316 7.611897 14.616535 889.120576
0.914208 -0.041159 0.403151 -0.062511 0.968599 0.240642 -0.400396 -0.245198 0.882928 9.854194 19.556101 891.263766
0.907691 -0.041407 0.417591 -0.067976 0.967469 0.243685 -0.414096 -0.249577 0.875349 11.742219 24.084479 892.769382
0.900928 -0.041775 0.431953 -0.073330 0.966388 0.246406 -0.427728 -0.253670 0.867583 13.266087 28.202919 893.684769
0.893919 -0.042254 0.446233 -0.078572 0.965360 0.248811 -0.441289 -0.257478 0.859633 14.417843 31.914490 894.056305
0.886664 -0.042836 0.460425 -0.083698 0.964387 0.250903 -0.454776 -0.261004 0.851502 15.191447 35.223953 893.929318
0.879166 -0.043509 0.474525 -0.088706 0.963473 0.252689 -0.468186 -0.264249 0.843193 15.582757 38.137637 893.348020
0.871425 -0.044265 0.488528 -0.093595 0.962619 0.254175 -0.481517 -0.267218 0.834707 15.589501 40.663319 892.355434
0.863442 -0.045094 0.502428 -0.098362 0.961828 0.255365 -0.494765 -0.269912 0.826048 15.211254 42.810098 890.993342
0.855219 -0.045987 0.516222 -0.103005 0.961103 0.256265 -0.507927 -0.272336 0.817217 14.449405 44.588285 889.302221
0.846758 -0.046934 0.529904 -0.107523 0.960443 0.256883 -0.520998 -0.274494 0.808216 13.307127 46.009289 887.321193
0.838060 -0.047925 0.543469 -0.111915 0.959850 0.257223 -0.533976 -0.276391 0.799048 11.789340 47.085504 885.087977
0.829127 -0.048952 0.556912 -0.116180 0.959324 0.257292 -0.546855 -0.278030 0.789715 9.902671 47.830206 882.638845
0.819962 -0.050005 0.570230 -0.120317 0.958867 0.257096 -0.559631 -0.279417 0.780217 7.655415 48.257450 880.008579
0.810565 -0.051076 0.583417 -0.124326 0.958477 0.256642 -0.572300 -0.280559 0.770558 5.057488 48.381971 877.230438
0.800940 -0.052155 0.596469 -0.128206 0.958155 0.255936 -0.584857 -0.281460 0.760738 2.120379 48.219092 874.336117
0.791089 -0.053234 0.609380 -0.131957 0.957899 0.254985 -0.597298 -0.282128 0.750759 -1.142895 47.784630 871.355726
0.781015 -0.054304 0.622147 -0.135580 0.957709 0.253795 -0.609617 -0.282569 0.740622 -4.717843 47.094815 868.317754
0.770720 -0.055357 0.634764 -0.139076 0.957583 0.252373 -0.621810 -0.282790 0.730330 -8.588555 46.166204 865.249047
0.760208 -0.056386 0.647228 -0.142444 0.957521 0.250727 -0.633872 -0.282798 0.719883 -12.737756 45.015604 862.174787
0.749481 -0.057381 0.659534 -0.145687 0.957519 0.248862 -0.645797 -0.282603 0.709283 -17.146864 43.659998 859.118468
0.738543 -0.058336 0.671678 -0.148805 0.957577 0.246786 -0.657580 -0.282211 0.698531 -21.796048 42.116476 856.101883
0.727397 -0.059244 0.683655 -0.151801 0.957692 0.244505 -0.669216 -0.281631 0.687629 -26.664292 40.402171 853.145107
0.716046 -0.060097 0.695461 -0.154676 0.957861 0.242026 -0.680700 -0.280873 0.676578 -31.729453 38.534188 850.266480
0.704495 -0.060889 0.707092 -0.157434 0.958083 0.239357 -0.692027 -0.279946 0.665379 -36.968329 36.529558 847.482601
0.692747 -0.061613 0.718544 -0.160075 0.958354 0.236504 -0.703191 -0.278859 0.654034 -42.356719 34.405173 844.808316
0.680806 -0.062263 0.729812 -0.162605 0.958671 0.233474 -0.714187 -0.277621 0.642545 -47.869491 32.177738 842.256705
0.668677 -0.062834 0.740894 -0.165025 0.959031 0.230274 -0.725009 -0.276244 0.630913 -53.480651 29.863724 839.839083
0.656362 -0.063321 0.751784 -0.167339 0.959432 0.226910 -0.735654 -0.274738 0.619139 -59.163406 27.479320 837.564990
0.643868 -0.063718 0.762479 -0.169552 0.959869 0.223390 -0.746114 -0.273113 0.607225 -64.890233 25.040391 835.442187
0.631197 -0.064021 0.772976 -0.171667 0.960340 0.219720 -0.756387 -0.271381 0.595174 -70.632951 22.562440 833.476655
0.618355 -0.064226 0.783270 -0.173689 0.960841 0.215907 -0.766466 -0.269553 0.582985 -76.362788 20.060568 831.672590
0.605345 -0.064330 0.793359 -0.175624 0.961369 0.211957 -0.776346 -0.267640 0.570663 -82.050449 17.549442 830.032405
0.592174 -0.064328 0.803238 -0.177476 0.961920 0.207877 -0.786023 -0.265654 0.558207 -87.666191 15.043256 828.556729
0.578845 -0.064218 0.812905 -0.179250 0.962490 0.203673 -0.795492 -0.263608 0.545621 -93.179887 12.555707 827.244408
0.565363 -0.063997 0.822356 -0.180953 0.963076 0.199352 -0.804749 -0.261514 0.532907 -98.561105 10.099960 826.092506
0.551732 -0.063665 0.831588 -0.182590 0.963674 0.194920 -0.813789 -0.259384 0.520065 -103.779171 7.688619 825.096309
0.537959 -0.063218 0.840597 -0.184169 0.964280 0.190383 -0.822607 -0.257230 0.507100 -108.803248 5.333702 824.249327
0.524047 -0.062657 0.849382 -0.185695 0.964892 0.185747 -0.831199 -0.255066 0.494013 -113.602402 3.046615 823.543300
0.510001 -0.061980 0.857938 -0.187175 0.965504 0.181017 -0.839562 -0.252904 0.480807 -118.145676 0.838118 822.968199
0.495827 -0.061188 0.866263 -0.188618 0.966114 0.176200 -0.847690 -0.250758 0.467484 -122.402164 -1.281690 822.512237
0.481529 -0.060280 0.874355 -0.190030 0.966718 0.171302 -0.855581 -0.248640 0.454048 -126.341081 -3.303406 822.161872
0.467111 -0.059258 0.882211 -0.191418 0.967313 0.166327 -0.863230 -0.246564 0.440500 -129.931838 -5.218346 821.901812
0.452580 -0.058124 0.889828 -0.192792 0.967894 0.161280 -0.870633 -0.244544 0.426844 -133.144114 -7.018573 821.715031
0.437939 -0.056879 0.897204 -0.194159 0.968459 0.156168 -0.877788 -0.242593 0.413083 -135.947929 -8.696922 821.582770
0.423193 -0.055525 0.904337 -0.195528 0.969004 0.150995 -0.884690 -0.240723 0.399219 -138.313717 -10.247033 821.484554
0.408347 -0.054065 0.911224 -0.196908 0.969526 0.145765 -0.891336 -0.238949 0.385258 -140.212404 -11.663377 821.398198
0.393406 -0.052503 0.917864 -0.198306 0.970020 0.140483 -0.897723 -0.237285 0.371200 -141.615479 -12.941292 821.299825
0.378375 -0.050843 0.924255 -0.199733 0.970485 0.135153 -0.903847 -0.235743 0.357052 -142.495068 -14.077011 821.163876
0.363257 -0.049089 0.930395 -0.201197 0.970915 0.129781 -0.909706 -0.234336 0.342815 -142.824013 -15.067701 820.963133
0.348057 -0.047245 0.936282 -0.202708 0.971309 0.124368 -0.915296 -0.233080 0.328494 -142.575945 -15.911501 820.668729
0.332779 -0.045318 0.941915 -0.204276 0.971663 0.118921 -0.920613 -0.231985 0.314092 -141.725360 -16.607559 820.250177
0.317429 -0.043314 0.947292 -0.205910 0.971973 0.113441 -0.925656 -0.231066 0.299614 -140.247697 -17.156076 819.675388
0.302010 -0.041237 0.952412 -0.207620 0.972237 0.107932 -0.930421 -0.230336 0.285064 -138.119412 -17.558354 818.910699
0.286472 -0.039054 0.957292 -0.208712 0.972629 0.102137 -0.935079 -0.229058 0.270480 -135.513085 -17.967119 817.885391
0.270767 -0.036741 0.961944 -0.208504 0.973312 0.095865 -0.939793 -0.226526 0.255880 -132.620985 -18.527701 816.553795
0.254899 -0.034324 0.966358 -0.207021 0.974261 0.089211 -0.944547 -0.222796 0.241232 -129.450014 -19.229927 814.921167
0.238875 -0.031827 0.970529 -0.204292 0.975447 0.082270 -0.949318 -0.217923 0.226508 -126.007447 -20.062105 812.995770
0.222701 -0.029274 0.974447 -0.200348 0.976840 0.075134 -0.954078 -0.211961 0.211678 -122.301211 -21.011213 810.788483
0.206384 -0.026689 0.978107 -0.195226 0.978406 0.067890 -0.958797 -0.204963 0.196717 -118.340115 -22.063101 808.312446
0.189932 -0.024094 0.981502 -0.188961 0.980111 0.060626 -0.963442 -0.196980 0.181602 -114.134046 -23.202712 805.582747
0.173352 -0.021509 0.984625 -0.181595 0.981921 0.053422 -0.967973 -0.188064 0.166312 -109.694129 -24.414310 802.616142
0.156652 -0.018956 0.987472 -0.173173 0.983800 0.046358 -0.972353 -0.178266 0.150832 -105.032845 -25.681709 799.430809
0.139841 -0.016454 0.990037 -0.163741 0.985712 0.039510 -0.976541 -0.167635 0.135149 -100.164118 -26.988501 796.046123
0.122929 -0.014021 0.992316 -0.153351 0.987622 0.032952 -0.980496 -0.156223 0.119257 -95.103362 -28.318274 792.482453
0.105925 -0.011675 0.994306 -0.142056 0.989497 0.026752 -0.984175 -0.144080 0.103154 -89.867492 -29.654830 788.760987
0.088839 -0.009430 0.996001 -0.129914 0.991303 0.020973 -0.987537 -0.131257 0.086841 -84.474909 -30.982388 784.903556
0.071682 -0.007303 0.997401 -0.116986 0.993010 0.015678 -0.990543 -0.117805 0.070326 -78.945446 -32.285780 780.932481
0.054465 -0.005306 0.998502 -0.103335 0.994587 0.010922 -0.993154 -0.103775 0.053621 -73.300290 -33.550633 776.870426
0.037199 -0.003452 0.999302 -0.089030 0.996006 0.006755 -0.995334 -0.089219 0.036743 -67.561875 -34.763540 772.740245
0.019897 -0.001751 0.999801 -0.074138 0.997243 0.003222 -0.997049 -0.074188 0.019712 -61.753747 -35.912222 768.564845
0.002570 -0.000214 0.999997 -0.058734 0.998274 0.000364 -0.998270 -0.058735 0.002553 -55.900416 -36.985666 764.367040
-0.014768 0.001153 0.999890 -0.042891 0.999078 -0.001786 -0.998971 -0.042912 -0.014705 -50.027179 -37.974253 760.169404
-0.032106 0.002342 0.999482 -0.026685 0.999639 -0.003200 -0.999128 -0.026774 -0.032032 -44.159931 -38.869872 755.994118
-0.049430 0.003348 0.998772 -0.010194 0.999941 -0.003857 -0.998726 -0.010372 -0.049393 -38.324960 -39.666010 751.862816
-0.066727 0.004168 0.997763 0.006503 0.999972 -0.003742 -0.997750 0.006239 -0.066752 -32.548738 -40.357817 747.796424
-0.083985 0.004799 0.996455 0.023326 0.999724 -0.002849 -0.996194 0.023004 -0.084073 -26.857694 -40.942162 743.814994
-0.101189 0.005240 0.994853 0.040197 0.999191 -0.001174 -0.994055 0.039871 -0.101318 -21.277996 -41.417653 739.937539
-0.118327 0.005492 0.992959 0.057035 0.998371 0.001274 -0.991335 0.056784 -0.118448 -15.835316 -41.784633 736.181860
-0.135386 0.005558 0.990777 0.073763 0.997266 0.004485 -0.988043 0.073690 -0.135426 -10.554614 -42.045156 732.564380
-0.152353 0.005439 0.988311 0.090303 0.995879 0.008440 -0.984192 0.090533 -0.152217 -5.459913 -42.202927 729.099986
-0.169216 0.005143 0.985566 0.106579 0.994218 0.013111 -0.979799 0.107259 -0.168785 -0.574095 -42.263221 725.801872
-0.185961 0.004674 0.982546 0.122519 0.992294 0.018468 -0.974889 0.123815 -0.185100 4.081306 -42.232774 722.681405
-0.202576 0.004041 0.979258 0.138051 0.990123 0.024473 -0.969487 0.140145 -0.201133 8.486282 -42.119642 719.748000
-0.219051 0.003252 0.975708 0.153108 0.987721 0.031081 -0.963626 0.156197 -0.216859 12.622525 -41.933045 717.009024
-0.235373 0.002318 0.971902 0.167624 0.985109 0.038245 -0.957341 0.171916 -0.232256 16.473575 -41.683185 714.469729
-0.251531 0.001251 0.967848 0.181539 0.982311 0.045910 -0.950671 0.187250 -0.247309 20.024947 -41.381048 712.133207
-0.267516 0.000062 0.963553 0.194795 0.979355 0.054018 -0.943658 0.202146 -0.262005 23.264238 -41.038193 710.000395
-0.283316 -0.001233 0.959026 0.207338 0.976270 0.062507 -0.936345 0.216552 -0.276338 26.181207 -40.666529 708.070107
-0.298923 -0.002620 0.954274 0.219118 0.973089 0.071310 -0.928780 0.230415 -0.290305 28.767822 -40.278094 706.339115
-0.314328 -0.004083 0.949306 0.230090 0.969846 0.080357 -0.921008 0.243685 -0.303910 31.018297 -39.884833 704.802275
-0.329522 -0.005605 0.944131 0.240213 0.966578 0.089578 -0.913079 0.256310 -0.317162 32.929077 -39.498378 703.452697
-0.344497 -0.007168 0.938760 0.249448 0.963325 0.098895 -0.905040 0.268240 -0.330075 34.498807 -39.129848 702.281956
-0.359247 -0.008753 0.933202 0.257761 0.960127 0.108233 -0.896940 0.279426 -0.342666 35.728265 -38.789660 701.280364
-0.373764 -0.010340 0.927466 0.265124 0.957027 0.117513 -0.888825 0.289816 -0.354960 36.620271 -38.487358 700.437270
-0.388042 -0.011909 0.921565 0.271509 0.954066 0.126654 -0.880742 0.299360 -0.366984 37.179552 -38.231474 699.741416
-0.402076 -0.013440 0.915507 0.276895 0.951288 0.135573 -0.872733 0.308010 -0.378769 37.412582 -38.029397 699.181325
-0.415862 -0.014910 0.909306 0.281261 0.948737 0.144188 -0.864842 0.315714 -0.390350 37.327398 -37.887287 698.745737
-0.429393 -0.016297 0.902971 0.284590 0.946456 0.152414 -0.857106 0.322422 -0.401763 36.933375 -37.809991 698.424071
-0.442667 -0.017579 0.896514 0.286869 0.944486 0.160165 -0.849560 0.328082 -0.413049 36.240970 -37.800998 698.206924
-0.455679 -0.018732 0.889947 0.288086 0.942867 0.167355 -0.842237 0.332641 -0.424248 35.261442 -37.862391 698.086598
-0.468426 -0.019734 0.883283 0.288232 0.941639 0.173894 -0.835165 0.336046 -0.435400 34.006547 -37.994823 698.057651
-0.480905 -0.020560 0.876532 0.287298 0.940835 0.179693 -0.828366 0.338241 -0.446545 32.488190 -38.197478 698.117470
-0.493113 -0.021186 0.869708 0.285279 0.940487 0.184660 -0.821861 0.339168 -0.457722 30.718067 -38.468026 698.266863
-0.505238 -0.021696 0.862708 0.282659 0.940379 0.189186 -0.815377 0.339436 -0.468982 28.568935 -38.814473 698.571956
-0.517452 -0.022186 0.855424 0.279925 0.940275 0.193715 -0.808632 0.339693 -0.480337 25.926934 -39.253292 699.113205
-0.529732 -0.022655 0.847862 0.277082 0.940174 0.198239 -0.801629 0.339941 -0.491763 22.824095 -39.793102 699.914643
-0.542052 -0.023102 0.840027 0.274133 0.940077 0.202746 -0.794374 0.340178 -0.503238 19.293230 -40.441690 700.998568
-0.554389 -0.023525 0.831925 0.271081 0.939985 0.207227 -0.786872 0.340404 -0.514740 15.367832 -41.205945 702.385359
-0.566718 -0.023922 0.823564 0.267932 0.939897 0.211673 -0.779129 0.340618 -0.526248 11.081959 -42.091806 704.093323
-0.579018 -0.024292 0.814953 0.264691 0.939814 0.216075 -0.771153 0.340821 -0.537739 6.470100 -43.104212 706.138541
-0.591264 -0.024635 0.806101 0.261361 0.939736 0.220424 -0.762953 0.341012 -0.549194 1.567037 -44.247069 708.534745
-0.603437 -0.024948 0.797021 0.257950 0.939663 0.224712 -0.754537 0.341191 -0.560591 -3.592310 -45.523217 711.293200
-0.615513 -0.025232 0.787723 0.254464 0.939595 0.228931 -0.745917 0.341357 -0.571912 -8.973041 -46.934417 714.422611
-0.627473 -0.025486 0.778221 0.250908 0.939533 0.233074 -0.737104 0.341509 -0.583137 -14.540448 -48.481336 717.929045
-0.639298 -0.025709 0.768530 0.247289 0.939476 0.237134 -0.728112 0.341648 -0.594247 -20.260178 -50.163551 721.815872
-0.650967 -0.025901 0.758664 0.243614 0.939426 0.241104 -0.718953 0.341772 -0.605226 -26.098412 -51.979555 726.083721
-0.662464 -0.026062 0.748640 0.239891 0.939382 0.244979 -0.709644 0.341882 -0.616054 -32.022042 -53.926772 730.730462
-0.673771 -0.026192 0.738476 0.236127 0.939343 0.248753 -0.700198 0.341976 -0.626718 -37.998837 -56.001586 735.751194
-0.684871 -0.026290 0.728190 0.232329 0.939312 0.252421 -0.690633 0.342056 -0.637200 -43.997615 -58.199370 741.138259
-0.695750 -0.026358 0.717800 0.228507 0.939287 0.255979 -0.680967 0.342120 -0.647486 -49.988412 -60.514527 746.881274
-0.706393 -0.026396 0.707327 0.224667 0.939268 0.259423 -0.671217 0.342168 -0.657562 -55.942626 -62.940533 752.967171
-0.716787 -0.026405 0.696792 0.220819 0.939256 0.262750 -0.661404 0.342201 -0.667416 -61.833177 -65.469990 759.380265
-0.726920 -0.026386 0.686215 0.216971 0.939250 0.265956 -0.651545 0.342217 -0.677035 -67.634633 -68.094682 766.102322
-0.736779 -0.026339 0.675620 0.213130 0.939251 0.269040 -0.641663 0.342218 -0.686407 -73.323337 -70.805634 773.112657
-0.746355 -0.026266 0.665029 0.209307 0.939259 0.271999 -0.631779 0.342203 -0.695523 -78.877514 -73.593178 780.388233
-0.755638 -0.026167 0.654466 0.205509 0.939273 0.274833 -0.621914 0.342173 -0.704373 -84.277363 -76.447016 787.903774
-0.764620 -0.026046 0.643954 0.201745 0.939293 0.277540 -0.612090 0.342127 -0.712948 -89.505134 -79.356291 795.631897
-0.773294 -0.025902 0.633519 0.198024 0.939318 0.280120 -0.602331 0.342067 -0.721240 -94.545179 -82.309655 803.543241
-0.781652 -0.025739 0.623184 0.194355 0.939350 0.282574 -0.592661 0.341993 -0.729242 -99.383995 -85.295341 811.606613
-0.789689 -0.025557 0.612975 0.190746 0.939387 0.284902 -0.583101 0.341906 -0.736949 -104.010237 -88.301227 819.789138
-0.797401 -0.025358 0.602917 0.187205 0.939428 0.287104 -0.573678 0.341806 -0.744354 -108.414718 -91.314907 828.056411
-0.804783 -0.025145 0.593037 0.183742 0.939475 0.289182 -0.564414 0.341694 -0.751453 -112.590372 -94.323761 836.372662
-0.811832 -0.024919 0.583359 0.180364 0.939525 0.291137 -0.555336 0.341572 -0.758242 -116.532221 -97.315008 844.700913
-0.818546 -0.024683 0.573911 0.177080 0.939579 0.292973 -0.546466 0.341440 -0.764718 -120.237289 -100.275781 853.003146
-0.824923 -0.024439 0.564717 0.173898 0.939637 0.294690 -0.537831 0.341299 -0.770878 -123.704520 -103.193171 861.240467
-0.830961 -0.024188 0.555805 0.170826 0.939697 0.296291 -0.529455 0.341152 -0.776719 -126.934657 -106.054290 869.373271
-0.836660 -0.023934 0.547200 0.167872 0.939759 0.297779 -0.521363 0.340999 -0.782241 -129.930106 -108.846314 877.361404
-0.842019 -0.023679 0.538927 0.165044 0.939822 0.299156 -0.513580 0.340842 -0.787441 -132.694776 -111.556531 885.164330
-0.847039 -0.023424 0.531014 0.162348 0.939887 0.300427 -0.506130 0.340683 -0.792318 -135.233899 -114.172382 892.741288
-0.851719 -0.023172 0.523486 0.159793 0.939951 0.301593 -0.499039 0.340522 -0.796872 -137.553828 -116.681495 900.051448
-0.856060 -0.022926 0.516367 0.157386 0.940015 0.302658 -0.492332 0.340363 -0.801101 -139.661817 -119.071717 907.054071
-0.860062 -0.022687 0.509684 0.155134 0.940077 0.303625 -0.486031 0.340206 -0.805006 -141.565773 -121.331142 913.708662
-0.863726 -0.022459 0.503461 0.153044 0.940138 0.304497 -0.480161 0.340053 -0.808584 -143.274011 -123.448130 919.975115
-0.867051 -0.022242 0.497723 0.151122 0.940196 0.305276 -0.474747 0.339907 -0.811837 -144.794968 -125.411333 925.813870
-0.870037 -0.022040 0.492493 0.149377 0.940251 0.305966 -0.469810 0.339769 -0.814761 -146.136912 -127.209706 931.186060
-0.872684 -0.021855 0.487796 0.147813 0.940301 0.306570 -0.465375 0.339641 -0.817355 -147.307641 -128.832524 936.053663
-0.874990 -0.021688 0.483655 0.146437 0.940347 0.307089 -0.461464 0.339524 -0.819618 -148.314159 -130.269391 940.379652
-0.876953 -0.021542 0.480093 0.145257 0.940388 0.307525 -0.458098 0.339422 -0.821547 -149.162351 -131.510254 944.128155
-0.878571 -0.021418 0.477131 0.144277 0.940422 0.307880 -0.455299 0.339334 -0.823137 -149.856637 -132.545415 947.264615
-0.879839 -0.021319 0.474793 0.143505 0.940450 0.308157 -0.453088 0.339263 -0.824386 -150.399629 -133.365539 949.755965
-0.880754 -0.021246 0.473097 0.142946 0.940470 0.308354 -0.451485 0.339211 -0.825286 -150.791777 -133.961674 951.570810
-0.881308 -0.021201 0.472066 0.142606 0.940483 0.308472 -0.450510 0.339179 -0.825832 -151.031010 -134.325270 952.679620
-0.881495 -0.021186 0.471718 0.142491 0.940487 0.308512 -0.450181 0.339168 -0.826016 -151.112380 -134.448199 953.054946
