0.996195 0.000000 -0.087156 -0.000000 1.000000 0.000000 0.087156 0.000000 0.996195 -226.562681 -0.000000 747.945164
0.996103 0.001397 -0.088182 -0.001257 0.999998 0.001640 0.088184 -0.001523 0.996103 -226.376986 0.184872 747.912421
0.995818 0.005544 -0.091195 -0.004971 0.999966 0.006506 0.091228 -0.006026 0.995812 -225.827512 0.729288 747.815534
0.995298 0.012400 -0.096068 -0.011053 0.999833 0.014540 0.096232 -0.013410 0.995269 -224.925679 1.617948 747.656517
0.994478 0.021945 -0.102628 -0.019403 0.999481 0.025705 0.103139 -0.023572 0.994388 -223.682908 2.835553 747.437383
0.993270 0.034180 -0.110665 -0.029914 0.998753 0.039982 0.111894 -0.036402 0.993053 -222.110617 4.366803 747.160145
0.991567 0.049115 -0.119931 -0.042468 0.997450 0.057361 0.122443 -0.051784 0.991124 -220.220227 6.196398 746.826819
0.989245 0.066767 -0.130140 -0.056938 0.995339 0.077837 0.134731 -0.069590 0.988436 -218.023157 8.309038 746.439416
0.986170 0.087150 -0.140972 -0.073184 0.992150 0.101398 0.148702 -0.089679 0.984807 -215.530827 10.689424 745.999951
0.982200 0.110267 -0.152070 -0.091050 0.987583 0.128022 0.164299 -0.111897 0.980043 -212.754656 13.322255 745.510437
0.977185 0.136102 -0.163051 -0.110369 0.981306 0.157663 0.181461 -0.136070 0.973939 -209.706065 16.192233 744.972888
0.970979 0.164615 -0.173499 -0.130958 0.972963 0.190246 0.200126 -0.162004 0.966284 -206.396473 19.284057 744.389318
0.963436 0.195730 -0.182978 -0.152616 0.962178 0.225660 0.220225 -0.189483 0.956868 -202.837299 22.582427 743.761739
0.954419 0.229328 -0.191030 -0.175130 0.948561 0.263746 0.241688 -0.218269 0.945487 -199.039964 26.072045 743.092167
0.943802 0.265242 -0.197189 -0.198269 0.931716 0.304294 0.264436 -0.248097 0.931945 -195.015887 29.737609 742.382613
0.931474 0.303252 -0.200985 -0.221787 0.911249 0.347038 0.288387 -0.278680 0.916062 -190.776488 33.563821 741.635093
0.917341 0.343077 -0.201951 -0.245427 0.886781 0.391645 0.313451 -0.309707 0.897680 -186.333187 37.535381 740.851619
0.901333 0.384372 -0.199642 -0.268920 0.857953 0.437720 0.339531 -0.340843 0.876667 -181.697403 41.636988 740.034205
0.883404 0.426733 -0.193638 -0.291987 0.824446 0.484801 0.366525 -0.371736 0.852920 -176.880555 45.853343 739.184865
0.863537 0.469690 -0.183561 -0.314346 0.785987 0.532363 0.394323 -0.402014 0.826374 -171.894065 50.169147 738.305612
0.841744 0.512715 -0.169086 -0.335711 0.742366 0.579820 0.422806 -0.431296 0.797006 -166.749350 54.569100 737.398460
0.818068 0.555229 -0.149954 -0.355801 0.693444 0.626531 0.451853 -0.459191 0.764835 -161.457832 59.037901 736.465423
0.792585 0.596605 -0.125981 -0.374338 0.639168 0.671815 0.481332 -0.485311 0.729927 -156.030929 63.560251 735.508513
0.765403 0.636187 -0.097073 -0.391059 0.579579 0.714956 0.511107 -0.509268 0.692398 -150.480062 68.120851 734.529746
0.736664 0.673296 -0.063231 -0.405712 0.514820 0.755221 0.541040 -0.530691 0.652414 -144.816650 72.704400 733.531134
0.706538 0.707249 -0.024556 -0.418068 0.445142 0.791876 0.570984 -0.549225 0.610188 -139.052113 77.295600 732.514690
0.675226 0.737373 0.018744 -0.427924 0.370906 0.824203 0.600792 -0.564544 0.565985 -133.197870 81.879149 731.482429
0.642952 0.763027 0.066354 -0.435102 0.292581 0.851518 0.630317 -0.576356 0.520110 -127.265342 86.439749 730.436364
0.609964 0.783615 0.117859 -0.439458 0.210741 0.873192 0.659409 -0.584410 0.472911 -121.265947 90.962099 729.378509
0.576528 0.798607 0.172747 -0.440886 0.126056 0.888667 0.687920 -0.588503 0.424770 -115.211106 95.430900 728.310877
0.542923 0.807553 0.230417 -0.439314 0.039281 0.897474 0.715707 -0.588485 0.376096 -109.112239 99.830853 727.235483
0.509436 0.810099 0.290197 -0.434713 -0.048760 0.899248 0.742630 -0.584262 0.327321 -102.980764 104.146657 726.154338
0.476356 0.805999 0.351356 -0.427092 -0.137187 0.893740 0.768555 -0.575800 0.278886 -96.828103 108.363012 725.069458
0.443970 0.795122 0.413123 -0.416502 -0.225093 0.880829 0.793358 -0.563129 0.231235 -90.665674 112.464619 723.982855
0.412558 0.777463 0.474709 -0.403033 -0.311556 0.860522 0.816922 -0.546338 0.184808 -84.504897 116.436179 722.896544
0.382382 0.753137 0.535321 -0.386813 -0.395666 0.832961 0.839142 -0.525578 0.140027 -78.357192 120.262391 721.812538
0.353691 0.722386 0.594190 -0.368005 -0.476550 0.798419 0.859927 -0.501058 0.097291 -72.233978 123.927955 720.732850
0.326706 0.685565 0.650588 -0.346805 -0.553385 0.757292 0.879198 -0.473039 0.056963 -66.146676 127.417573 719.659494
0.301623 0.643139 0.703844 -0.323435 -0.625429 0.710090 0.896891 -0.441827 0.019370 -60.106704 130.715943 718.594485
0.278607 0.595666 0.753366 -0.298142 -0.692029 0.657425 0.912956 -0.407773 -0.015211 -54.125484 133.807767 717.539834
0.257789 0.543784 0.798651 -0.271190 -0.752640 0.599991 0.927362 -0.371258 -0.046553 -48.214433 136.677745 716.497556
0.239267 0.488195 0.839296 -0.242857 -0.806837 0.538548 0.940091 -0.332686 -0.074487 -42.384973 139.310576 715.469665
0.223099 0.429643 0.875005 -0.213428 -0.854321 0.473904 0.951144 -0.292478 -0.098900 -36.648523 141.690962 714.458174
0.209311 0.368897 0.905596 -0.183191 -0.894920 0.406889 0.960536 -0.251064 -0.119738 -31.016502 143.803602 713.465097
0.197891 0.306731 0.930997 -0.152431 -0.928596 0.338341 0.968299 -0.208868 -0.137006 -25.500330 145.633197 712.492447
0.188794 0.243909 0.951244 -0.121425 -0.955432 0.269083 0.974481 -0.166306 -0.150763 -20.111427 147.164447 711.542238
0.181941 0.181164 0.966476 -0.090440 -0.975632 0.199906 0.979141 -0.123779 -0.161123 -14.861213 148.382052 710.616484
0.177226 0.119186 0.976927 -0.059723 -0.989508 0.131555 0.982356 -0.081660 -0.168248 -9.761107 149.270712 709.717197
0.174514 0.058608 0.982909 -0.029507 -0.997467 0.064715 0.984212 -0.040297 -0.172343 -4.822529 149.815128 708.846393
0.173648 -0.000000 0.984808 -0.000000 -1.000000 0.000000 0.984808 -0.000000 -0.173648 -0.056898 150.000000 708.006084
0.174486 -0.057358 0.982988 0.029162 -0.997563 -0.063385 0.984228 0.039726 -0.172388 4.713151 149.751120 707.164995
0.177002 -0.114326 0.977548 0.058391 -0.990261 -0.126385 0.982477 0.079451 -0.168603 9.664952 149.016960 706.291859
0.181200 -0.170595 0.968537 0.087568 -0.978129 -0.188667 0.979540 0.118999 -0.162298 14.787036 147.816240 705.388697
0.187073 -0.225863 0.956028 0.116570 -0.961229 -0.249902 0.975405 0.158194 -0.153491 20.067934 146.167680 704.457533
0.194607 -0.279833 0.940118 0.145278 -0.939649 -0.309766 0.970063 0.196861 -0.142209 25.496177 144.090000 703.500387
0.203783 -0.332215 0.920926 0.173570 -0.913504 -0.367945 0.963507 0.234826 -0.128494 31.060296 141.601920 702.519283
0.214570 -0.382732 0.898597 0.201326 -0.882937 -0.424135 0.955734 0.271917 -0.112398 36.748820 138.722160 701.516242
0.226934 -0.431116 0.873292 0.228427 -0.848112 -0.478045 0.946743 0.307969 -0.093987 42.550283 135.469440 700.493288
0.240831 -0.477116 0.845199 0.254758 -0.809220 -0.529397 0.936535 0.342816 -0.073336 48.453213 131.862480 699.452442
0.256211 -0.520494 0.814520 0.280204 -0.766474 -0.577931 0.925117 0.376303 -0.050534 54.446143 127.920000 698.395727
0.273014 -0.561032 0.781477 0.304653 -0.720105 -0.623406 0.912496 0.408278 -0.025679 60.517602 123.660720 697.325165
0.291178 -0.598531 0.746308 0.327999 -0.670369 -0.665599 0.898684 0.438596 0.001121 66.656123 119.103360 696.242778
0.310629 -0.632811 0.709267 0.350138 -0.617534 -0.704312 0.883693 0.467121 0.029747 72.850235 114.266640 695.150589
0.331291 -0.663716 0.670618 0.370971 -0.561887 -0.739367 0.867541 0.493725 0.060072 79.088470 109.169280 694.050620
0.353078 -0.691110 0.630637 0.390405 -0.503728 -0.770611 0.850247 0.518290 0.091958 85.359358 103.830000 692.944893
0.375901 -0.714886 0.589608 0.408352 -0.443369 -0.797917 0.831834 0.540705 0.125262 91.651430 98.267520 691.835431
0.399664 -0.734956 0.547822 0.424729 -0.381130 -0.821185 0.812326 0.560874 0.159833 97.953218 92.500560 690.724256
0.424267 -0.751260 0.505574 0.439462 -0.317339 -0.840339 0.791752 0.578708 0.195513 104.253251 86.547840 689.613390
0.449605 -0.763765 0.463162 0.452480 -0.252329 -0.855331 0.770141 0.594133 0.232140 110.540062 80.428080 688.504855
0.475568 -0.772459 0.420882 0.463723 -0.186433 -0.866143 0.747527 0.607082 0.269546 116.802180 74.160000 687.400675
0.502043 -0.777361 0.379029 0.473137 -0.119987 -0.872780 0.723943 0.617506 0.307560 123.028137 67.762320 686.302871
0.528915 -0.778510 0.337892 0.480676 -0.053323 -0.875276 0.699428 0.625363 0.346008 129.206464 61.253760 685.213465
0.556065 -0.775973 0.297755 0.486300 0.013233 -0.873692 0.674021 0.630627 0.384714 135.325691 54.653040 684.134480
0.583371 -0.769840 0.258890 0.489981 0.079360 -0.868113 0.647763 0.633284 0.423504 141.374349 47.978880 683.067939
0.610712 -0.760224 0.221562 0.491697 0.144748 -0.858651 0.620697 0.633330 0.462199 147.340969 41.250000 682.015863
0.637965 -0.747260 0.186019 0.491435 0.209097 -0.845441 0.592868 0.630778 0.500626 153.214083 34.485120 680.980274
0.665006 -0.731103 0.152497 0.489190 0.272122 -0.828639 0.564322 0.625650 0.538612 158.982220 27.702960 679.963196
0.691712 -0.711928 0.121214 0.484968 0.333553 -0.808423 0.535108 0.617981 0.575985 164.633912 20.922240 678.966650
0.717961 -0.689927 0.092371 0.478781 0.393136 -0.784993 0.505273 0.607819 0.612580 170.157689 14.161680 677.992659
0.743631 -0.665310 0.066148 0.470650 0.450636 -0.758561 0.474869 0.595223 0.648235 175.542083 7.440000 677.043245
0.768605 -0.638297 0.042707 0.460607 0.505840 -0.729361 0.443946 0.580261 0.682795 180.775625 0.775920 676.120431
0.792765 -0.609124 0.022184 0.448689 0.558553 -0.697636 0.412556 0.563016 0.716108 185.846844 -5.811840 675.226238
0.815999 -0.578035 0.004698 0.434943 0.608605 -0.663644 0.380750 0.543576 0.748034 190.744273 -12.304560 674.362689
0.838196 -0.545283 -0.009659 0.419425 0.655849 -0.627651 0.348582 0.522043 0.778435 195.456441 -18.683520 673.531807
0.859253 -0.511126 -0.020818 0.402196 0.700158 -0.589929 0.316104 0.498526 0.807187 199.971881 -24.930000 672.735613
0.879069 -0.475827 -0.028732 0.383326 0.741435 -0.550759 0.283369 0.473141 0.834170 204.279122 -31.025280 671.976130
0.897549 -0.439650 -0.033380 0.362893 0.779602 -0.510420 0.250430 0.446014 0.859277 208.366696 -36.950640 671.255381
0.914602 -0.402858 -0.034764 0.340980 0.814609 -0.469197 0.217339 0.417274 0.882409 212.223133 -42.687360 670.575387
0.930146 -0.365711 -0.032907 0.317675 0.846427 -0.427368 0.184147 0.387061 0.903479 215.836964 -48.216720 669.938171
0.944105 -0.328467 -0.027858 0.293076 0.875053 -0.385211 0.150907 0.355515 0.922408 219.196721 -53.520000 669.345755
0.956407 -0.291373 -0.019686 0.267283 0.900507 -0.342997 0.117668 0.322783 0.939130 222.290934 -58.578480 668.800162
0.966990 -0.254672 -0.008481 0.240401 0.922828 -0.300990 0.084480 0.289016 0.953590 225.108133 -63.373440 668.303413
0.975800 -0.218593 0.005648 0.212541 0.942081 -0.259442 0.051392 0.254364 0.965742 227.636850 -67.886160 667.857532
0.982787 -0.183356 0.022571 0.183816 0.958346 -0.218596 0.018451 0.218983 0.975554 229.865616 -72.097920 667.464541
0.987914 -0.149166 0.042143 0.154344 0.971726 -0.178682 -0.014298 0.183026 0.983004 231.782962 -75.990000 667.126461
0.991147 -0.116212 0.064203 0.124242 0.982338 -0.139912 -0.046809 0.146650 0.988080 233.377418 -79.543680 666.845315
0.992464 -0.084670 0.088575 0.093634 0.990318 -0.102487 -0.079040 0.110008 0.990783 234.637515 -82.740240 666.623126
0.991850 -0.054698 0.115074 0.062642 0.995812 -0.066587 -0.110950 0.073253 0.991123 235.551784 -85.560960 666.461916
0.989297 -0.026434 0.143500 0.031389 0.998983 -0.032376 -0.142498 0.036534 0.989121 236.108756 -87.987120 666.363707
0.984808 -0.000000 0.173648 0.000000 1.000000 -0.000000 -0.173648 0.000000 0.984808 236.296962 -90.000000 666.330521
0.978236 0.025082 0.205972 -0.032010 0.999026 0.030369 -0.205010 -0.036302 0.978087 236.238347 -91.752480 666.340856
0.969300 0.049178 0.240913 -0.065060 0.996170 0.058414 -0.237118 -0.072295 0.968787 236.064390 -93.411840 666.371530
0.957817 0.072027 0.278205 -0.098907 0.991561 0.083806 -0.269821 -0.107787 0.956859 235.777929 -94.980960 666.422040
0.943635 0.093399 0.317537 -0.133281 0.985367 0.106246 -0.302967 -0.142579 0.942275 235.381800 -96.462720 666.491889
0.926632 0.113095 0.358555 -0.167890 0.977788 0.125475 -0.336400 -0.176467 0.925038 234.878839 -97.860000 666.580574
0.906725 0.130956 0.400874 -0.202419 0.969055 0.141279 -0.369967 -0.209246 0.905174 234.271883 -99.175680 666.687597
0.883869 0.146862 0.444080 -0.236537 0.959421 0.153499 -0.403516 -0.240715 0.882741 233.563766 -100.412640 666.812457
0.858063 0.160740 0.487741 -0.269905 0.949156 0.162029 -0.436897 -0.270675 0.857820 232.757327 -101.573760 666.954654
0.829349 0.172560 0.531416 -0.302176 0.938541 0.166827 -0.469967 -0.298939 0.830522 231.855401 -102.661920 667.113688
0.797818 0.182341 0.574664 -0.333006 0.927854 0.167911 -0.502587 -0.325329 0.800979 230.860824 -103.680000 667.289059
0.763603 0.190142 0.617054 -0.362058 0.917371 0.165363 -0.534625 -0.349682 0.769350 229.776432 -104.630880 667.480266
0.726885 0.196066 0.658177 -0.389010 0.907351 0.159326 -0.565959 -0.371849 0.735811 228.605062 -105.517440 667.686810
0.687884 0.200254 0.697649 -0.413561 0.898035 0.150000 -0.596475 -0.391703 0.700561 227.349551 -106.342560 667.908191
0.646863 0.202878 0.735125 -0.435438 0.889634 0.137638 -0.626069 -0.409135 0.663812 226.012733 -107.109120 668.143908
0.604116 0.204136 0.770307 -0.454400 0.882329 0.122542 -0.654649 -0.424057 0.625788 224.597446 -107.820000 668.393461
0.559969 0.204247 0.802943 -0.470244 0.876262 0.105049 -0.682133 -0.436404 0.586725 223.106526 -108.478080 668.656351
0.514771 0.203438 0.832841 -0.482812 0.871537 0.085531 -0.708451 -0.446134 0.546864 221.542809 -109.086240 668.932076
0.468889 0.201942 0.859862 -0.491989 0.868218 0.064381 -0.733546 -0.453230 0.506451 219.909131 -109.647360 669.220138
0.422698 0.199987 0.883930 -0.497711 0.866326 0.042002 -0.757371 -0.457696 0.465730 218.208329 -110.164320 669.520035
0.376578 0.197790 0.905024 -0.499961 0.865844 0.018805 -0.779890 -0.459558 0.424945 216.443238 -110.640000 669.831268
0.330902 0.195547 0.923182 -0.498772 0.866720 -0.004809 -0.801081 -0.458866 0.384333 214.616696 -111.077280 670.153337
0.286034 0.193432 0.938493 -0.494227 0.868867 -0.028451 -0.820929 -0.455691 0.344125 212.731537 -111.479040 670.485741
0.242317 0.191588 0.951092 -0.486454 0.872172 -0.051753 -0.839431 -0.450122 0.304541 210.790599 -111.848160 670.827981
0.200072 0.190123 0.961158 -0.475621 0.876500 -0.074373 -0.856595 -0.442267 0.265789 208.796718 -112.187520 671.179556
0.159586 0.189110 0.968901 -0.461940 0.881700 -0.096005 -0.872436 -0.432253 0.228064 206.752730 -112.500000 671.539966
0.121114 0.188584 0.974560 -0.445651 0.887610 -0.116375 -0.886976 -0.420219 0.191545 204.661471 -112.788480 671.908712
0.084872 0.188542 0.978391 -0.427028 0.894067 -0.135249 -0.900247 -0.406321 0.156394 202.525777 -113.055840 672.285292
0.051034 0.188945 0.980661 -0.406362 0.900908 -0.152431 -0.912286 -0.390724 0.122757 200.348486 -113.304960 672.669207
0.019730 0.189717 0.981640 -0.383964 0.907980 -0.167764 -0.923137 -0.373604 0.090759 198.132432 -113.538720 673.059957
-0.008950 0.190755 0.981597 -0.360155 0.915141 -0.181124 -0.932850 -0.355148 0.060510 195.880452 -113.760000 673.457042
-0.034964 0.191924 0.980787 -0.335259 0.922266 -0.192424 -0.941477 -0.335545 0.032099 193.595383 -113.971680 673.859961
-0.058307 0.193070 0.979451 -0.309601 0.929248 -0.201605 -0.949077 -0.314994 0.005593 191.280061 -114.176640 674.268215
-0.079017 0.194018 0.977810 -0.283500 0.936002 -0.208632 -0.955711 -0.293695 -0.018956 188.937321 -114.377760 674.681303
-0.097167 0.194580 0.976062 -0.257263 0.942463 -0.213492 -0.961444 -0.271849 -0.041518 186.570001 -114.577920 675.098726
-0.112862 0.194559 0.974376 -0.231184 0.948587 -0.216187 -0.966342 -0.249659 -0.062081 184.180936 -114.780000 675.519982
-0.126239 0.193754 0.972894 -0.205540 0.954349 -0.216730 -0.970473 -0.227328 -0.080651 181.772963 -114.986880 675.944573
-0.137455 0.191963 0.971729 -0.180587 0.959741 -0.215140 -0.973907 -0.205054 -0.097255 179.348918 -115.201440 676.371998
-0.146689 0.188987 0.970962 -0.156563 0.964771 -0.211435 -0.976714 -0.183032 -0.111933 176.911637 -115.426560 676.801756
-0.154135 0.184632 0.970646 -0.133681 0.969456 -0.205634 -0.978965 -0.161452 -0.124745 174.463956 -115.665120 677.233348
-0.159996 0.178713 0.970805 -0.112135 0.973818 -0.197748 -0.980728 -0.140501 -0.135767 172.008712 -115.920000 677.666274
-0.164479 0.171054 0.971436 -0.092098 0.977883 -0.187783 -0.982072 -0.120353 -0.145087 169.548741 -116.194080 678.100033
-0.167791 0.161488 0.972506 -0.073721 0.981674 -0.175730 -0.983062 -0.101180 -0.152811 167.086880 -116.490240 678.534126
-0.170138 0.149861 0.973958 -0.057140 0.985205 -0.161573 -0.983762 -0.083142 -0.159057 164.625963 -116.811360 678.968052
-0.171711 0.136029 0.975711 -0.042473 0.988478 -0.145284 -0.984231 -0.066389 -0.163955 162.168828 -117.160320 679.401311
-0.172694 0.119859 0.977656 -0.029827 0.991477 -0.126822 -0.984524 -0.051062 -0.167647 159.718312 -117.540000 679.833403
-0.173249 0.101227 0.979662 -0.019297 0.994164 -0.106138 -0.984689 -0.037293 -0.170285 157.277249 -117.953280 680.263828
-0.173519 0.080022 0.981574 -0.010970 0.996475 -0.083175 -0.984769 -0.025200 -0.172030 154.848477 -118.403040 680.692087
-0.173622 0.056141 0.983211 -0.004926 0.998312 -0.057873 -0.984800 -0.014891 -0.173053 152.434831 -118.892160 681.117677
-0.173647 0.029493 0.984366 -0.001244 0.999544 -0.030167 -0.984807 -0.006463 -0.173531 150.039148 -119.423520 681.540101
-0.173648 -0.000000 0.984808 -0.000000 1.000000 0.000000 -0.984808 -0.000000 -0.173648 147.664265 -120.000000 681.958857
-0.173646 -0.033214 0.984248 -0.001447 0.999439 0.033472 -0.984807 0.004389 -0.173596 145.292769 -120.611760 682.377016
-0.173613 -0.070805 0.982265 -0.005708 0.997468 0.070892 -0.984797 0.006701 -0.173578 142.905043 -121.246080 682.798036
-0.173476 -0.112481 0.978394 -0.012666 0.993629 0.111987 -0.984757 0.007035 -0.173796 140.500616 -121.901520 683.222002
-0.173120 -0.157911 0.972159 -0.022199 0.987438 0.156440 -0.984651 0.005502 -0.174451 138.079013 -122.576640 683.648995
-0.172395 -0.206717 0.963093 -0.034182 0.978398 0.203884 -0.984435 0.002228 -0.175737 135.639762 -123.270000 684.079101
-0.171123 -0.258469 0.950742 -0.048480 0.966016 0.253895 -0.984056 -0.002645 -0.177839 133.182391 -123.980160 684.512402
-0.169108 -0.312680 0.934684 -0.064949 0.949816 0.305991 -0.983455 -0.008961 -0.180930 130.706427 -124.705680 684.948981
-0.166136 -0.368809 0.914537 -0.083428 0.929358 0.359630 -0.982567 -0.016551 -0.185169 128.211397 -125.445120 685.388922
-0.161985 -0.426260 0.889979 -0.103743 0.904249 0.414212 -0.981325 -0.025233 -0.190696 125.696828 -126.197040 685.832309
-0.156435 -0.484385 0.860755 -0.125697 0.874162 0.469085 -0.979657 -0.034813 -0.197635 123.162248 -126.960000 686.279224
-0.149267 -0.542494 0.826692 -0.149075 0.838848 0.523555 -0.977495 -0.045090 -0.206085 120.607184 -127.732560 686.729750
-0.140278 -0.599864 0.787709 -0.173642 0.798150 0.576893 -0.974767 -0.055854 -0.216124 118.031163 -128.513280 687.183972
-0.129279 -0.655749 0.743828 -0.199140 0.752009 0.628351 -0.971406 -0.066893 -0.227805 115.433713 -129.300720 687.641973
-0.116108 -0.709400 0.695176 -0.225294 0.700477 0.677181 -0.967348 -0.077993 -0.241155 112.814361 -130.093440 688.103835
-0.100632 -0.760078 0.641993 -0.251812 0.643717 0.722647 -0.962530 -0.088940 -0.256175 110.172634 -130.890000 688.569643
-0.082753 -0.807070 0.584628 -0.278387 0.582007 0.764048 -0.956897 -0.099525 -0.272840 107.508059 -131.688960 689.039479
-0.062411 -0.849716 0.523534 -0.304705 0.515734 0.800733 -0.950400 -0.109549 -0.291100 104.820164 -132.488880 689.513428
-0.039589 -0.887417 0.459265 -0.330449 0.445391 0.832124 -0.942993 -0.118821 -0.310878 102.108476 -133.288320 689.991572
-0.014314 -0.919658 0.392459 -0.355301 0.371562 0.857731 -0.934643 -0.127163 -0.332074 99.372523 -134.085840 690.473994
0.013341 -0.946023 0.323826 -0.378953 0.294912 0.877167 -0.925320 -0.134417 -0.354564 96.611831 -134.880000 690.960778
0.043259 -0.966203 0.254128 -0.401114 0.216168 0.890157 -0.915006 -0.140442 -0.378206 93.825928 -135.669360 691.452008
0.075278 -0.980009 0.184162 -0.421510 0.136101 0.896552 -0.903694 -0.145117 -0.402838 91.014341 -136.452480 691.947767
0.109197 -0.987376 0.114734 -0.439899 0.055505 0.896331 -0.891384 -0.148348 -0.428285 88.176598 -137.227920 692.448138
0.144777 -0.988364 0.046639 -0.456068 -0.024827 0.889599 -0.878090 -0.150064 -0.454356 85.312225 -137.994240 692.953204
0.181748 -0.983155 -0.019360 -0.469846 -0.104118 0.876586 -0.863836 -0.150221 -0.480855 82.420751 -138.750000 693.463049
0.219812 -0.972043 -0.082556 -0.481104 -0.181634 0.857641 -0.848659 -0.148802 -0.507579 79.501702 -139.493760 693.977756
0.258657 -0.955429 -0.142311 -0.489756 -0.256696 0.833214 -0.832608 -0.145819 -0.534323 76.554606 -140.224080 694.497408
0.297953 -0.933803 -0.198079 -0.495767 -0.328700 0.803848 -0.815744 -0.141308 -0.560886 73.578990 -140.939520 695.022090
0.337370 -0.907731 -0.249412 -0.499149 -0.397126 0.770157 -0.798143 -0.135334 -0.587071 70.574380 -141.638640 695.551883
0.376578 -0.877833 -0.295970 -0.499961 -0.461550 0.732810 -0.779890 -0.127987 -0.612691 67.540306 -142.320000 696.086873
0.415257 -0.844769 -0.337529 -0.498307 -0.521645 0.692515 -0.761086 -0.119378 -0.637572 64.476293 -142.982160 696.627141
0.453106 -0.809219 -0.373979 -0.494337 -0.577186 0.649990 -0.741840 -0.109643 -0.661553 61.381870 -143.623680 697.172771
0.489840 -0.771863 -0.405320 -0.488236 -0.628045 0.605958 -0.722275 -0.098931 -0.684493 58.256563 -144.243120 697.723847
0.525206 -0.733370 -0.431656 -0.480227 -0.674187 0.561118 -0.702524 -0.087410 -0.706271 55.099899 -144.839040 698.280452
0.558978 -0.694379 -0.453191 -0.470559 -0.715664 0.516140 -0.682729 -0.075258 -0.726786 51.911407 -145.410000 698.842669
0.590963 -0.655490 -0.470208 -0.459504 -0.752599 0.471647 -0.663038 -0.062663 -0.745958 48.690613 -145.954560 699.410582
0.621000 -0.617257 -0.483065 -0.447353 -0.785183 0.428210 -0.643610 -0.049817 -0.763731 45.437044 -146.471280 699.984274
0.648965 -0.580178 -0.492177 -0.434408 -0.813653 0.386340 -0.624607 -0.036916 -0.780066 42.150229 -146.958720 700.563828
0.674765 -0.544692 -0.497999 -0.420975 -0.838288 0.346487 -0.606196 -0.024152 -0.794949 38.829693 -147.415440 701.149328
0.698335 -0.511185 -0.501018 -0.407362 -0.859391 0.309037 -0.588545 -0.011716 -0.808379 35.474966 -147.840000 701.740857
0.719639 -0.479984 -0.501733 -0.393871 -0.877277 0.274317 -0.571827 0.000209 -0.820374 32.085572 -148.230960 702.338499
0.738663 -0.451364 -0.500647 -0.380798 -0.892266 0.242597 -0.556210 0.011448 -0.830963 28.661041 -148.586880 702.942336
0.755411 -0.425557 -0.498252 -0.368424 -0.904668 0.214100 -0.541865 0.021835 -0.840182 25.200900 -148.906320 703.552452
0.769900 -0.402753 -0.495020 -0.357017 -0.914776 0.189005 -0.528955 0.031216 -0.848076 21.704674 -149.187840 704.168931
0.782149 -0.383112 -0.491393 -0.346827 -0.922859 0.167459 -0.517642 0.039450 -0.854687 18.171893 -149.430000 704.791856
0.792183 -0.366772 -0.487775 -0.338082 -0.929153 0.149586 -0.508081 0.046409 -0.860058 14.602083 -149.631360 705.421310
0.800015 -0.353856 -0.484522 -0.330993 -0.933855 0.135495 -0.500419 0.051976 -0.864222 10.994772 -149.790480 706.057376
0.805648 -0.344479 -0.481940 -0.325745 -0.937119 0.125289 -0.494795 0.056050 -0.867200 7.349486 -149.905920 706.700138
0.809063 -0.338760 -0.480270 -0.322501 -0.939049 0.119078 -0.491336 0.058546 -0.869000 3.665754 -149.976240 707.349680
0.810216 -0.336824 -0.479687 -0.321394 -0.939693 0.116978 -0.490159 0.059391 -0.869607 -0.056898 -150.000000 708.006084
0.807576 -0.340481 -0.481554 -0.323920 -0.938408 0.120279 -0.492847 0.058850 -0.868124 -3.919157 -149.822400 708.687104
0.799706 -0.351271 -0.486907 -0.331278 -0.934521 0.130098 -0.500725 0.057261 -0.863710 -8.012884 -149.299200 709.408939
0.786567 -0.368927 -0.495181 -0.343022 -0.927847 0.146407 -0.513467 0.054699 -0.856365 -12.325318 -148.444800 710.169337
0.767997 -0.393173 -0.505566 -0.358555 -0.918034 0.169270 -0.530679 0.051274 -0.846021 -16.843695 -147.273600 710.966049
0.743754 -0.423697 -0.517021 -0.377126 -0.904577 0.198789 -0.551912 0.047132 -0.832569 -21.555251 -145.800000 711.796823
0.713572 -0.460124 -0.528299 -0.397832 -0.886839 0.235045 -0.576666 0.042453 -0.815876 -26.447225 -144.038400 712.659410
0.677217 -0.501974 -0.537958 -0.419619 -0.864072 0.278028 -0.604397 0.037452 -0.795802 -31.506852 -142.003200 713.551559
0.634542 -0.548623 -0.544398 -0.441287 -0.835442 0.327569 -0.634525 0.032380 -0.772224 -36.721370 -139.708800 714.471019
0.585547 -0.599273 -0.545900 -0.461510 -0.800072 0.383268 -0.666441 0.027517 -0.745049 -42.078015 -137.169600 715.415540
0.530435 -0.652910 -0.540691 -0.478861 -0.757081 0.444433 -0.699522 0.023173 -0.714236 -47.564024 -134.400000 716.382872
0.469664 -0.708288 -0.527014 -0.491863 -0.705649 0.510029 -0.733134 0.019676 -0.679799 -53.166635 -131.414400 717.370763
0.403981 -0.763913 -0.503226 -0.499040 -0.645085 0.578640 -0.766654 0.017370 -0.641825 -58.873084 -128.227200 718.376964
0.334446 -0.818056 -0.467900 -0.498987 -0.574899 0.648462 -0.799473 0.016601 -0.600472 -64.670608 -124.852800 719.399224
0.262440 -0.868779 -0.419939 -0.490453 -0.494884 0.717319 -0.831012 0.017707 -0.555972 -70.546443 -121.305600 720.435292
0.189643 -0.913991 -0.358686 -0.472417 -0.405190 0.782715 -0.860731 0.021013 -0.508627 -76.487828 -117.600000 721.482919
0.117993 -0.951528 -0.284028 -0.444179 -0.306390 0.841921 -0.888135 0.026818 -0.458800 -82.481998 -113.750400 722.539853
0.049620 -0.979253 -0.196471 -0.405422 -0.199526 0.892089 -0.912782 0.035388 -0.406912 -88.516191 -109.771200 723.603844
-0.013242 -0.995177 -0.097194 -0.356282 -0.086126 0.930401 -0.934285 0.046949 -0.353423 -94.577643 -105.676800 724.672641
-0.068365 -0.997589 0.011947 -0.297370 0.031807 0.954232 -0.952312 0.061683 -0.298827 -100.653592 -101.481600 725.743995
-0.113640 -0.985183 0.128455 -0.229790 0.151850 0.961321 -0.966583 0.079727 -0.243641 -106.731274 -97.200000 726.815654
-0.147201 -0.957179 0.249279 -0.155109 0.271245 0.949930 -0.976869 0.101165 -0.188394 -112.797926 -92.846400 727.885369
-0.167536 -0.913414 0.370953 -0.075301 0.387028 0.918988 -0.982986 0.126031 -0.133622 -118.840785 -88.435200 728.950888
-0.173590 -0.854400 0.489762 0.007338 0.496177 0.868191 -0.984791 0.154304 -0.079862 -124.847088 -83.980800 730.009961
-0.164835 -0.781337 0.601948 0.090304 0.595778 0.798056 -0.982178 0.185906 -0.027648 -130.804072 -79.497600 731.060338
-0.141314 -0.696081 0.703919 0.171010 0.683201 0.709924 -0.975082 0.220700 0.022491 -136.698974 -75.000000 732.099768
-0.103650 -0.601057 0.792456 0.246932 0.756252 0.605895 -0.963474 0.258484 0.070035 -142.519030 -70.502400 733.126001
-0.053012 -0.499139 0.864899 0.315738 0.813305 0.488717 -0.947365 0.298989 0.114482 -148.251478 -66.019200 734.136786
0.008945 -0.393485 0.919288 0.375412 0.853399 0.361630 -0.926815 0.341877 0.155352 -153.883554 -61.564800 735.129873
0.080174 -0.287358 0.954462 0.424358 0.876275 0.228172 -0.901938 0.386740 0.192197 -159.402496 -57.153600 736.103012
0.158357 -0.183942 0.970097 0.461471 0.882374 0.091979 -0.872908 0.433106 0.224614 -164.795539 -52.800000 737.053951
0.241031 -0.086169 0.966685 0.486173 0.872783 -0.043422 -0.839964 0.480442 0.252260 -170.049922 -48.518400 737.980440
0.325718 0.003434 0.945461 0.498420 0.849132 -0.174793 -0.803421 0.528170 0.274865 -175.152880 -44.323200 738.880229
0.410053 0.082858 0.908290 0.498671 0.813465 -0.299336 -0.763665 0.575682 0.292245 -180.091652 -40.228800 739.751068
0.491892 0.150683 0.857518 0.487830 0.768091 -0.414799 -0.721155 0.622359 0.304311 -184.853473 -36.249600 740.590706
0.569397 0.206103 0.795807 0.467164 0.715427 -0.519540 -0.676420 0.667597 0.311078 -189.425581 -32.400000 741.396892
0.641097 0.248914 0.725973 0.438215 0.657848 -0.612539 -0.630049 0.710829 0.312666 -193.795212 -28.694400 742.167376
0.705920 0.279462 0.650829 0.402692 0.597562 -0.693368 -0.582680 0.751546 0.309294 -197.949604 -25.147200 742.899907
0.763197 0.298557 0.573056 0.362379 0.536506 -0.762131 -0.534988 0.789319 0.301269 -201.875993 -21.772800 743.592235
0.812646 0.307383 0.495098 0.319043 0.476279 -0.819372 -0.487666 0.823817 0.288977 -205.561617 -18.585600 744.242110
0.854328 0.307393 0.419087 0.274366 0.418102 -0.865976 -0.441416 0.854810 0.272858 -208.993711 -15.600000 744.847281
0.888596 0.300203 0.346808 0.229879 0.362818 -0.903061 -0.396930 0.882180 0.253388 -212.159513 -12.830400 745.405497
0.916033 0.287510 0.279682 0.186936 0.310909 -0.931875 -0.354879 0.905911 0.231057 -215.046261 -10.291200 745.914509
0.937385 0.271008 0.218779 0.146685 0.262542 -0.953706 -0.315900 0.926081 0.206350 -217.641190 -7.996800 746.372065
0.953494 0.252338 0.164850 0.110077 0.217625 -0.969805 -0.280594 0.942850 0.179727 -219.931538 -5.961600 746.775915
0.965235 0.233048 0.118362 0.077872 0.175873 -0.981328 -0.249513 0.956429 0.151611 -221.904541 -4.200000 747.123809
0.973463 0.214575 0.079548 0.050670 0.136881 -0.989291 -0.223166 0.967068 0.122376 -223.547436 -2.726400 747.413495
0.978956 0.198238 0.048454 0.028937 0.100191 -0.994547 -0.202012 0.975020 0.092346 -224.847461 -1.555200 747.642725
0.982375 0.185246 0.024979 0.013045 0.065363 -0.997776 -0.186467 0.980516 0.061794 -225.791853 -0.700800 747.809247
0.984223 0.176708 0.008920 0.003306 0.032037 -0.999481 -0.176902 0.983742 0.030947 -226.367847 -0.177600 747.910810
0.984808 0.173648 0.000000 0.000000 -0.000000 -1.000000 -0.173648 0.984808 -0.000000 -226.562681 -0.000000 747.945164
0.984445 0.175658 -0.003592 0.002066 -0.032022 -0.999485 -0.175683 0.983930 -0.031887 -226.469400 -0.094720 747.928716
0.983326 0.181809 -0.003832 0.008154 -0.065130 -0.997843 -0.181667 0.981175 -0.065526 -226.194600 -0.373760 747.880262
0.981343 0.192260 -0.001297 0.018092 -0.099057 -0.994917 -0.191411 0.976332 -0.100687 -225.745842 -0.829440 747.801134
0.978309 0.207122 0.003408 0.031702 -0.133439 -0.990550 -0.204709 0.969172 -0.137111 -225.130692 -1.454080 747.692666
0.973975 0.226449 0.009666 0.048791 -0.167827 -0.984608 -0.221341 0.959456 -0.174508 -224.356712 -2.240000 747.556193
0.968041 0.250225 0.016852 0.069144 -0.201698 -0.977004 -0.241072 0.946945 -0.212553 -223.431465 -3.179520 747.393047
0.960172 0.278347 0.024347 0.092511 -0.234476 -0.967710 -0.263650 0.931420 -0.250888 -222.362516 -4.264960 747.204562
0.950011 0.310619 0.031552 0.118602 -0.265551 -0.956774 -0.288813 0.912688 -0.289116 -221.157426 -5.488640 746.992072
0.937194 0.346742 0.037908 0.147080 -0.294299 -0.944328 -0.316282 0.890594 -0.326814 -219.823760 -6.842880 746.756911
0.921369 0.386314 0.042908 0.177553 -0.320109 -0.930594 -0.345766 0.865038 -0.363530 -218.369081 -8.320000 746.500412
0.902206 0.428832 0.046122 0.209574 -0.342411 -0.915878 -0.376965 0.835977 -0.398798 -216.800952 -9.912320 746.223908
0.879421 0.473698 0.047213 0.242637 -0.360697 -0.900569 -0.409569 0.803435 -0.432141 -215.126936 -11.612160 745.928734
0.852784 0.520238 0.045951 0.276184 -0.374546 -0.885120 -0.443262 0.767508 -0.463088 -213.354597 -13.411840 745.616223
0.822142 0.567713 0.042230 0.309610 -0.383648 -0.870032 -0.477727 0.728365 -0.491183 -211.491499 -15.303680 745.287708
0.787427 0.615352 0.036072 0.342274 -0.387817 -0.855831 -0.512648 0.686251 -0.515996 -209.545203 -17.280000 744.944524
0.748666 0.662371 0.027630 0.373509 -0.387004 -0.843041 -0.547714 0.641476 -0.537139 -207.523275 -19.333120 744.588003
0.705994 0.708009 0.017186 0.402646 -0.381300 -0.832158 -0.582623 0.594418 -0.554272 -205.433277 -21.455360 744.219480
0.659654 0.751552 0.005136 0.429022 -0.370933 -0.823619 -0.617087 0.545508 -0.567120 -203.282772 -23.639040 743.840288
0.609999 0.792362 -0.008023 0.452008 -0.356259 -0.817782 -0.650838 0.495220 -0.575471 -201.079323 -25.876480 743.451761
0.557485 0.829903 -0.021722 0.471029 -0.337742 -0.814900 -0.683624 0.444063 -0.579194 -198.830495 -28.160000 743.055232
0.502666 0.863758 -0.035345 0.485577 -0.315937 -0.815107 -0.715222 0.392564 -0.578232 -196.543850 -30.481920 742.652035
0.446176 0.893643 -0.048260 0.495238 -0.291458 -0.818408 -0.745430 0.341254 -0.572608 -194.226952 -32.834560 742.243503
0.388715 0.919412 -0.059852 0.499703 -0.264952 -0.824680 -0.774079 0.290657 -0.562424 -191.887364 -35.210240 741.830970
0.331027 0.941054 -0.069555 0.498780 -0.237070 -0.833676 -0.801024 0.241276 -0.547856 -189.532649 -37.601280 741.415771
0.273877 0.958687 -0.076881 0.492404 -0.208436 -0.845040 -0.826154 0.193580 -0.529147 -187.170371 -40.000000 740.999237
0.218027 0.972539 -0.081438 0.480639 -0.179625 -0.858325 -0.849383 0.147996 -0.506603 -184.808093 -42.398720 740.582704
0.164211 0.982931 -0.082954 0.463676 -0.151141 -0.873019 -0.870655 0.104896 -0.480580 -182.453379 -44.789760 740.167504
0.113112 0.990252 -0.081282 0.441827 -0.123404 -0.888572 -0.889941 0.064596 -0.451479 -180.113790 -47.165440 739.754972
0.065340 0.994934 -0.076406 0.415516 -0.096743 -0.904427 -0.907236 0.027347 -0.419732 -177.796892 -49.518080 739.346440
0.021412 0.997426 -0.068432 0.385257 -0.071393 -0.920044 -0.922561 -0.006664 -0.385794 -175.510248 -51.840000 738.943243
-0.018258 0.998174 -0.057580 0.351643 -0.047500 -0.934928 -0.935956 -0.037318 -0.350133 -173.261419 -54.123520 738.546714
-0.053376 0.997597 -0.044166 0.315322 -0.025128 -0.948652 -0.947483 -0.064562 -0.313223 -171.057971 -56.360960 738.158186
-0.083767 0.996075 -0.028581 0.276975 -0.004278 -0.960868 -0.957219 -0.088405 -0.275529 -168.907466 -58.544640 737.778994
-0.109380 0.993936 -0.011267 0.237296 0.015104 -0.971320 -0.965260 -0.108917 -0.237509 -166.817468 -60.666880 737.410471
-0.130283 0.991450 0.007304 0.196971 0.033102 -0.979850 -0.971714 -0.126219 -0.199600 -164.795539 -62.720000 737.053951
-0.146655 0.988828 0.026655 0.156658 0.049824 -0.986395 -0.976704 -0.140484 -0.162215 -162.849244 -64.696320 736.710766
-0.158775 0.986228 0.046321 0.116974 0.065376 -0.990981 -0.980361 -0.151924 -0.125743 -160.986145 -66.588160 736.382252
-0.167006 0.983753 0.065869 0.078479 0.079859 -0.993712 -0.982828 -0.160787 -0.090541 -159.213806 -68.387840 736.069741
-0.171784 0.981469 0.084909 0.041672 0.093353 -0.994761 -0.984253 -0.167346 -0.056936 -157.539791 -70.087680 735.774567
-0.173596 0.979405 0.103103 0.006981 0.105914 -0.994351 -0.984792 -0.171895 -0.025224 -155.971662 -71.680000 735.498063
-0.172965 0.977570 0.120168 -0.025234 0.117569 -0.992744 -0.984605 -0.174743 0.004332 -154.516982 -73.157120 735.241564
-0.170434 0.975956 0.135876 -0.054680 0.128314 -0.990225 -0.983851 -0.176198 0.031496 -153.183316 -74.511360 735.006403
-0.166547 0.974550 0.150050 -0.081126 0.138117 -0.987088 -0.982690 -0.176570 0.056058 -151.978227 -75.735040 734.793913
-0.161837 0.973336 0.162560 -0.104393 0.146921 -0.983624 -0.981280 -0.176157 0.077832 -150.909277 -76.820480 734.605428
-0.156809 0.972304 0.173311 -0.124345 0.154649 -0.980113 -0.979770 -0.175241 0.096651 -149.984031 -77.760000 734.442282
-0.151932 0.971446 0.182234 -0.140876 0.161208 -0.976814 -0.978300 -0.174082 0.112361 -149.210050 -78.545920 734.305809
-0.147623 0.970764 0.189275 -0.153898 0.166495 -0.973958 -0.976997 -0.172907 0.124820 -148.594900 -79.170560 734.197341
-0.144240 0.970263 0.194384 -0.163325 0.170401 -0.971745 -0.975971 -0.171912 0.133890 -148.146143 -79.626240 734.118213
-0.142069 0.969953 0.197505 -0.169067 0.172820 -0.970335 -0.975312 -0.171246 0.139434 -147.871342 -79.905280 734.069758
-0.141314 0.969846 0.198566 -0.171010 0.173648 -0.969846 -0.975082 -0.171010 0.141314 -147.778061 -80.000000 734.053310
