-0.258819 -0.000000 0.965926 -0.000000 1.000000 0.000000 -0.965926 -0.000000 -0.258819 115.002007 0.000000 907.189319
-0.257822 -0.001908 0.966191 -0.001257 0.999998 0.001640 -0.966192 -0.000792 -0.257824 114.907727 0.184872 907.026021
-0.254863 -0.007558 0.966948 -0.004971 0.999966 0.006506 -0.966964 -0.003149 -0.254892 114.628752 0.729288 906.542822
-0.249983 -0.016842 0.968104 -0.011053 0.999833 0.014540 -0.968187 -0.007066 -0.250128 114.170879 1.617948 905.749763
-0.243213 -0.029656 0.969520 -0.019403 0.999481 0.025705 -0.969779 -0.012560 -0.243662 113.539908 2.835553 904.656889
-0.234572 -0.045897 0.971015 -0.029914 0.998753 0.039982 -0.971638 -0.019668 -0.235653 112.741635 4.366803 903.274239
-0.224077 -0.065459 0.972371 -0.042468 0.997450 0.057361 -0.973646 -0.028442 -0.226286 111.781858 6.196398 901.611858
-0.211736 -0.088229 0.973336 -0.056938 0.995339 0.077837 -0.975667 -0.038939 -0.215773 110.666377 8.309038 899.679787
-0.197556 -0.114078 0.973631 -0.073184 0.992150 0.101398 -0.977556 -0.051222 -0.204354 109.400988 10.689424 897.488069
-0.181542 -0.142863 0.972951 -0.091050 0.987583 0.128022 -0.979159 -0.065346 -0.192295 107.991489 13.322255 895.046745
-0.163699 -0.174414 0.970970 -0.110369 0.981306 0.157663 -0.980317 -0.081356 -0.179889 106.443679 16.192233 892.365859
-0.144038 -0.208536 0.967350 -0.130958 0.972963 0.190246 -0.980869 -0.099279 -0.167453 104.763355 19.284057 889.455453
-0.122570 -0.245000 0.961744 -0.152616 0.962178 0.225660 -0.980655 -0.119119 -0.155325 102.956315 22.582427 886.325568
-0.099318 -0.283540 0.953803 -0.175130 0.948561 0.263746 -0.979523 -0.140845 -0.143866 101.028357 26.072045 882.986248
-0.074311 -0.323853 0.943184 -0.198269 0.931716 0.304294 -0.977327 -0.164392 -0.133446 98.985280 29.737609 879.447534
-0.047588 -0.365592 0.929558 -0.221787 0.911249 0.347038 -0.973933 -0.189650 -0.124448 96.832881 33.563821 875.719469
-0.019202 -0.408369 0.912615 -0.245427 0.886781 0.391645 -0.969225 -0.216461 -0.117252 94.576957 37.535381 871.812095
0.010781 -0.451751 0.892079 -0.268920 0.857953 0.437720 -0.963102 -0.244617 -0.112235 92.223308 41.636988 867.735455
0.042279 -0.495269 0.867711 -0.291987 0.824446 0.484801 -0.955487 -0.273857 -0.109755 89.777731 45.853343 863.499591
0.075195 -0.538413 0.839320 -0.314346 0.785987 0.532363 -0.946326 -0.303867 -0.110145 87.246023 50.169147 859.114544
0.109415 -0.580644 0.806772 -0.335711 0.742366 0.579820 -0.935589 -0.334283 -0.113703 84.633983 54.569100 854.590358
0.144807 -0.621398 0.769997 -0.355801 0.693444 0.626531 -0.923275 -0.364692 -0.120678 81.947409 59.037901 849.937075
0.181224 -0.660094 0.728995 -0.374338 0.639168 0.671815 -0.909411 -0.394640 -0.131266 79.192098 63.560251 845.164737
0.218500 -0.696144 0.683842 -0.391059 0.579579 0.714956 -0.894053 -0.423641 -0.145595 76.373849 68.120851 840.283387
0.256457 -0.728967 0.634694 -0.405712 0.514820 0.755221 -0.877284 -0.451185 -0.163721 73.498459 72.704400 835.303066
0.294899 -0.757996 0.581788 -0.418068 0.445142 0.791876 -0.859217 -0.476750 -0.185622 70.571727 77.295600 830.233817
0.333619 -0.782694 0.525441 -0.427924 0.370906 0.824203 -0.839988 -0.499819 -0.211192 67.599450 81.879149 825.085682
0.372402 -0.802568 0.466049 -0.435102 0.292581 0.851518 -0.819758 -0.519885 -0.240241 64.587426 86.439749 819.868704
0.411022 -0.817178 0.404080 -0.439458 0.210741 0.873192 -0.798710 -0.536477 -0.272497 61.541454 90.962099 814.592925
0.449249 -0.826152 0.340070 -0.440886 0.126056 0.888667 -0.777042 -0.549165 -0.307608 58.467331 95.430900 809.268387
0.486854 -0.829195 0.274608 -0.439314 0.039281 0.897474 -0.754967 -0.557578 -0.345153 55.370855 99.830853 803.905133
0.523607 -0.826097 0.208328 -0.434713 -0.048760 0.899248 -0.732708 -0.561415 -0.384646 52.257823 104.146657 798.513205
0.559282 -0.816743 0.141896 -0.427092 -0.137187 0.893740 -0.710490 -0.560456 -0.425551 49.134035 108.363012 793.102646
0.593666 -0.801116 0.075994 -0.416502 -0.225093 0.880829 -0.688540 -0.554569 -0.467296 46.005288 112.464619 787.683496
0.626552 -0.779297 0.011303 -0.403033 -0.311556 0.860522 -0.667081 -0.543717 -0.509288 42.877380 116.436179 782.265800
0.657753 -0.751470 -0.051508 -0.386813 -0.395666 0.832961 -0.646325 -0.527959 -0.550929 39.756108 120.262391 776.859599
0.687098 -0.717911 -0.111802 -0.368005 -0.476550 0.798419 -0.626473 -0.507448 -0.591631 36.647271 123.927955 771.474935
0.714436 -0.678988 -0.168986 -0.346805 -0.553385 0.757292 -0.607706 -0.482431 -0.630835 33.556666 127.417573 766.121851
0.739641 -0.635148 -0.222527 -0.323435 -0.625429 0.710090 -0.590188 -0.453239 -0.668022 30.490093 130.715943 760.810390
0.762609 -0.586911 -0.271960 -0.298142 -0.692029 0.657425 -0.574054 -0.420276 -0.702730 27.453347 133.807767 755.550592
0.783266 -0.534853 -0.316901 -0.271190 -0.752640 0.599991 -0.559419 -0.384012 -0.734564 24.452228 136.677745 750.352502
0.801563 -0.479595 -0.357051 -0.242857 -0.806837 0.538548 -0.546367 -0.344968 -0.763204 21.492534 139.310576 745.226161
0.817479 -0.421786 -0.392205 -0.213428 -0.854321 0.473904 -0.534955 -0.303699 -0.788410 18.580062 141.690962 740.181611
0.831020 -0.362093 -0.422249 -0.183191 -0.894920 0.406889 -0.525211 -0.260781 -0.810029 15.720610 143.803602 735.228895
0.842221 -0.301180 -0.447163 -0.152431 -0.928596 0.338341 -0.517135 -0.216796 -0.827992 12.919976 145.633197 730.378055
0.851141 -0.239699 -0.467016 -0.121425 -0.955432 0.269083 -0.510700 -0.172320 -0.842313 10.183958 147.164447 725.639133
0.857864 -0.178276 -0.481961 -0.090440 -0.975632 0.199906 -0.505855 -0.127904 -0.853083 7.518354 148.382052 721.022172
0.862498 -0.117500 -0.492230 -0.059723 -0.989508 0.131555 -0.502524 -0.084069 -0.860466 4.928963 149.270712 716.537214
0.865170 -0.057911 -0.498124 -0.029507 -0.997467 0.064715 -0.500610 -0.041291 -0.864688 2.421581 149.815128 712.194301
0.866025 0.000000 -0.500000 -0.000000 -1.000000 -0.000000 -0.500000 0.000000 -0.866025 0.002007 150.000000 708.003476
0.865194 0.056948 -0.498193 0.029162 -0.997563 -0.063385 -0.500589 0.040312 -0.864746 -2.419810 149.751120 703.808766
0.862688 0.113761 -0.492776 0.058391 -0.990261 -0.126385 -0.502355 0.080257 -0.860929 -4.933906 149.016960 699.454225
0.858492 0.170170 -0.483770 0.087568 -0.978129 -0.188667 -0.505295 0.119607 -0.854618 -7.534456 147.816240 694.949939
0.852598 0.225904 -0.471215 0.116570 -0.961229 -0.249902 -0.509399 0.158136 -0.845876 -10.215638 146.167680 690.305996
0.845001 0.280697 -0.455172 0.145278 -0.939649 -0.309766 -0.514652 0.195626 -0.834783 -12.971629 144.090000 685.532479
0.835703 0.334288 -0.435720 0.173570 -0.913504 -0.367945 -0.521032 0.231865 -0.821440 -15.796606 141.601920 680.639475
0.824709 0.386421 -0.412958 0.201326 -0.882937 -0.424135 -0.528510 0.266649 -0.805962 -18.684746 138.722160 675.637070
0.812031 0.436846 -0.387002 0.228427 -0.848112 -0.478045 -0.537054 0.299785 -0.788481 -21.630226 135.469440 670.535350
0.797686 0.485325 -0.357989 0.254758 -0.809220 -0.529397 -0.546621 0.331092 -0.769144 -24.627222 131.862480 665.344400
0.781697 0.531629 -0.326069 0.280204 -0.766474 -0.577931 -0.557168 0.360401 -0.748114 -27.669912 127.920000 660.074306
0.764090 0.575540 -0.291411 0.304653 -0.720105 -0.623406 -0.568642 0.387559 -0.725565 -30.752473 123.660720 654.735154
0.744898 0.616855 -0.254199 0.327999 -0.670369 -0.665599 -0.580985 0.412426 -0.701684 -33.869081 119.103360 649.337030
0.724158 0.655385 -0.214630 0.350138 -0.617534 -0.704312 -0.594137 0.434883 -0.676667 -37.013915 114.266640 643.890019
0.701914 0.690954 -0.172916 0.370971 -0.561887 -0.739367 -0.608028 0.454825 -0.650720 -40.181149 109.169280 638.404208
0.678211 0.723407 -0.129278 0.390405 -0.503728 -0.770611 -0.622586 0.472166 -0.624056 -43.364963 103.830000 632.889681
0.653102 0.752602 -0.083950 0.408352 -0.443369 -0.797917 -0.637735 0.486841 -0.596892 -46.559532 98.267520 627.356526
0.626644 0.778419 -0.037172 0.424729 -0.381130 -0.821185 -0.653393 0.498802 -0.569450 -49.759033 92.500560 621.814827
0.598895 0.800754 0.010806 0.439462 -0.317339 -0.840339 -0.669476 0.508024 -0.541954 -52.957644 86.547840 616.274670
0.569922 0.819525 0.059730 0.452480 -0.252329 -0.855331 -0.685894 0.514499 -0.514627 -56.149541 80.428080 610.746142
0.539791 0.834668 0.109340 0.463723 -0.186433 -0.866143 -0.702557 0.518240 -0.487690 -59.328902 74.160000 605.239327
0.508575 0.846139 0.159376 0.473137 -0.119987 -0.872780 -0.719369 0.519281 -0.461362 -62.489903 67.762320 599.764313
0.476348 0.853915 0.209575 0.480676 -0.053323 -0.875276 -0.736236 0.517673 -0.435856 -65.626722 61.253760 594.331183
0.443187 0.857994 0.259675 0.486300 0.013233 -0.873692 -0.753059 0.513489 -0.411378 -68.733535 54.653040 588.950026
0.409173 0.858393 0.309417 0.489981 0.079360 -0.868113 -0.769737 0.506817 -0.388124 -71.804519 47.978880 583.630925
0.374388 0.855148 0.358547 0.491697 0.144748 -0.858651 -0.786173 0.497765 -0.366282 -74.833852 41.250000 578.383967
0.338917 0.848315 0.406813 0.491435 0.209097 -0.845441 -0.802264 0.486456 -0.346025 -77.815709 34.485120 573.219238
0.302844 0.837971 0.453972 0.489190 0.272122 -0.828639 -0.817911 0.473027 -0.327517 -80.744269 27.702960 568.146823
0.266257 0.824206 0.499791 0.484968 0.333553 -0.808423 -0.833014 0.457631 -0.310903 -83.613708 20.922240 563.176809
0.229245 0.807132 0.544044 0.478781 0.393136 -0.784993 -0.847476 0.440433 -0.296315 -86.418204 14.161680 558.319280
0.191894 0.786876 0.586518 0.470650 0.450636 -0.758561 -0.861200 0.421608 -0.283869 -89.151932 7.440000 553.584324
0.154295 0.763578 0.627011 0.460607 0.505840 -0.729361 -0.874091 0.401342 -0.273661 -91.809071 0.775920 548.982025
0.116534 0.737394 0.665334 0.448689 0.558553 -0.697636 -0.886058 0.379826 -0.265770 -94.383797 -5.811840 544.522469
0.078700 0.708494 0.701315 0.434943 0.608605 -0.663644 -0.897012 0.357261 -0.260257 -96.870286 -12.304560 540.215742
0.040880 0.677058 0.734793 0.419425 0.655849 -0.627651 -0.906869 0.333849 -0.257164 -99.262717 -18.683520 536.071931
0.003159 0.643277 0.765627 0.402196 0.700158 -0.589929 -0.915548 0.309796 -0.256512 -101.555266 -24.930000 532.101120
-0.034379 0.607350 0.793690 0.383326 0.741435 -0.550759 -0.922973 0.285308 -0.258303 -103.742109 -31.025280 528.313396
-0.071653 0.569485 0.818873 0.362893 0.779602 -0.510420 -0.929072 0.260590 -0.262523 -105.817425 -36.950640 524.718844
-0.108581 0.529895 0.841083 0.340980 0.814609 -0.469197 -0.933779 0.235846 -0.269134 -107.775389 -42.687360 521.327550
-0.145087 0.488799 0.860247 0.317675 0.846427 -0.427368 -0.937034 0.211274 -0.278085 -109.610180 -48.216720 518.149600
-0.181097 0.446417 0.876308 0.293076 0.875053 -0.385211 -0.938781 0.187065 -0.289304 -111.315973 -53.520000 515.195080
-0.216539 0.402973 0.889227 0.267283 0.900507 -0.342997 -0.938973 0.163403 -0.302703 -112.886946 -58.578480 512.474075
-0.251345 0.358689 0.898982 0.240401 0.922828 -0.300990 -0.937568 0.140464 -0.318178 -114.317275 -63.373440 509.996671
-0.285451 0.313787 0.905569 0.212541 0.942081 -0.259442 -0.934529 0.118413 -0.335610 -115.601139 -67.886160 507.772954
-0.318795 0.268488 0.909002 0.183816 0.958346 -0.218596 -0.929829 0.097402 -0.354869 -116.732713 -72.097920 505.813010
-0.351322 0.223006 0.909308 0.154344 0.971726 -0.178682 -0.923445 0.077571 -0.375808 -117.706175 -75.990000 504.126925
-0.382979 0.177553 0.906533 0.124242 0.982338 -0.139912 -0.915364 0.059046 -0.398274 -118.515701 -79.543680 502.724784
-0.413716 0.132333 0.900737 0.093634 0.990318 -0.102487 -0.905578 0.041939 -0.422101 -119.155469 -82.740240 501.616673
-0.443491 0.087543 0.891993 0.062642 0.995812 -0.066587 -0.894087 0.026345 -0.447118 -119.619656 -85.560960 500.812678
-0.472264 0.043372 0.880389 0.031389 0.998983 -0.032376 -0.880898 0.012344 -0.473145 -119.902438 -87.987120 500.322885
-0.500000 0.000000 0.866025 0.000000 1.000000 0.000000 -0.866025 0.000000 -0.500000 -119.997993 -90.000000 500.157379
-0.527223 -0.042691 0.848654 -0.032010 0.999026 0.030369 -0.849124 -0.011154 -0.528076 -119.968233 -91.752480 500.208925
-0.554338 -0.084755 0.827965 -0.065060 0.996170 0.058414 -0.829745 -0.021486 -0.557729 -119.879913 -93.411840 500.361900
-0.581142 -0.125922 0.804001 -0.098907 0.991561 0.083806 -0.807769 -0.030818 -0.588692 -119.734473 -94.980960 500.613809
-0.607438 -0.165925 0.776845 -0.133281 0.985367 0.106246 -0.783106 -0.039001 -0.620664 -119.533353 -96.462720 500.962160
-0.633040 -0.204505 0.746618 -0.167890 0.977788 0.125475 -0.755694 -0.045919 -0.653313 -119.277993 -97.860000 501.404456
-0.657774 -0.241416 0.713479 -0.202419 0.969055 0.141279 -0.725507 -0.051492 -0.686286 -118.969833 -99.175680 501.938205
-0.681482 -0.276427 0.677621 -0.236537 0.959421 0.153499 -0.692555 -0.055676 -0.719214 -118.610313 -100.412640 502.560912
-0.704024 -0.309328 0.639270 -0.269905 0.949156 0.162029 -0.656888 -0.058470 -0.751718 -118.200873 -101.573760 503.270083
-0.725279 -0.339930 0.598680 -0.302176 0.938541 0.166827 -0.618595 -0.059911 -0.783422 -117.742953 -102.661920 504.063223
-0.745147 -0.368074 0.556127 -0.333006 0.927854 0.167911 -0.577809 -0.060075 -0.813958 -117.237993 -103.680000 504.937840
-0.763551 -0.393626 0.511907 -0.362058 0.917371 0.165363 -0.534700 -0.059077 -0.842975 -116.687433 -104.630880 505.891438
-0.780437 -0.416483 0.466327 -0.389010 0.907351 0.159326 -0.489479 -0.057062 -0.870146 -116.092713 -105.517440 506.921523
-0.795773 -0.436572 0.419703 -0.413561 0.898035 0.150000 -0.442393 -0.054207 -0.895181 -115.455273 -106.342560 508.025601
-0.809552 -0.453849 0.372352 -0.435438 0.889634 0.137638 -0.393724 -0.050711 -0.917829 -114.776553 -107.109120 509.201179
-0.821788 -0.468302 0.324588 -0.454400 0.882329 0.122542 -0.343780 -0.046790 -0.937884 -114.057993 -107.820000 510.445761
-0.832516 -0.479942 0.276719 -0.470244 0.876262 0.105049 -0.292895 -0.042670 -0.955192 -113.301033 -108.478080 511.756854
-0.841789 -0.488809 0.229036 -0.482812 0.871537 0.085531 -0.241422 -0.038582 -0.969653 -112.507113 -109.086240 513.131964
-0.849677 -0.494965 0.181818 -0.491989 0.868218 0.064381 -0.189724 -0.034750 -0.981222 -111.677673 -109.647360 514.568596
-0.856267 -0.498493 0.135321 -0.497711 0.866326 0.042002 -0.138170 -0.031385 -0.989911 -110.814153 -110.164320 516.064257
-0.861654 -0.499491 0.089781 -0.499961 0.865844 0.018805 -0.087129 -0.028684 -0.995784 -109.917993 -110.640000 517.616452
-0.865945 -0.498074 0.045408 -0.498772 0.866720 -0.004809 -0.036960 -0.026813 -0.998957 -108.990633 -111.077280 519.222686
-0.869250 -0.494367 0.002388 -0.494227 0.868867 -0.028451 0.011990 -0.025912 -0.999592 -108.033513 -111.479040 520.880467
-0.871685 -0.488503 -0.039118 -0.486454 0.872172 -0.051753 0.059399 -0.026083 -0.997894 -107.048073 -111.848160 522.587299
-0.873365 -0.480621 -0.078975 -0.475621 0.876500 -0.074373 0.104967 -0.027393 -0.994098 -106.035753 -112.187520 524.340688
-0.874403 -0.470864 -0.117073 -0.461940 0.881700 -0.096005 0.148429 -0.029866 -0.988472 -104.997993 -112.500000 526.138142
-0.874908 -0.459377 -0.153326 -0.445651 0.887610 -0.116375 0.189553 -0.033488 -0.981299 -103.936233 -112.788480 527.977164
-0.874983 -0.446302 -0.187667 -0.427028 0.894067 -0.135249 0.228149 -0.038202 -0.972877 -102.851913 -113.055840 529.855261
-0.874723 -0.431783 -0.220052 -0.406362 0.900908 -0.152431 0.264064 -0.043914 -0.963505 -101.746473 -113.304960 531.769939
-0.874213 -0.415960 -0.250455 -0.383964 0.907980 -0.167764 0.297191 -0.050496 -0.953482 -100.621353 -113.538720 533.718704
-0.873531 -0.398972 -0.278865 -0.360155 0.915141 -0.181124 0.327464 -0.057783 -0.943095 -99.477993 -113.760000 535.699062
-0.872741 -0.380951 -0.305286 -0.335259 0.922266 -0.192424 0.354859 -0.065587 -0.932616 -98.317833 -113.971680 537.708518
-0.871899 -0.362032 -0.329736 -0.309601 0.929248 -0.201605 0.379394 -0.073692 -0.922296 -97.142313 -114.176640 539.744578
-0.871049 -0.342341 -0.352244 -0.283500 0.936002 -0.208632 0.401124 -0.081868 -0.912358 -95.952873 -114.377760 541.804749
-0.870229 -0.322005 -0.372847 -0.257263 0.942463 -0.213492 0.420140 -0.089867 -0.902998 -94.750953 -114.577920 543.886535
-0.869463 -0.301146 -0.391593 -0.231184 0.948587 -0.216187 0.436564 -0.097437 -0.894381 -93.537993 -114.780000 545.987444
-0.868770 -0.279886 -0.408537 -0.205540 0.954349 -0.216730 0.450547 -0.104318 -0.886637 -92.315433 -114.986880 548.104980
-0.868161 -0.258342 -0.423740 -0.180587 0.959741 -0.215140 0.462261 -0.110254 -0.879863 -91.084713 -115.201440 550.236649
-0.867640 -0.236631 -0.437271 -0.156563 0.964771 -0.211435 0.471899 -0.114989 -0.874122 -89.847273 -115.426560 552.379958
-0.867209 -0.214863 -0.449203 -0.133681 0.969456 -0.205634 0.479665 -0.118277 -0.869443 -88.604553 -115.665120 554.532413
-0.866861 -0.193151 -0.459614 -0.112135 0.973818 -0.197748 0.485775 -0.119881 -0.865824 -87.357993 -115.920000 556.691518
-0.866591 -0.171599 -0.468588 -0.092098 0.977883 -0.187783 0.490448 -0.119575 -0.863228 -86.109033 -116.194080 558.854780
-0.866388 -0.150310 -0.476212 -0.073721 0.981674 -0.175730 0.493899 -0.117144 -0.861592 -84.859113 -116.490240 561.019705
-0.866244 -0.129383 -0.482578 -0.057140 0.985205 -0.161573 0.496344 -0.112387 -0.860821 -83.609673 -116.811360 563.183798
-0.866146 -0.108910 -0.487780 -0.042473 0.988478 -0.145284 0.497983 -0.105119 -0.860792 -82.362153 -117.160320 565.344566
-0.866085 -0.088977 -0.491915 -0.029827 0.991477 -0.126822 0.499006 -0.095166 -0.861357 -81.117993 -117.540000 567.499515
-0.866050 -0.069666 -0.495079 -0.019297 0.994164 -0.106138 0.499584 -0.082367 -0.862341 -79.878633 -117.953280 569.646149
-0.866033 -0.051049 -0.497373 -0.010970 0.996475 -0.083175 0.499866 -0.066577 -0.863540 -78.645513 -118.403040 571.781976
-0.866027 -0.033194 -0.498894 -0.004926 0.998312 -0.057873 0.499973 -0.047662 -0.864729 -77.420073 -118.892160 573.904500
-0.866026 -0.016161 -0.499739 -0.001244 0.999544 -0.030167 0.499998 -0.025504 -0.865651 -76.203753 -119.423520 576.011228
-0.866025 -0.000000 -0.500000 -0.000000 1.000000 -0.000000 0.500000 0.000000 -0.866025 -74.997993 -120.000000 578.099666
-0.866026 0.015484 -0.499760 -0.001447 0.999439 0.033472 0.499998 0.029710 -0.865517 -73.793953 -120.611760 580.185124
-0.866028 0.030514 -0.499064 -0.005708 0.997468 0.070892 0.499964 0.064243 -0.863660 -72.581673 -121.246080 582.284855
-0.866036 0.045082 -0.497945 -0.012666 0.993629 0.111987 0.499821 0.103291 -0.859948 -71.360913 -121.901520 584.399273
-0.866058 0.059179 -0.496428 -0.022199 0.987438 0.156440 0.499450 0.146506 -0.853865 -70.131433 -122.576640 586.528795
-0.866104 0.072795 -0.494536 -0.034182 0.978398 0.203884 0.498694 0.193489 -0.844906 -68.892993 -123.270000 588.673836
-0.866183 0.085916 -0.492287 -0.048480 0.966016 0.253895 0.497370 0.243786 -0.832581 -67.645353 -123.980160 590.834812
-0.866307 0.098522 -0.489699 -0.064949 0.949816 0.305991 0.495271 0.296888 -0.816434 -66.388273 -124.705680 593.012138
-0.866490 0.110587 -0.486792 -0.083428 0.929358 0.359630 0.492174 0.352228 -0.796053 -65.121513 -125.445120 595.206231
-0.866741 0.122078 -0.483587 -0.103743 0.904249 0.414212 0.487849 0.409183 -0.771085 -63.844833 -126.197040 597.417506
-0.867073 0.132956 -0.480112 -0.125697 0.874162 0.469085 0.482063 0.467080 -0.741250 -62.557993 -126.960000 599.646378
-0.867492 0.143174 -0.476402 -0.149075 0.838848 0.523555 0.474588 0.525200 -0.706351 -61.260753 -127.732560 601.893263
-0.868004 0.152680 -0.472503 -0.173642 0.798150 0.576893 0.465208 0.582791 -0.666285 -59.952873 -128.513280 604.158578
-0.868607 0.161420 -0.468471 -0.199140 0.752009 0.628351 0.453723 0.639082 -0.621055 -58.634113 -129.300720 606.442737
-0.869298 0.169340 -0.464376 -0.225294 0.700477 0.677181 0.439958 0.693294 -0.570772 -57.304233 -130.093440 608.746157
-0.870064 0.176386 -0.460300 -0.251812 0.643717 0.722647 0.423768 0.744658 -0.515659 -55.962993 -130.890000 611.069253
-0.870886 0.182511 -0.456341 -0.278387 0.582007 0.764048 0.405040 0.792438 -0.456053 -54.610153 -131.688960 613.412440
-0.871738 0.187677 -0.452604 -0.304705 0.515734 0.800733 0.383703 0.835940 -0.392399 -53.245473 -132.488880 615.776136
-0.872584 0.191860 -0.449208 -0.330449 0.445391 0.832124 0.359724 0.874538 -0.325241 -51.868713 -133.288320 618.160754
-0.873381 0.195047 -0.446276 -0.355301 0.371562 0.857731 0.333117 0.907688 -0.255215 -50.479633 -134.085840 620.566711
-0.874079 0.197248 -0.443936 -0.378953 0.294912 0.877167 0.303941 0.934944 -0.183029 -49.077993 -134.880000 622.994423
-0.874620 0.198489 -0.442314 -0.401114 0.216168 0.890157 0.272300 0.955967 -0.109448 -47.663553 -135.669360 625.444305
-0.874941 0.198817 -0.441531 -0.421510 0.136101 0.896552 0.238343 0.970540 -0.035277 -46.236073 -136.452480 627.916773
-0.874974 0.198301 -0.441697 -0.439899 0.055505 0.896331 0.202259 0.978568 0.038667 -44.795313 -137.227920 630.412242
-0.874651 0.197026 -0.442906 -0.456068 -0.024827 0.889599 0.164278 0.980084 0.111572 -43.341033 -137.994240 632.931129
-0.873901 0.195097 -0.445234 -0.469846 -0.104118 0.876586 0.124662 0.975242 0.182655 -41.872993 -138.750000 635.473849
-0.872659 0.192630 -0.448732 -0.481104 -0.181634 0.857641 0.083702 0.964315 0.251179 -40.390953 -139.493760 638.040817
-0.870861 0.189751 -0.453426 -0.489756 -0.256696 0.833214 0.041711 0.947682 0.316478 -38.894673 -140.224080 640.632450
-0.868455 0.186594 -0.459314 -0.495767 -0.328700 0.803848 -0.000983 0.925818 0.377968 -37.383913 -140.939520 643.249163
-0.865396 0.183290 -0.466363 -0.499149 -0.397126 0.770157 -0.044043 0.899275 0.435160 -35.858433 -141.638640 645.891372
-0.861654 0.179969 -0.474514 -0.499961 -0.461550 0.732810 -0.087129 0.868667 0.487674 -34.317993 -142.320000 648.559493
-0.857213 0.176749 -0.483679 -0.498307 -0.521645 0.692515 -0.129908 0.834653 0.535236 -32.762353 -142.982160 651.253940
-0.852073 0.173739 -0.493748 -0.494337 -0.577186 0.649990 -0.172056 0.797917 0.577690 -31.191273 -143.623680 653.975131
-0.846252 0.171028 -0.504586 -0.488236 -0.628045 0.605958 -0.213267 0.759150 0.614986 -29.604513 -144.243120 656.723479
-0.839788 0.168689 -0.516043 -0.480227 -0.674187 0.561118 -0.253255 0.719038 0.647183 -28.001833 -144.839040 659.499403
-0.832737 0.166772 -0.527955 -0.470559 -0.715664 0.516140 -0.291761 0.678242 0.674435 -26.382993 -145.410000 662.303316
-0.825173 0.165307 -0.540151 -0.459504 -0.752599 0.471647 -0.328551 0.637392 0.696984 -24.747753 -145.954560 665.135635
-0.817190 0.164301 -0.552454 -0.447353 -0.785183 0.428210 -0.363422 0.597071 0.715144 -23.095873 -146.471280 667.996775
-0.808898 0.163743 -0.564688 -0.434408 -0.813653 0.386340 -0.396200 0.557815 0.729293 -21.427113 -146.958720 670.887152
-0.800421 0.163600 -0.576682 -0.420975 -0.838288 0.346487 -0.426740 0.520104 0.739855 -19.741233 -147.415440 673.807182
-0.791896 0.163826 -0.588270 -0.407362 -0.859391 0.309037 -0.454925 0.484364 0.747285 -18.037993 -147.840000 676.757280
-0.783472 0.164361 -0.599297 -0.393871 -0.877277 0.274317 -0.480663 0.450965 0.752059 -16.317153 -148.230960 679.737862
-0.775304 0.165133 -0.609618 -0.380798 -0.892266 0.242597 -0.503881 0.420228 0.754660 -14.578473 -148.586880 682.749344
-0.767552 0.166067 -0.619101 -0.368424 -0.904668 0.214100 -0.524526 0.392425 0.755563 -12.821713 -148.906320 685.792142
-0.760376 0.167083 -0.627624 -0.357017 -0.914776 0.189005 -0.542556 0.367787 0.755226 -11.046633 -149.187840 688.866670
-0.753935 0.168103 -0.635077 -0.346827 -0.922859 0.167459 -0.557936 0.346515 0.754079 -9.252993 -149.430000 691.973346
-0.748383 0.169053 -0.641361 -0.338082 -0.929153 0.149586 -0.570635 0.328780 0.752516 -7.440553 -149.631360 695.112584
-0.743861 0.169867 -0.646386 -0.330993 -0.933855 0.135495 -0.580615 0.314739 0.750883 -5.609073 -149.790480 698.284801
-0.740503 0.170489 -0.650069 -0.325745 -0.937119 0.125289 -0.587832 0.304534 0.749475 -3.758313 -149.905920 701.490411
-0.738420 0.170878 -0.652331 -0.322501 -0.939049 0.119078 -0.592224 0.298306 0.748522 -1.888033 -149.976240 704.729831
-0.737709 0.171010 -0.653101 -0.321394 -0.939693 0.116978 -0.593710 0.296198 0.748182 0.002007 -150.000000 708.003476
-0.739332 0.171753 -0.651068 -0.323920 -0.938408 0.120279 -0.590309 0.299820 0.749428 1.962927 -149.822400 711.399889
-0.744043 0.173950 -0.645090 -0.331278 -0.934521 0.130098 -0.580220 0.310503 0.752950 4.041367 -149.299200 714.999853
-0.751523 0.177581 -0.635357 -0.343022 -0.927847 0.146407 -0.563516 0.327970 0.758212 6.230847 -148.444800 718.792144
-0.761345 0.182655 -0.622086 -0.358555 -0.918034 0.169270 -0.540178 0.351925 0.764432 8.524887 -147.273600 722.765538
-0.773006 0.189203 -0.605528 -0.377126 -0.904577 0.198789 -0.510135 0.382025 0.770597 10.917007 -145.800000 726.908811
-0.785945 0.197264 -0.585984 -0.397832 -0.886839 0.235045 -0.473307 0.417856 0.775485 13.400727 -144.038400 731.210740
-0.799570 0.206879 -0.563817 -0.419619 -0.864072 0.278028 -0.429660 0.458892 0.777696 15.969567 -142.003200 735.660102
-0.813285 0.218067 -0.539458 -0.441287 -0.835442 0.327569 -0.379254 0.504463 0.775683 18.617047 -139.708800 740.245671
-0.826519 0.230821 -0.513409 -0.461510 -0.800072 0.383268 -0.322297 0.553721 0.767800 21.336687 -137.169600 744.956226
-0.838755 0.245084 -0.486235 -0.478861 -0.757081 0.444433 -0.259196 0.605610 0.752366 24.122007 -134.400000 749.780542
-0.849556 0.260738 -0.458553 -0.491863 -0.705649 0.510029 -0.190593 0.658843 0.727736 26.966527 -131.414400 754.707395
-0.858589 0.277596 -0.431005 -0.499040 -0.645085 0.578640 -0.117407 0.711902 0.692395 29.863767 -128.227200 759.725562
-0.865646 0.295391 -0.404228 -0.498987 -0.574899 0.648462 -0.040841 0.763043 0.645056 32.807247 -124.852800 764.823819
-0.870656 0.313779 -0.378815 -0.490453 -0.494884 0.717319 0.037610 0.810329 0.584767 35.790487 -121.305600 769.990942
-0.873684 0.332349 -0.355275 -0.472417 -0.405190 0.782715 0.116181 0.851684 0.511016 38.807007 -117.600000 775.215708
-0.874930 0.350643 -0.333988 -0.444179 -0.306390 0.841921 0.192883 0.884972 0.423818 41.850327 -113.750400 780.486893
-0.874705 0.368178 -0.315175 -0.405422 -0.199526 0.892089 0.265562 0.908094 0.323794 44.913967 -109.771200 785.793273
-0.873411 0.384488 -0.298867 -0.356282 -0.086126 0.930401 0.331988 0.919103 0.212210 47.991447 -105.676800 791.123625
-0.871498 0.399159 -0.284892 -0.297370 0.031807 0.954232 0.389952 0.916330 0.090978 51.076287 -101.481600 796.466724
-0.869424 0.411871 -0.272882 -0.229790 0.151850 0.961321 0.437378 0.898501 -0.037378 54.162007 -97.200000 801.811348
-0.867611 0.422439 -0.262291 -0.155109 0.271245 0.949930 0.472432 0.864854 -0.169811 57.242127 -92.846400 807.146272
-0.866404 0.430836 -0.252437 -0.075301 0.387028 0.918988 0.493634 0.815223 -0.302881 60.310167 -88.435200 812.460274
-0.866029 0.437220 -0.242554 0.007338 0.496177 0.868191 0.499940 0.750098 -0.432912 63.359647 -83.980800 817.742128
-0.866569 0.441927 -0.231859 0.090304 0.595778 0.798056 0.490819 0.670633 -0.556190 66.384087 -79.497600 822.980612
-0.867945 0.445464 -0.219620 0.171010 0.683201 0.709924 0.466290 0.578618 -0.669160 69.377007 -75.000000 828.164501
-0.869919 0.448469 -0.205225 0.246932 0.756252 0.605895 0.426926 0.476402 -0.768619 72.331927 -70.502400 833.282573
-0.872100 0.451673 -0.188234 0.315738 0.813305 0.488717 0.373832 0.366777 -0.851894 75.242367 -66.019200 838.323603
-0.873980 0.455839 -0.168431 0.375412 0.853399 0.361630 0.308584 0.252826 -0.916981 78.101847 -61.564800 843.276367
-0.874966 0.461699 -0.145839 0.424358 0.876275 0.228172 0.233142 0.137755 -0.962636 80.903887 -57.153600 848.129643
-0.874426 0.469898 -0.120724 0.461471 0.882374 0.091979 0.149745 0.024718 -0.988416 83.642007 -52.800000 852.872206
-0.871746 0.480939 -0.093578 0.486173 0.872783 -0.043422 0.060790 -0.083348 -0.994665 86.309727 -48.518400 857.492832
-0.866371 0.495143 -0.065078 0.498420 0.849132 -0.174793 -0.031288 -0.183872 -0.982452 88.900567 -44.323200 861.980299
-0.857857 0.512624 -0.036033 0.498671 0.813465 -0.299336 -0.124135 -0.274756 -0.953467 91.408047 -40.228800 866.323382
-0.845901 0.533290 -0.007330 0.487830 0.768091 -0.414799 -0.215578 -0.354455 -0.909884 93.825687 -36.249600 870.510857
-0.830372 0.556845 0.020136 0.467164 0.715427 -0.519540 -0.303709 -0.422005 -0.854209 96.147007 -32.400000 874.531501
-0.811321 0.582827 0.045513 0.438215 0.657848 -0.612539 -0.386945 -0.477021 -0.789129 98.365527 -28.694400 878.374091
-0.788979 0.610640 0.068044 0.402692 0.597562 -0.693368 -0.464059 -0.519652 -0.717364 100.474767 -25.147200 882.027401
-0.763753 0.639605 0.087104 0.362379 0.536506 -0.762131 -0.534194 -0.550515 -0.641537 102.468247 -21.772800 885.480210
-0.736197 0.669003 0.102216 0.319043 0.476279 -0.819372 -0.596846 -0.570608 -0.564076 104.339487 -18.585600 888.721293
-0.706992 0.698124 0.113066 0.274366 0.418102 -0.865976 -0.651832 -0.581217 -0.487136 106.082007 -15.600000 891.739426
-0.676910 0.726302 0.119491 0.229879 0.362818 -0.903061 -0.699249 -0.583822 -0.412557 107.689327 -12.830400 894.523386
-0.646778 0.752943 0.121466 0.186936 0.310909 -0.931875 -0.739414 -0.580010 -0.341841 109.154967 -10.291200 897.061949
-0.617454 0.777542 0.119078 0.146685 0.262542 -0.953706 -0.772809 -0.571402 -0.276161 110.472447 -7.996800 899.343891
-0.589786 0.799684 0.112506 0.110077 0.217625 -0.969805 -0.800022 -0.559593 -0.216379 111.635287 -5.961600 901.357989
-0.564596 0.819043 0.101985 0.077872 0.175873 -0.981328 -0.821686 -0.546112 -0.163078 112.637007 -4.200000 903.093019
-0.542651 0.835358 0.087789 0.050670 0.136881 -0.989291 -0.838429 -0.532391 -0.116606 113.471127 -2.726400 904.537757
-0.524651 0.848417 0.070205 0.028937 0.100191 -0.994547 -0.850825 -0.519759 -0.077116 114.131167 -1.555200 905.680980
-0.511213 0.858026 0.049524 0.013045 0.065363 -0.997776 -0.859355 -0.509431 -0.044607 114.610647 -0.700800 906.511464
-0.502858 0.863977 0.026030 0.003306 0.032037 -0.999481 -0.864363 -0.502511 -0.018967 114.903087 -0.177600 907.017985
-0.500000 0.866025 -0.000000 0.000000 -0.000000 -1.000000 -0.866025 -0.500000 -0.000000 115.002007 0.000000 907.189319
-0.501787 0.864514 -0.028735 0.002066 -0.032022 -0.999485 -0.864988 -0.501588 0.014282 114.954647 -0.094720 907.107289
-0.507028 0.859820 -0.060264 0.008154 -0.065130 -0.997843 -0.861891 -0.506426 0.026012 114.815127 -0.373760 906.865634
-0.515507 0.851695 -0.094171 0.018092 -0.099057 -0.994917 -0.856695 -0.514590 0.035656 114.587287 -0.829440 906.471003
-0.526965 0.839884 -0.130008 0.031702 -0.133439 -0.990550 -0.849295 -0.526107 0.043692 114.274967 -1.454080 905.930049
-0.541112 0.824143 -0.167290 0.048791 -0.167827 -0.984608 -0.839534 -0.540946 0.050602 113.882007 -2.240000 905.249422
-0.557623 0.804256 -0.205499 0.069144 -0.201698 -0.977004 -0.827210 -0.559009 0.056862 113.412247 -3.179520 904.435774
-0.576148 0.780049 -0.244084 0.092511 -0.234476 -0.967710 -0.812093 -0.580125 0.062930 112.869527 -4.264960 903.495755
-0.596318 0.751408 -0.282472 0.118602 -0.265551 -0.956774 -0.793938 -0.604044 0.069234 112.257687 -5.488640 902.436018
-0.617747 0.718292 -0.320070 0.147080 -0.294299 -0.944328 -0.772500 -0.630432 0.076156 111.580567 -6.842880 901.263211
-0.640041 0.680743 -0.356282 0.177553 -0.320109 -0.930594 -0.747545 -0.658877 0.084015 110.842007 -8.320000 899.983988
-0.662804 0.638892 -0.390522 0.209574 -0.342411 -0.915878 -0.718867 -0.688891 0.093056 110.045847 -9.912320 898.604998
-0.685648 0.592967 -0.422227 0.242637 -0.360697 -0.900569 -0.686304 -0.719922 0.103435 109.195927 -11.612160 897.132894
-0.708200 0.543290 -0.450877 0.276184 -0.374546 -0.885120 -0.649751 -0.751367 0.115205 108.296087 -13.411840 895.574325
-0.730106 0.490270 -0.476004 0.309610 -0.383648 -0.870032 -0.609169 -0.782592 0.128311 107.350167 -15.303680 893.935944
-0.751047 0.434402 -0.497215 0.342274 -0.387817 -0.855831 -0.564603 -0.812953 0.142584 106.362007 -17.280000 892.224400
-0.770741 0.376246 -0.514195 0.373509 -0.387004 -0.843041 -0.516187 -0.841823 0.157748 105.335447 -19.333120 890.446346
-0.788950 0.316417 -0.526724 0.402646 -0.381300 -0.832158 -0.464149 -0.868614 0.173423 104.274327 -21.455360 888.608432
-0.805487 0.255564 -0.534675 0.429022 -0.370933 -0.823619 -0.408816 -0.892802 0.189140 103.182487 -23.639040 886.717310
-0.820219 0.194351 -0.538022 0.452008 -0.356259 -0.817782 -0.350612 -0.913952 0.204362 102.063767 -25.876480 884.779630
-0.833068 0.133439 -0.536835 0.471029 -0.337742 -0.814900 -0.290051 -0.931732 0.218508 100.922007 -28.160000 882.802044
-0.844010 0.073466 -0.531271 0.485577 -0.315937 -0.815107 -0.227731 -0.945932 0.230980 99.761047 -30.481920 880.791202
-0.853076 0.015029 -0.521570 0.495238 -0.291458 -0.818408 -0.164316 -0.956466 0.241193 98.584727 -32.834560 878.753756
-0.860344 -0.041329 -0.508035 0.499703 -0.264952 -0.824680 -0.100522 -0.963375 0.248603 97.396887 -35.210240 876.696357
-0.865934 -0.095134 -0.491027 0.498780 -0.237070 -0.833676 -0.037097 -0.966823 0.252738 96.201367 -37.601280 874.625656
-0.870002 -0.145984 -0.470941 0.492404 -0.208436 -0.845040 0.025201 -0.967080 0.253223 95.002007 -40.000000 872.548303
-0.872728 -0.193558 -0.448197 0.480639 -0.179625 -0.858325 0.085628 -0.964505 0.249795 93.802647 -42.398720 870.470951
-0.874311 -0.237613 -0.423226 0.463676 -0.151141 -0.873019 0.143474 -0.959529 0.242319 92.607127 -44.789760 868.400249
-0.874957 -0.277986 -0.396451 0.441827 -0.123404 -0.888572 0.198087 -0.952625 0.230795 91.419287 -47.165440 866.342850
-0.874871 -0.314589 -0.368286 0.415516 -0.096743 -0.904427 0.248894 -0.944285 0.215355 90.242967 -49.518080 864.305404
-0.874247 -0.347402 -0.339122 0.385257 -0.071393 -0.920044 0.295414 -0.934995 0.196254 89.082007 -51.840000 862.294562
-0.873266 -0.376463 -0.309324 0.351643 -0.047500 -0.934928 0.337273 -0.925213 0.173860 87.940247 -54.123520 860.316976
-0.872087 -0.401867 -0.279227 0.315322 -0.025128 -0.948652 0.374215 -0.915353 0.148631 86.821527 -56.360960 858.379296
-0.870842 -0.423752 -0.249138 0.276975 -0.004278 -0.960868 0.406103 -0.905768 0.121094 85.729687 -58.544640 856.488174
-0.869637 -0.442294 -0.219332 0.237296 0.015104 -0.971320 0.432922 -0.896743 0.091820 84.668567 -60.666880 854.650260
-0.868553 -0.457703 -0.190060 0.196971 0.033102 -0.979850 0.454772 -0.888489 0.061403 83.642007 -62.720000 852.872206
-0.867642 -0.470211 -0.161549 0.156658 0.049824 -0.986395 0.471863 -0.881146 0.030433 82.653847 -64.696320 851.160663
-0.866934 -0.480072 -0.134002 0.116974 0.065376 -0.990981 0.484503 -0.874790 -0.000521 81.707927 -66.588160 849.522281
-0.866436 -0.487553 -0.107609 0.078479 0.079859 -0.993712 0.493081 -0.869433 -0.030930 80.808087 -68.387840 847.963712
-0.866142 -0.492935 -0.082543 0.041672 0.093353 -0.994761 0.498058 -0.865043 -0.060315 79.958167 -70.087680 846.491608
-0.866029 -0.496505 -0.058966 0.006981 0.105914 -0.994351 0.499946 -0.861548 -0.088259 79.162007 -71.680000 845.112618
-0.866068 -0.498553 -0.037029 -0.025234 0.117569 -0.992744 0.499289 -0.858850 -0.114403 78.423447 -73.157120 843.833395
-0.866225 -0.499369 -0.016876 -0.054680 0.128314 -0.990225 0.496653 -0.856835 -0.138454 77.746327 -74.511360 842.660589
-0.866464 -0.499237 0.001357 -0.081126 0.138117 -0.987088 0.492603 -0.855387 -0.160174 77.134487 -75.735040 841.600851
-0.866750 -0.498434 0.017539 -0.104393 0.146921 -0.983624 0.487695 -0.854387 -0.179377 76.591767 -76.820480 840.660832
-0.867051 -0.497220 0.031546 -0.124345 0.154649 -0.980113 0.482453 -0.853730 -0.195916 76.122007 -77.760000 839.847184
-0.867337 -0.495837 0.043257 -0.140876 0.161208 -0.976814 0.477367 -0.853321 -0.209673 75.729047 -78.545920 839.166557
-0.867587 -0.494501 0.052556 -0.153898 0.166495 -0.973958 0.472873 -0.853082 -0.220551 75.416727 -79.170560 838.625603
-0.867780 -0.493394 0.059332 -0.163325 0.170401 -0.971745 0.469343 -0.852951 -0.228454 75.188887 -79.626240 838.230973
-0.867903 -0.492662 0.063475 -0.169067 0.172820 -0.970335 0.467077 -0.852888 -0.233284 75.049367 -79.905280 837.989317
-0.867945 -0.492404 0.064879 -0.171010 0.173648 -0.969846 0.466290 -0.852869 -0.234923 75.002007 -80.000000 837.907287
