0.980508 -0.001376 -0.196476 -0.022653 0.992515 -0.120001 0.195171 0.122113 0.973138 -246.176497 16.188304 733.700260
0.980305 0.000180 -0.197488 -0.024025 0.992681 -0.118350 0.196022 0.120764 0.973135 -245.988578 16.373523 733.710890
0.979691 0.004799 -0.200458 -0.028078 0.993147 -0.113448 0.198540 0.116772 0.973112 -245.432520 16.918984 733.742027
0.978630 0.012427 -0.205252 -0.034715 0.993829 -0.105349 0.202676 0.110224 0.973023 -244.519876 17.809397 733.792535
0.977065 0.023035 -0.211690 -0.043832 0.994599 -0.094082 0.208380 0.101203 0.972798 -243.262196 19.029470 733.861281
0.974914 0.036611 -0.219551 -0.055314 0.995287 -0.079652 0.215600 0.089798 0.972344 -241.671031 20.563910 733.947131
0.972075 0.053153 -0.228572 -0.069036 0.995682 -0.062056 0.224286 0.076103 0.971547 -239.757932 22.397427 734.048953
0.968432 0.072664 -0.238450 -0.084863 0.995537 -0.041283 0.234386 0.060216 0.970277 -237.534450 24.514729 734.165611
0.963858 0.095142 -0.248848 -0.102647 0.994567 -0.017326 0.245847 0.042243 0.968388 -235.012137 26.900523 734.295972
0.958216 0.120574 -0.259390 -0.122226 0.992454 0.009812 0.258616 0.022303 0.965723 -232.202543 29.539519 734.438902
0.951367 0.148927 -0.269671 -0.143426 0.988848 0.040105 0.272637 0.000523 0.962117 -229.117219 32.416425 734.593268
0.943168 0.180137 -0.279257 -0.166053 0.983374 0.073501 0.287854 -0.022953 0.957399 -225.767717 35.515949 734.757936
0.933485 0.214107 -0.287688 -0.189901 0.975632 0.109909 0.304210 -0.047966 0.951397 -222.165587 38.822799 734.931772
0.922187 0.250693 -0.294489 -0.214746 0.965208 0.149190 0.321644 -0.074341 0.943938 -218.322380 42.321684 735.113642
0.909159 0.289701 -0.299173 -0.240347 0.951679 0.191156 0.340094 -0.101886 0.934856 -214.249648 45.997313 735.302413
0.894296 0.330879 -0.301252 -0.266450 0.934622 0.235555 0.359497 -0.130387 0.923992 -209.958941 49.834392 735.496951
0.877518 0.373916 -0.300247 -0.292788 0.913624 0.282074 0.379785 -0.159616 0.911200 -205.461811 53.817632 735.696123
0.858764 0.418433 -0.295699 -0.319080 0.888296 0.330329 0.400889 -0.189324 0.896351 -200.769809 57.931740 735.898793
0.838000 0.463988 -0.287177 -0.345037 0.858281 0.379872 0.422735 -0.219246 0.879333 -195.894485 62.161424 736.103829
0.815220 0.510074 -0.274300 -0.370366 0.823270 0.430181 0.445247 -0.249101 0.860060 -190.847391 66.491393 736.310097
0.790448 0.556126 -0.256740 -0.394769 0.783012 0.480676 0.468347 -0.278596 0.838472 -185.640078 70.906355 736.516464
0.763741 0.601524 -0.234241 -0.417952 0.737331 0.530716 0.491951 -0.307428 0.814538 -180.284096 75.391019 736.721795
0.735188 0.645603 -0.206628 -0.439624 0.686134 0.579612 0.515974 -0.335286 0.788260 -174.790997 79.930093 736.924956
0.704912 0.687667 -0.173817 -0.459508 0.629423 0.626641 0.540325 -0.361856 0.759677 -169.172332 84.508285 737.124814
0.673068 0.727001 -0.135827 -0.477341 0.567303 0.671053 0.564912 -0.386828 0.728861 -163.439652 89.110304 737.320236
0.639841 0.762886 -0.092782 -0.492879 0.499988 0.712097 0.589639 -0.409898 0.695924 -157.604508 93.720858 737.510087
0.605446 0.794618 -0.044917 -0.505904 0.427805 0.749029 0.614408 -0.430773 0.661013 -151.678451 98.324655 737.693234
0.570123 0.821526 0.007424 -0.516225 0.351190 0.781138 0.639118 -0.449177 0.624314 -145.673032 102.906404 737.868543
0.534134 0.842990 0.063790 -0.523685 0.270692 0.807762 0.663667 -0.464859 0.586047 -139.599801 107.450812 738.034880
0.497760 0.858458 0.123630 -0.528162 0.186957 0.828307 0.687953 -0.477595 0.546465 -133.470311 111.942590 738.191111
0.461294 0.867467 0.186303 -0.529572 0.100720 0.842264 0.711872 -0.487192 0.505848 -127.296112 116.366443 738.336104
0.425036 0.869653 0.251095 -0.527871 0.012795 0.849228 0.735321 -0.493498 0.464503 -121.088755 120.707082 738.468723
0.389288 0.864766 0.317230 -0.523057 -0.075949 0.848907 0.758199 -0.496399 0.422756 -114.859792 124.949215 738.587835
0.354350 0.852679 0.383893 -0.515168 -0.164605 0.841134 0.780409 -0.495826 0.380945 -108.620772 129.077549 738.692308
0.320512 0.833395 0.450250 -0.504283 -0.252247 0.825875 0.801855 -0.491756 0.339418 -102.383248 133.076793 738.781005
0.288048 0.807044 0.515468 -0.490519 -0.337956 0.803229 0.822447 -0.484216 0.298523 -96.158770 136.931656 738.852795
0.257214 0.773888 0.578739 -0.474031 -0.420842 0.773426 0.842102 -0.473276 0.258600 -89.958890 140.626846 738.906543
0.228239 0.734308 0.639296 -0.455004 -0.500061 0.736824 0.860743 -0.459055 0.219979 -83.795157 144.147070 738.941116
0.201326 0.688797 0.696438 -0.433656 -0.574845 0.693899 0.878300 -0.441714 0.182970 -77.679125 147.477038 738.955380
0.176644 0.637950 0.749544 -0.410225 -0.644509 0.645231 0.894713 -0.421458 0.147855 -71.622342 150.601459 738.948200
0.154328 0.582442 0.798088 -0.384974 -0.708476 0.591487 0.909933 -0.398526 0.114887 -65.636362 153.505039 738.918444
0.134476 0.523013 0.841649 -0.358175 -0.766282 0.533407 0.923919 -0.373188 0.084284 -59.732733 156.172488 738.864978
0.117148 0.460450 0.879922 -0.330114 -0.817587 0.471780 0.936644 -0.345742 0.056223 -53.923009 158.588514 738.786667
0.102366 0.395563 0.912716 -0.301078 -0.862180 0.407429 0.948089 -0.316505 0.030837 -48.218739 160.737825 738.682378
0.090118 0.329170 0.939960 -0.271353 -0.899978 0.341185 0.958252 -0.285808 0.008217 -42.631474 162.605129 738.550978
0.080352 0.262075 0.961696 -0.241220 -0.931025 0.273871 0.967138 -0.253987 -0.011592 -37.172767 164.175136 738.391332
0.072984 0.195051 0.978074 -0.210950 -0.955482 0.206287 0.974768 -0.221380 -0.028589 -31.854167 165.432553 738.202308
0.067901 0.128825 0.989340 -0.180797 -0.973622 0.139187 0.981174 -0.188321 -0.042819 -26.687225 166.362089 737.982770
0.064959 0.064067 0.995829 -0.151000 -0.985815 0.073272 0.986397 -0.155130 -0.054364 -21.683494 166.948451 737.731585
0.063992 0.001376 0.997949 -0.121775 -0.992515 0.009177 0.990493 -0.122113 -0.063346 -16.854523 167.176349 737.447621
0.064848 -0.060017 0.996089 -0.092771 -0.994229 -0.053865 0.993573 -0.088915 -0.070042 -12.020478 166.973783 737.110405
0.067503 -0.121027 0.990351 -0.063578 -0.991120 -0.116787 0.995691 -0.055081 -0.074598 -7.001588 166.291262 736.702240
0.071959 -0.181331 0.980786 -0.034314 -0.983203 -0.179260 0.996817 -0.020755 -0.076972 -1.809501 165.147261 736.226149
0.078212 -0.240607 0.967466 -0.005097 -0.970523 -0.240955 0.996924 0.013914 -0.077133 3.544136 163.560251 735.685155
0.086250 -0.298541 0.950492 0.023953 -0.953150 -0.301550 0.995986 0.048776 -0.075058 9.047675 161.548707 735.082283
0.096053 -0.354827 0.929985 0.052719 -0.931180 -0.360728 0.993979 0.083677 -0.070737 14.689467 159.131100 734.420555
0.107594 -0.409167 0.906094 0.081081 -0.904737 -0.418183 0.990883 0.118461 -0.064168 20.457864 156.325904 733.702997
0.120837 -0.461280 0.878988 0.108923 -0.873968 -0.473620 0.986678 0.152972 -0.055363 26.341219 153.151592 732.932630
0.135738 -0.510895 0.848859 0.136129 -0.839045 -0.526757 0.981348 0.187055 -0.044343 32.327884 149.626637 732.112480
0.152248 -0.557760 0.815919 0.162585 -0.800162 -0.577327 0.974878 0.220553 -0.031139 38.406211 145.769512 731.245570
0.170307 -0.601641 0.780400 0.188182 -0.757536 -0.625082 0.967255 0.253313 -0.015796 44.564551 141.598690 730.334923
0.189851 -0.642323 0.742549 0.212812 -0.711402 -0.669790 0.958472 0.285183 0.001634 50.791257 137.132644 729.383563
0.210806 -0.679612 0.702630 0.236371 -0.662013 -0.711243 0.948520 0.316016 0.021084 57.074681 132.389847 728.394513
0.233094 -0.713338 0.660921 0.258761 -0.609642 -0.749253 0.937395 0.345667 0.042480 63.403176 127.388772 727.370799
0.256629 -0.743355 0.617710 0.279887 -0.554572 -0.783654 0.925097 0.373997 0.065737 69.765092 122.147892 726.315442
0.281318 -0.769540 0.573296 0.299661 -0.497100 -0.814306 0.911627 0.400874 0.090758 76.148782 116.685680 725.231467
0.307065 -0.791797 0.527985 0.317998 -0.437535 -0.841095 0.896988 0.426169 0.117438 82.542599 111.020608 724.121898
0.333767 -0.810057 0.482087 0.334823 -0.376192 -0.863929 0.881189 0.449764 0.145665 88.934893 105.171151 722.989757
0.361315 -0.824275 0.435915 0.350063 -0.313391 -0.882747 0.864238 0.471547 0.175316 95.314019 99.155781 721.838070
0.389598 -0.834435 0.389783 0.363656 -0.249457 -0.897511 0.846149 0.491415 0.206260 101.668326 92.992971 720.669859
0.418499 -0.840548 0.344003 0.375544 -0.184715 -0.908211 0.826937 0.509274 0.238360 107.986168 86.701194 719.488149
0.447900 -0.842648 0.298881 0.385680 -0.119491 -0.914862 0.806620 0.525039 0.271473 114.255896 80.298923 718.295962
0.477678 -0.840799 0.254718 0.394021 -0.054103 -0.917508 0.785220 0.538637 0.305449 120.465863 73.804631 717.096323
0.507709 -0.835087 0.211805 0.400535 0.011132 -0.916214 0.762761 0.550005 0.340133 126.604421 67.236791 715.892255
0.537865 -0.825625 0.170425 0.405196 0.075908 -0.911073 0.739268 0.559090 0.375368 132.659921 60.613877 714.686782
0.568021 -0.812547 0.130843 0.407987 0.139929 -0.902201 0.714772 0.565851 0.410991 138.620716 53.954360 713.482927
0.598048 -0.796010 0.093314 0.408901 0.202910 -0.889734 0.689303 0.570260 0.446839 144.475158 47.276714 712.283715
0.627818 -0.776190 0.058072 0.407937 0.264580 -0.873833 0.662896 0.572299 0.482745 150.211598 40.599413 711.092169
0.657205 -0.753286 0.025337 0.405104 0.324686 -0.854675 0.635588 0.571962 0.518544 155.818390 33.940928 709.911312
0.686083 -0.727508 -0.004694 0.400418 0.382988 -0.832457 0.607417 0.569256 0.554069 161.283884 27.319734 708.744169
0.714328 -0.699086 -0.031843 0.393905 0.439270 -0.807391 0.578424 0.564199 0.589156 166.596434 20.754303 707.593763
0.741819 -0.668262 -0.055958 0.385598 0.493331 -0.779704 0.548652 0.556822 0.623643 171.744391 14.263108 706.463117
0.768437 -0.635288 -0.076904 0.375539 0.544995 -0.749634 0.518146 0.547166 0.657369 176.716107 7.864622 705.355256
0.794068 -0.600426 -0.094576 0.363777 0.594104 -0.717430 0.486952 0.535284 0.690180 181.499934 1.577318 704.273203
0.818602 -0.563946 -0.108889 0.350369 0.640527 -0.683350 0.455119 0.521240 0.721925 186.084224 -4.580330 703.219981
0.841932 -0.526120 -0.119785 0.335379 0.684151 -0.647656 0.422695 0.505109 0.752458 190.457330 -10.589851 702.198615
0.863959 -0.487224 -0.127229 0.318877 0.724892 -0.610614 0.389733 0.486975 0.781641 194.607603 -16.432770 701.212128
0.884588 -0.447535 -0.131211 0.300942 0.762683 -0.572493 0.356283 0.466933 0.809342 198.523396 -22.090615 700.263544
0.903730 -0.407327 -0.131747 0.281658 0.797485 -0.533560 0.322400 0.445087 0.835438 202.193060 -27.544913 699.355886
0.921302 -0.366871 -0.128874 0.261113 0.829279 -0.494080 0.288136 0.421547 0.859812 205.604948 -32.777191 698.492178
0.937230 -0.326429 -0.122654 0.239403 0.858071 -0.454314 0.253547 0.396433 0.882358 208.747411 -37.768975 697.675444
0.951446 -0.286259 -0.113169 0.216628 0.883884 -0.414513 0.218686 0.369871 0.902979 211.608802 -42.501794 696.908708
0.963888 -0.246605 -0.100524 0.192890 0.906766 -0.374924 0.183610 0.341995 0.921589 214.177473 -46.957173 696.194993
0.974505 -0.207704 -0.084843 0.168299 0.926783 -0.335782 0.148374 0.312942 0.938111 216.441776 -51.116639 695.537322
0.983252 -0.169775 -0.066266 0.142964 0.944018 -0.297308 0.113032 0.282855 0.952479 218.390063 -54.961721 694.938720
0.990092 -0.133026 -0.044954 0.116999 0.958572 -0.259713 0.077640 0.251880 0.964639 220.010686 -58.473944 694.402210
0.994998 -0.097647 -0.021079 0.090521 0.970563 -0.223191 0.042253 0.220166 0.974547 221.291997 -61.634837 693.930817
0.997949 -0.063812 0.005170 0.063646 0.980120 -0.187922 0.006924 0.187865 0.982170 222.222348 -64.425924 693.527562
0.998933 -0.031676 0.033597 0.036492 0.987386 -0.154068 -0.028293 0.155130 0.987489 222.790091 -66.828735 693.195471
0.997949 -0.001376 0.063992 0.009177 0.992515 -0.121775 -0.063346 0.122113 0.990493 222.983578 -68.824795 692.937567
0.994920 0.027558 0.096818 -0.018702 0.995656 -0.091208 -0.098911 0.088934 0.991114 222.926591 -70.564705 692.727337
0.989625 0.055479 0.132533 -0.047495 0.996904 -0.062666 -0.135600 0.055721 0.989196 222.752597 -72.213266 692.535898
0.981865 0.082109 0.170878 -0.076976 0.996366 -0.036466 -0.173252 0.022651 0.984617 222.464472 -73.773311 692.362714
0.971471 0.107196 0.211547 -0.106894 0.994187 -0.012898 -0.211700 -0.010083 0.977283 222.065096 -75.247672 692.207253
0.958307 0.130519 0.254190 -0.136975 0.990544 0.007785 -0.250770 -0.042278 0.967123 221.557346 -76.639181 692.068979
0.942270 0.151897 0.298419 -0.166925 0.985643 0.025373 -0.290281 -0.073721 0.954098 220.944100 -77.950669 691.947359
0.923300 0.171190 0.343818 -0.196434 0.979713 0.039704 -0.330046 -0.104196 0.938196 220.228237 -79.184970 691.841859
0.901378 0.188301 0.389949 -0.225183 0.972998 0.050670 -0.369879 -0.133483 0.919441 219.412633 -80.344914 691.751944
0.876531 0.203181 0.436361 -0.252847 0.965753 0.058220 -0.409588 -0.161364 0.897886 218.500169 -81.433334 691.677080
0.848831 0.215826 0.482602 -0.279100 0.958235 0.062362 -0.448987 -0.187629 0.873617 217.493720 -82.453063 691.616734
0.818398 0.226280 0.528226 -0.303627 0.950695 0.063164 -0.487889 -0.212077 0.846751 216.396167 -83.406931 691.570371
0.785396 0.234626 0.572804 -0.326125 0.943373 0.060749 -0.526114 -0.234518 0.817438 215.210386 -84.297771 691.537457
0.750032 0.240991 0.615935 -0.346312 0.936488 0.055299 -0.563489 -0.254782 0.785854 213.939255 -85.128415 691.517457
0.712554 0.245532 0.657252 -0.363932 0.930237 0.047042 -0.599850 -0.272715 0.752201 212.585654 -85.901695 691.509839
0.673245 0.248439 0.696433 -0.378762 0.924784 0.036252 -0.635043 -0.288189 0.716706 211.152459 -86.620443 691.514067
0.632420 0.249918 0.733202 -0.390613 0.920262 0.023242 -0.668929 -0.301097 0.679614 209.642549 -87.287491 691.529608
0.590418 0.250194 0.767339 -0.399341 0.916764 0.008353 -0.701380 -0.311362 0.641187 208.058801 -87.905671 691.555927
0.547595 0.249494 0.798681 -0.404845 0.914350 -0.008056 -0.732284 -0.318931 0.601700 206.404095 -88.477815 691.592490
0.504321 0.248046 0.827123 -0.407069 0.913038 -0.025610 -0.761548 -0.323781 0.561437 204.681308 -89.006755 691.638763
0.460969 0.246068 0.852619 -0.406007 0.912813 -0.043933 -0.789092 -0.325917 0.520684 202.893318 -89.495323 691.694213
0.417907 0.243762 0.875177 -0.401699 0.913626 -0.062655 -0.814857 -0.325374 0.479729 201.043002 -89.946351 691.758304
0.375495 0.241307 0.894860 -0.394233 0.915397 -0.081419 -0.838799 -0.322211 0.438858 199.133241 -90.362671 691.830503
0.334074 0.238855 0.911780 -0.383740 0.918023 -0.099889 -0.860894 -0.316516 0.398346 197.166910 -90.747116 691.910276
0.293964 0.236527 0.926089 -0.370392 0.921382 -0.117753 -0.881133 -0.308400 0.358461 195.146888 -91.102516 691.997089
0.255453 0.234409 0.937974 -0.354397 0.925338 -0.134732 -0.899526 -0.297998 0.319454 193.076054 -91.431705 692.090406
0.218797 0.232551 0.947654 -0.335998 0.929748 -0.150581 -0.916097 -0.285463 0.281563 190.957286 -91.737514 692.189695
0.184214 0.230968 0.955363 -0.315462 0.934467 -0.165088 -0.930886 -0.270970 0.245003 188.793461 -92.022774 692.294422
0.151881 0.229638 0.961352 -0.293078 0.939357 -0.178082 -0.943948 -0.254704 0.209973 186.587457 -92.290319 692.404051
0.121934 0.228509 0.965876 -0.269150 0.944286 -0.189423 -0.955348 -0.236869 0.176644 184.342153 -92.542981 692.518049
0.094467 0.227495 0.969186 -0.243992 0.949139 -0.199007 -0.965165 -0.217674 0.145169 182.060426 -92.783590 692.635883
0.069529 0.226486 0.971530 -0.217919 0.953814 -0.206760 -0.973487 -0.197339 0.115674 179.745156 -93.014980 692.757016
0.047131 0.225349 0.973137 -0.191247 0.958233 -0.212635 -0.980410 -0.176088 0.088260 177.399219 -93.239982 692.880917
0.027243 0.223933 0.974224 -0.164284 0.962337 -0.216607 -0.986037 -0.154149 0.063006 175.025493 -93.461428 693.007050
0.009800 0.222073 0.974981 -0.137327 0.966088 -0.218668 -0.990477 -0.131749 0.039965 172.626858 -93.682150 693.134881
-0.005295 0.219597 0.975576 -0.110658 0.969469 -0.218823 -0.993844 -0.109114 0.019167 170.206190 -93.904981 693.263876
-0.018170 0.216327 0.976152 -0.084542 0.972484 -0.217088 -0.996254 -0.086470 0.000619 167.766369 -94.132752 693.393502
-0.028973 0.212083 0.976822 -0.059223 0.975151 -0.213477 -0.997824 -0.064036 -0.015693 165.310272 -94.368295 693.523223
-0.037875 0.206690 0.977673 -0.034926 0.977504 -0.208007 -0.998672 -0.042024 -0.029804 162.840776 -94.614442 693.652507
-0.045059 0.199976 0.978764 -0.011852 0.979583 -0.200689 -0.998914 -0.020643 -0.041769 160.360761 -94.874026 693.780818
-0.050719 0.191776 0.980127 0.009818 0.981439 -0.191525 -0.998665 -0.000091 -0.051660 157.873104 -95.149878 693.907622
-0.055054 0.181936 0.981768 0.029923 0.983118 -0.180509 -0.998035 0.019440 -0.059568 155.380683 -95.444831 694.032387
-0.058262 0.170310 0.983667 0.048323 0.984667 -0.167621 -0.997131 0.037768 -0.065599 152.886377 -95.761715 694.154576
-0.060540 0.156760 0.985780 0.064893 0.986120 -0.152829 -0.996054 0.054718 -0.069872 150.393063 -96.103365 694.273657
-0.062073 0.141160 0.988039 0.079526 0.987500 -0.136087 -0.994898 0.070128 -0.072523 147.903619 -96.472610 694.389095
-0.063034 0.123394 0.990354 0.092125 0.988810 -0.117338 -0.993750 0.083840 -0.073696 145.420924 -96.872284 694.500356
-0.063582 0.103354 0.992610 0.102603 0.990029 -0.096513 -0.992688 0.095708 -0.073553 142.947856 -97.305219 694.606906
-0.063853 0.080941 0.994671 0.110881 0.991110 -0.073533 -0.991780 0.105595 -0.072261 140.487292 -97.774245 694.708211
-0.063961 0.056067 0.996376 0.116885 0.991970 -0.048315 -0.991084 0.113371 -0.070000 138.042110 -98.282197 694.803736
-0.063989 0.028650 0.997539 0.120540 0.992491 -0.020773 -0.990644 0.118914 -0.066962 135.615190 -98.831904 694.892948
-0.063992 -0.001376 0.997949 0.121775 0.992515 0.009177 -0.990493 0.122113 -0.063346 133.209408 -99.426200 694.975312
-0.063988 -0.034871 0.997341 0.120339 0.991827 0.042399 -0.990668 0.122732 -0.059269 130.807108 -100.055481 695.053150
-0.063951 -0.072485 0.995317 0.116108 0.990045 0.079561 -0.991176 0.120653 -0.054898 128.388392 -100.707304 695.129277
-0.063810 -0.113938 0.991437 0.109196 0.986699 0.120421 -0.991970 0.115945 -0.050519 125.952781 -101.380244 695.203900
-0.063454 -0.158914 0.985251 0.099717 0.981291 0.164697 -0.992990 0.108697 -0.046420 123.499792 -102.072878 695.277224
-0.062741 -0.207048 0.976317 0.087789 0.973307 0.212052 -0.994161 0.099014 -0.042889 121.028945 -102.783779 695.349456
-0.061499 -0.257930 0.964204 0.073536 0.962237 0.262094 -0.995395 0.087022 -0.040210 118.539759 -103.511523 695.420802
-0.059540 -0.311092 0.948513 0.057093 0.947582 0.314370 -0.996592 0.072871 -0.038658 116.031752 -104.254686 695.491469
-0.056658 -0.366013 0.928883 0.038608 0.928879 0.368366 -0.997647 0.056733 -0.038497 113.504445 -105.011842 695.561662
-0.052642 -0.422122 0.905009 0.018244 0.905708 0.423509 -0.998447 0.038806 -0.039977 110.957355 -105.781567 695.631587
-0.047279 -0.478794 0.876653 -0.003815 0.877715 0.479169 -0.998874 0.019310 -0.043324 108.390003 -106.562435 695.701452
-0.040361 -0.535368 0.843654 -0.027368 0.844618 0.534670 -0.998810 -0.001509 -0.048742 105.801906 -107.353023 695.771462
-0.031694 -0.591144 0.805943 -0.052191 0.806227 0.589300 -0.998134 -0.023386 -0.056405 103.192584 -108.151905 695.841824
-0.021097 -0.645408 0.763547 -0.078040 0.762449 0.642324 -0.996727 -0.046036 -0.066454 100.561556 -108.957656 695.912744
-0.008419 -0.697437 0.716597 -0.104651 0.713301 0.693000 -0.994473 -0.069159 -0.078993 97.908341 -109.768852 695.984427
0.006468 -0.746520 0.665332 -0.131743 0.658910 0.740595 -0.991263 -0.092443 -0.094087 95.232457 -110.584067 696.057081
0.023654 -0.791974 0.610097 -0.159020 0.599517 0.784405 -0.986992 -0.115572 -0.111759 92.533425 -111.401878 696.130912
0.043192 -0.833163 0.551339 -0.186178 0.535475 0.823775 -0.981566 -0.138227 -0.131988 89.810762 -112.220859 696.206125
0.065093 -0.869514 0.489600 -0.212905 0.467241 0.858113 -0.974902 -0.160095 -0.154709 87.063988 -113.039585 696.282927
0.089327 -0.900538 0.425503 -0.238891 0.395369 0.886913 -0.966929 -0.180874 -0.179813 84.292623 -113.856631 696.361525
0.115818 -0.925836 0.359742 -0.263835 0.320494 0.909766 -0.957589 -0.200280 -0.207149 81.496184 -114.670573 696.442124
0.144446 -0.945120 0.293059 -0.287445 0.243316 0.926376 -0.946842 -0.218050 -0.236524 78.674191 -115.479986 696.524931
0.175051 -0.958216 0.226227 -0.309451 0.164583 0.936564 -0.934664 -0.233953 -0.267711 75.826162 -116.283445 696.610152
0.207431 -0.965072 0.160029 -0.329609 0.085072 0.940277 -0.921049 -0.247790 -0.300449 72.951618 -117.079526 696.697993
0.241350 -0.965754 0.095233 -0.347703 0.005562 0.937588 -0.906009 -0.259400 -0.334453 70.050077 -117.866802 696.788661
0.276542 -0.960449 0.032577 -0.363558 -0.073180 0.928693 -0.889578 -0.268666 -0.369416 67.121057 -118.643851 696.882361
0.312717 -0.949455 -0.027261 -0.377036 -0.150422 0.913902 -0.871809 -0.275514 -0.405019 64.164079 -119.409246 696.979301
0.349566 -0.933168 -0.083669 -0.388045 -0.225486 0.893631 -0.852775 -0.279916 -0.440934 61.178660 -120.161563 697.079686
0.386771 -0.912073 -0.136127 -0.396536 -0.297761 0.868388 -0.832566 -0.281888 -0.476835 58.164320 -120.899377 697.183722
0.424011 -0.886724 -0.184213 -0.402509 -0.366717 0.838752 -0.811296 -0.281493 -0.512406 55.120578 -121.621263 697.291616
0.460969 -0.857730 -0.227611 -0.406007 -0.431914 0.805363 -0.789092 -0.278835 -0.547343 52.046954 -122.325797 697.403575
0.497337 -0.825735 -0.266117 -0.407119 -0.493005 0.768895 -0.766101 -0.274058 -0.581362 48.942965 -123.011554 697.519803
0.532826 -0.791398 -0.299642 -0.405976 -0.549744 0.730045 -0.742482 -0.267340 -0.614206 45.808130 -123.677109 697.640508
0.567171 -0.755382 -0.328201 -0.402743 -0.601976 0.689509 -0.718411 -0.258889 -0.645648 42.641970 -124.321036 697.765896
0.600132 -0.718330 -0.351914 -0.397622 -0.649639 0.647970 -0.694073 -0.248939 -0.675494 39.444003 -124.941912 697.896173
0.631502 -0.680860 -0.370993 -0.390840 -0.692754 0.606082 -0.669663 -0.237743 -0.703583 36.213748 -125.538311 698.031545
0.661105 -0.643547 -0.385731 -0.382649 -0.731415 0.564458 -0.645384 -0.225566 -0.729794 32.950723 -126.108809 698.172219
0.688800 -0.606918 -0.396490 -0.373313 -0.765778 0.523661 -0.621443 -0.212683 -0.754039 29.654449 -126.651981 698.318400
0.714481 -0.571448 -0.403687 -0.363113 -0.796052 0.484200 -0.598051 -0.199368 -0.776265 26.324443 -127.166402 698.470295
0.738074 -0.537553 -0.407778 -0.352330 -0.822484 0.446525 -0.575421 -0.185896 -0.796450 22.960226 -127.650647 698.628111
0.759536 -0.505593 -0.409245 -0.341249 -0.845345 0.411024 -0.553764 -0.172532 -0.814603 19.561315 -128.103291 698.792053
0.778848 -0.475872 -0.408586 -0.330149 -0.864925 0.378030 -0.533290 -0.159533 -0.830753 16.127231 -128.522910 698.962328
0.796016 -0.448646 -0.406295 -0.319302 -0.881514 0.347821 -0.514203 -0.147140 -0.844953 12.657491 -128.908078 699.139142
0.811063 -0.424124 -0.402859 -0.308967 -0.895398 0.320628 -0.496705 -0.135579 -0.857264 9.151615 -129.257371 699.322701
0.824024 -0.402480 -0.398742 -0.299390 -0.906846 0.296641 -0.480990 -0.125060 -0.867761 5.609122 -129.569365 699.513212
0.834937 -0.383856 -0.394378 -0.290798 -0.916107 0.276016 -0.467243 -0.115771 -0.876516 2.029531 -129.842633 699.710881
0.843843 -0.368374 -0.390165 -0.283402 -0.923397 0.258885 -0.455644 -0.107885 -0.883600 -1.587638 -130.075752 699.915913
0.850773 -0.356144 -0.386454 -0.277392 -0.928897 0.245366 -0.446362 -0.101552 -0.889072 -5.242868 -130.267297 700.128516
0.855744 -0.347269 -0.383545 -0.272935 -0.932745 0.235568 -0.439555 -0.096903 -0.892973 -8.936639 -130.415843 700.348895
0.858752 -0.341858 -0.381678 -0.270177 -0.935034 0.229601 -0.435373 -0.094050 -0.895324 -12.669432 -130.519964 700.577257
0.859767 -0.340026 -0.381029 -0.269235 -0.935798 0.227584 -0.433951 -0.093083 -0.896115 -16.441728 -130.578237 700.813808
0.857443 -0.343603 -0.383053 -0.271383 -0.934413 0.230703 -0.437199 -0.093860 -0.894453 -20.355771 -130.437957 701.083928
0.850500 -0.354157 -0.388874 -0.277634 -0.930231 0.239977 -0.446732 -0.096136 -0.889488 -24.504847 -129.956822 701.411138
0.838863 -0.371432 -0.397930 -0.287583 -0.923083 0.255372 -0.462175 -0.099784 -0.881157 -28.876003 -129.149003 701.792860
0.822325 -0.395165 -0.409422 -0.300683 -0.912633 0.276932 -0.483086 -0.104622 -0.869300 -33.456287 -128.028675 702.226514
0.800596 -0.425066 -0.422332 -0.316241 -0.898404 0.304734 -0.508957 -0.110410 -0.853682 -38.232744 -126.610010 702.709521
0.773357 -0.460779 -0.435432 -0.333419 -0.879789 0.338827 -0.539212 -0.116853 -0.834024 -43.192422 -124.907183 703.239302
0.740312 -0.501853 -0.447305 -0.351233 -0.856077 0.379166 -0.573213 -0.123593 -0.810032 -48.322367 -122.934365 703.813276
0.701249 -0.547698 -0.456373 -0.368561 -0.826481 0.425549 -0.610256 -0.130214 -0.781429 -53.609626 -120.705731 704.428865
0.656100 -0.597551 -0.460940 -0.384160 -0.790171 0.477547 -0.649580 -0.136244 -0.747986 -59.041247 -118.235453 705.083490
0.604996 -0.650441 -0.459244 -0.396695 -0.746324 0.534447 -0.690371 -0.141159 -0.709550 -64.604275 -115.537706 705.774570
0.548321 -0.705166 -0.449538 -0.404779 -0.694183 0.595201 -0.731778 -0.144397 -0.666071 -70.285757 -112.626661 706.499527
0.486744 -0.760281 -0.430177 -0.407033 -0.633118 0.658396 -0.772919 -0.145374 -0.617626 -76.072741 -109.516494 707.255781
0.421252 -0.814106 -0.399723 -0.402151 -0.562708 0.722242 -0.812909 -0.143497 -0.564436 -81.952272 -106.221376 708.040752
0.353152 -0.864751 -0.357057 -0.388976 -0.482812 0.784596 -0.850871 -0.138195 -0.506873 -87.911398 -102.755481 708.851862
0.284051 -0.910176 -0.301488 -0.366583 -0.393644 0.843007 -0.885964 -0.128936 -0.445470 -93.937166 -99.132983 709.686531
0.215821 -0.948260 -0.232861 -0.334358 -0.295835 0.894811 -0.917402 -0.115260 -0.380905 -100.016622 -95.368054 710.542180
0.150530 -0.976908 -0.151629 -0.292069 -0.190476 0.937238 -0.944477 -0.096796 -0.313997 -106.136813 -91.474868 711.416228
0.090354 -0.994166 -0.058908 -0.239921 -0.079137 0.967561 -0.966578 -0.073290 -0.245672 -112.284786 -87.467599 712.306098
0.037474 -0.998350 0.043514 -0.178593 0.036152 0.983259 -0.983209 -0.044618 -0.176943 -118.447587 -83.360419 713.209209
-0.006044 -0.988174 0.153215 -0.109236 0.152954 0.982178 -0.993997 -0.010801 -0.108869 -124.612264 -79.167502 714.122982
-0.038368 -0.962870 0.267226 -0.033457 0.268511 0.962695 -0.998703 0.027996 -0.042517 -130.765862 -74.903021 715.044837
-0.058015 -0.922273 0.382161 0.046743 0.379876 0.923856 -0.997221 0.071461 0.021071 -136.895429 -70.581150 715.972196
-0.063947 -0.866887 0.494387 0.129056 0.484057 0.865467 -0.989573 0.119148 0.080923 -142.988012 -66.216061 716.902479
-0.055648 -0.797891 0.600227 0.210977 0.578188 0.788154 -0.975906 0.170493 0.136162 -149.030658 -61.821928 717.833106
-0.033164 -0.717112 0.696169 0.289932 0.659697 0.693354 -0.956472 0.224836 0.186036 -155.010412 -57.412924 718.761498
0.002887 -0.626935 0.779066 0.363419 0.726458 0.583254 -0.931621 0.281444 0.229937 -160.914322 -53.003223 719.685076
0.051345 -0.530184 0.846327 0.429139 0.776929 0.460675 -0.901778 0.339538 0.267414 -166.729435 -48.606998 720.601260
0.110575 -0.429959 0.896052 0.485119 0.810232 0.328914 -0.867429 0.398322 0.298173 -172.442797 -44.238422 721.507471
0.178559 -0.329457 0.927132 0.529814 0.826199 0.191552 -0.829104 0.457004 0.322077 -178.041455 -39.911668 722.401130
0.253013 -0.231794 0.939285 0.562174 0.825367 0.052250 -0.787366 0.514822 0.339137 -183.512456 -35.640910 723.279657
0.331516 -0.139824 0.933031 0.581687 0.808911 -0.085457 -0.742790 0.571062 0.349501 -188.842847 -31.440321 724.140473
0.411640 -0.055997 0.909625 0.588376 0.778552 -0.218334 -0.695964 0.625077 0.353431 -194.019674 -27.324074 724.980998
0.491077 0.017752 0.870935 0.582773 0.736417 -0.343607 -0.647472 0.676295 0.351292 -199.029984 -23.306343 725.798653
0.567744 0.080078 0.819301 0.565856 0.684890 -0.459057 -0.597891 0.724233 0.343529 -203.860825 -19.401300 726.590859
0.639872 0.130244 0.757364 0.538971 0.626451 -0.563089 -0.547791 0.768502 0.330650 -208.499242 -15.623120 727.355036
0.706060 0.168107 0.687909 0.503735 0.563531 -0.654739 -0.497724 0.808810 0.313206 -212.932282 -11.985975 728.088605
0.765313 0.194061 0.613707 0.461937 0.498378 -0.733644 -0.448230 0.844961 0.291772 -217.146993 -8.504038 728.788986
0.817038 0.208958 0.537388 0.415436 0.432958 -0.799975 -0.399828 0.876860 0.266935 -221.130420 -5.191484 729.453601
0.861026 0.214009 0.461339 0.366076 0.368883 -0.854350 -0.353019 0.904503 0.239274 -224.869612 -2.062484 730.079869
0.897415 0.210681 0.387634 0.315608 0.307375 -0.897726 -0.308283 0.927973 0.209350 -228.351614 0.868786 730.665212
0.926630 0.200593 0.317994 0.265634 0.249266 -0.931292 -0.266076 0.947433 0.177693 -231.563473 3.588155 731.207049
0.949321 0.185432 0.253779 0.217569 0.195015 -0.956364 -0.226831 0.963112 0.144788 -234.492236 6.081449 731.702802
0.966300 0.166873 0.196003 0.172625 0.144759 -0.974292 -0.190956 0.975294 0.111074 -237.124950 8.334495 732.149891
0.978468 0.146529 0.145360 0.131805 0.098366 -0.986383 -0.158832 0.984303 0.076935 -239.448661 10.333119 732.545737
0.986755 0.125917 0.102272 0.095923 0.055511 -0.993840 -0.130819 0.990486 0.042697 -241.450417 12.063148 732.887761
0.992064 0.106437 0.066930 0.065622 0.015742 -0.997720 -0.107248 0.994195 0.008632 -243.117264 13.510409 733.173382
0.995221 0.089374 0.039343 0.041415 -0.021442 -0.998912 -0.088433 0.995767 -0.025041 -244.436248 14.660728 733.400022
0.996927 0.075903 0.019385 0.023712 -0.056521 -0.998120 -0.074664 0.995512 -0.058147 -245.394418 15.499932 733.565101
0.997722 0.067107 0.006828 0.012861 -0.089885 -0.995869 -0.066216 0.993689 -0.090544 -245.978818 16.013849 733.666040
0.997949 0.063992 0.001376 0.009177 -0.121775 -0.992515 -0.063346 0.990493 -0.122113 -246.176497 16.188304 733.700260
0.997810 0.066131 0.001321 0.011480 -0.153475 -0.988086 -0.065140 0.985937 -0.153898 -246.081841 16.095162 733.682693
0.997350 0.072594 0.004790 0.018262 -0.186075 -0.982366 -0.070423 0.979850 -0.186907 -245.802989 15.820771 733.630943
0.996440 0.083561 0.011183 0.029334 -0.219286 -0.975220 -0.079038 0.972076 -0.220956 -245.347616 15.372684 733.546433
0.994872 0.099169 0.019870 0.044495 -0.252721 -0.966516 -0.090827 0.962444 -0.255837 -244.723398 14.758452 733.430588
0.992375 0.119498 0.030205 0.063530 -0.285904 -0.956150 -0.105622 0.950778 -0.291316 -243.938008 13.985627 733.284833
0.988625 0.144555 0.041532 0.086200 -0.318290 -0.944066 -0.123250 0.936908 -0.327130 -242.999122 13.061761 733.110591
0.983261 0.174262 0.053196 0.112231 -0.349277 -0.930274 -0.143532 0.920673 -0.362988 -241.914414 11.994406 732.909286
0.975901 0.208445 0.064558 0.141308 -0.378233 -0.914862 -0.166281 0.901937 -0.398573 -240.691559 10.791115 732.682345
0.966153 0.246824 0.075014 0.173066 -0.404518 -0.898005 -0.191305 0.880592 -0.433543 -239.338233 9.459439 732.431189
0.953633 0.289009 0.084014 0.207085 -0.427509 -0.879972 -0.218403 0.856569 -0.467537 -237.862109 8.006931 732.157245
0.937984 0.334502 0.091077 0.242889 -0.446628 -0.861120 -0.247369 0.829838 -0.500177 -236.270864 6.441142 731.861935
0.918887 0.382709 0.095817 0.279943 -0.461365 -0.841887 -0.277991 0.800422 -0.531079 -234.572170 4.769625 731.546685
0.896082 0.432945 0.097955 0.317656 -0.471308 -0.822778 -0.310051 0.768392 -0.559858 -232.773704 2.999931 731.212919
0.869382 0.484460 0.097334 0.355391 -0.476160 -0.804344 -0.343326 0.733873 -0.586138 -230.883140 1.139612 730.862061
0.838684 0.536458 0.093929 0.392474 -0.475757 -0.787159 -0.377590 0.697042 -0.609555 -228.908154 -0.803778 730.495536
0.803983 0.588127 0.087853 0.428206 -0.470079 -0.771794 -0.412615 0.658128 -0.629775 -226.856419 -2.822690 730.114767
0.765381 0.638668 0.079347 0.461883 -0.459252 -0.758783 -0.448170 0.617407 -0.646492 -224.735610 -4.909569 729.721180
0.723088 0.687324 0.068776 0.492811 -0.443546 -0.748601 -0.484026 0.575198 -0.659444 -222.553403 -7.056865 729.316198
0.677425 0.733410 0.056610 0.520328 -0.423365 -0.741634 -0.519955 0.531857 -0.668412 -220.317473 -9.257025 728.901245
0.628821 0.776338 0.043400 0.543826 -0.399225 -0.738155 -0.555731 0.487770 -0.673234 -218.035493 -11.502497 728.477747
0.577800 0.815636 0.029755 0.562769 -0.371734 -0.738312 -0.591132 0.443342 -0.673803 -215.715139 -13.785729 728.047127
0.524973 0.850963 0.016303 0.576713 -0.341566 -0.742115 -0.625944 0.398993 -0.670074 -213.364086 -16.099170 727.610810
0.471015 0.882117 0.003668 0.585321 -0.309422 -0.749438 -0.659957 0.355143 -0.662065 -210.990009 -18.435267 727.170219
0.416652 0.909035 -0.007571 0.588378 -0.276010 -0.760019 -0.692974 0.312209 -0.649856 -208.600582 -20.786467 726.726781
0.362630 0.931780 -0.016899 0.585795 -0.242008 -0.773483 -0.724806 0.270589 -0.633592 -206.203480 -23.145220 726.281917
0.309699 0.950534 -0.023896 0.577617 -0.208040 -0.789353 -0.755278 0.230659 -0.613475 -203.806378 -25.503973 725.837054
0.258580 0.965577 -0.028252 0.564018 -0.174658 -0.807080 -0.784232 0.192760 -0.589765 -201.416951 -27.855174 725.393615
0.209950 0.977259 -0.029778 0.545295 -0.142320 -0.826074 -0.811526 0.157196 -0.562774 -199.042874 -30.191270 724.953025
0.164412 0.985982 -0.028411 0.521861 -0.111389 -0.845727 -0.837037 0.124221 -0.532859 -196.691821 -32.504711 724.516708
0.122484 0.992175 -0.024206 0.494222 -0.082126 -0.865448 -0.860664 0.094040 -0.500414 -194.371467 -34.787943 724.086088
0.084579 0.996266 -0.017333 0.462968 -0.054695 -0.884686 -0.882330 0.066801 -0.465865 -192.089487 -37.033415 723.662590
0.050996 0.998666 -0.008052 0.428745 -0.029174 -0.902955 -0.901985 0.042595 -0.429661 -189.853557 -39.233575 723.247637
0.021917 0.999754 0.003299 0.392236 -0.005564 -0.919848 -0.919603 0.021454 -0.392262 -187.671350 -41.380871 722.842655
-0.002599 0.999863 0.016329 0.354142 0.016191 -0.935052 -0.935188 0.003353 -0.354135 -185.550541 -43.467751 722.449068
-0.022607 0.999275 0.030618 0.315156 0.036188 -0.948350 -0.948771 -0.011790 -0.315745 -183.498806 -45.486662 722.068299
-0.038273 0.998220 0.045737 0.275949 0.054549 -0.959623 -0.960410 -0.024107 -0.277546 -181.523820 -47.430053 721.701774
-0.049861 0.996875 0.061268 0.237153 0.071407 -0.968844 -0.970192 -0.033778 -0.239972 -179.633256 -49.290371 721.350916
-0.057717 0.995373 0.076819 0.199346 0.086888 -0.976070 -0.978228 -0.041022 -0.203439 -177.834790 -51.060065 721.017150
-0.062258 0.993807 0.092039 0.163045 0.101106 -0.981424 -0.984652 -0.046095 -0.168330 -176.136096 -52.731582 720.701900
-0.063952 0.992241 0.106624 0.128701 0.114151 -0.985092 -0.989619 -0.049276 -0.135003 -174.544851 -54.297371 720.406590
-0.063301 0.990714 0.120324 0.096697 0.126087 -0.987295 -0.993299 -0.050862 -0.103781 -173.068727 -55.749880 720.132646
-0.060828 0.989256 0.132937 0.067349 0.136948 -0.988286 -0.995873 -0.051163 -0.074956 -171.715401 -57.081555 719.881490
-0.057057 0.987886 0.144312 0.040913 0.146739 -0.988329 -0.997532 -0.050487 -0.048790 -170.492546 -58.284847 719.654548
-0.052498 0.986622 0.154340 0.017592 0.155443 -0.987688 -0.998466 -0.049137 -0.025517 -169.407838 -59.352201 719.453244
-0.047640 0.985484 0.162945 -0.002455 0.163014 -0.986621 -0.998862 -0.047403 -0.005347 -168.468952 -60.276067 719.279002
-0.042932 0.984495 0.170076 -0.019100 0.169393 -0.985363 -0.998895 -0.045552 0.011532 -167.683562 -61.048892 719.133247
-0.038775 0.983680 0.175696 -0.032235 0.174506 -0.984128 -0.998728 -0.043823 0.024942 -167.059344 -61.663124 719.017402
-0.035513 0.983067 0.179771 -0.041758 0.178268 -0.983096 -0.998496 -0.042419 0.034720 -166.603971 -62.111212 718.932892
-0.033420 0.982682 0.182260 -0.047563 0.180592 -0.982407 -0.998309 -0.041501 0.040704 -166.325119 -62.385602 718.881142
-0.032693 0.982549 0.183106 -0.049528 0.181386 -0.982164 -0.998238 -0.041179 0.042734 -166.230463 -62.478744 718.863575
