0.965926 0.000000 -0.258819 -0.000000 1.000000 0.000000 0.258819 0.000000 0.965926 -230.000000 -0.000000 708.000000
0.965657 0.001640 -0.259813 -0.001257 0.999998 0.001640 0.259816 -0.001257 0.965657 -229.811440 0.184872 708.000000
0.964847 0.006506 -0.262731 -0.004971 0.999966 0.006506 0.262764 -0.004971 0.964847 -229.253489 0.729288 708.000000
0.963466 0.014540 -0.267435 -0.011053 0.999833 0.014540 0.267602 -0.011053 0.963466 -228.337744 1.617948 708.000000
0.961460 0.025705 -0.273742 -0.019403 0.999481 0.025705 0.274261 -0.019403 0.961460 -227.075801 2.835553 708.000000
0.958750 0.039982 -0.281426 -0.029914 0.998753 0.039982 0.282673 -0.029914 0.958750 -225.479255 4.366803 708.000000
0.955240 0.057361 -0.290216 -0.042468 0.997450 0.057361 0.292766 -0.042468 0.955240 -223.559703 6.196398 708.000000
0.950820 0.077837 -0.299803 -0.056938 0.995339 0.077837 0.304464 -0.056938 0.950820 -221.328739 8.309038 708.000000
0.945366 0.101398 -0.309840 -0.073184 0.992150 0.101398 0.317689 -0.073184 0.945366 -218.797961 10.689424 708.000000
0.938748 0.128022 -0.319943 -0.091050 0.987583 0.128022 0.332360 -0.091050 0.938748 -215.978964 13.322255 708.000000
0.930829 0.157663 -0.329696 -0.110369 0.981306 0.157663 0.348391 -0.110369 0.930829 -212.883343 16.192233 708.000000
0.921476 0.190246 -0.338657 -0.130958 0.972963 0.190246 0.365694 -0.130958 0.921476 -209.522695 19.284057 708.000000
0.910558 0.225660 -0.346356 -0.152616 0.962178 0.225660 0.384179 -0.152616 0.910558 -205.908616 22.582427 708.000000
0.897951 0.263746 -0.352310 -0.175130 0.948561 0.263746 0.403749 -0.175130 0.897951 -202.052701 26.072045 708.000000
0.883545 0.304294 -0.356024 -0.198269 0.931716 0.304294 0.424308 -0.198269 0.883545 -197.966546 29.737609 708.000000
0.867245 0.347038 -0.357004 -0.221787 0.911249 0.347038 0.445755 -0.221787 0.867245 -193.661747 33.563821 708.000000
0.848974 0.391645 -0.354764 -0.245427 0.886781 0.391645 0.467983 -0.245427 0.848974 -189.149901 37.535381 708.000000
0.828681 0.437720 -0.348841 -0.268920 0.857953 0.437720 0.490888 -0.268920 0.828681 -184.442602 41.636988 708.000000
0.806337 0.484801 -0.338805 -0.291987 0.824446 0.484801 0.514358 -0.291987 0.806337 -179.551447 45.853343 708.000000
0.781945 0.532363 -0.324271 -0.314346 0.785987 0.532363 0.538284 -0.314346 0.781945 -174.488032 50.169147 708.000000
0.755536 0.579820 -0.304916 -0.335711 0.742366 0.579820 0.562550 -0.335711 0.755536 -169.263952 54.569100 708.000000
0.727176 0.626531 -0.280488 -0.355801 0.693444 0.626531 0.587044 -0.355801 0.727176 -163.890803 59.037901 708.000000
0.696961 0.671815 -0.250818 -0.374338 0.639168 0.671815 0.611650 -0.374338 0.696961 -158.380182 63.560251 708.000000
0.665022 0.714956 -0.215832 -0.391059 0.579579 0.714956 0.636253 -0.391059 0.665022 -152.743684 68.120851 708.000000
0.631522 0.755221 -0.175560 -0.405712 0.514820 0.755221 0.660740 -0.405712 0.631522 -146.992904 72.704400 708.000000
0.596654 0.791876 -0.130141 -0.418068 0.445142 0.791876 0.684998 -0.418068 0.596654 -141.139440 77.295600 708.000000
0.560641 0.824203 -0.079823 -0.427924 0.370906 0.824203 0.708917 -0.427924 0.560641 -135.194886 81.879149 708.000000
0.523731 0.851518 -0.024970 -0.435102 0.292581 0.851518 0.732389 -0.435102 0.523731 -129.170839 86.439749 708.000000
0.486192 0.873192 0.033949 -0.439458 0.210741 0.873192 0.755310 -0.439458 0.486192 -123.078894 90.962099 708.000000
0.448313 0.888667 0.096362 -0.440886 0.126056 0.888667 0.777582 -0.440886 0.448313 -116.930647 95.430900 708.000000
0.410394 0.897474 0.161608 -0.439314 0.039281 0.897474 0.799112 -0.439314 0.410394 -110.737695 99.830853 708.000000
0.372740 0.899248 0.228949 -0.434713 -0.048760 0.899248 0.819811 -0.434713 0.372740 -104.511633 104.146657 708.000000
0.335661 0.893740 0.297590 -0.427092 -0.137187 0.893740 0.839598 -0.427092 0.335661 -98.264056 108.363012 708.000000
0.299460 0.880829 0.366694 -0.416502 -0.225093 0.880829 0.858399 -0.416502 0.299460 -92.006562 112.464619 708.000000
0.264433 0.860522 0.435405 -0.403033 -0.311556 0.860522 0.876151 -0.403033 0.264433 -85.750745 116.436179 708.000000
0.230857 0.832961 0.502873 -0.386813 -0.395666 0.832961 0.892794 -0.386813 0.230857 -79.508202 120.262391 708.000000
0.198993 0.798419 0.568269 -0.368005 -0.476550 0.798419 0.908281 -0.368005 0.198993 -73.290528 123.927955 708.000000
0.169071 0.757292 0.630812 -0.346805 -0.553385 0.757292 0.922573 -0.346805 0.169071 -67.109319 127.417573 708.000000
0.141297 0.710090 0.689788 -0.323435 -0.625429 0.710090 0.935641 -0.323435 0.141297 -60.976171 130.715943 708.000000
0.115841 0.657425 0.744562 -0.298142 -0.692029 0.657425 0.947466 -0.298142 0.115841 -54.902680 133.807767 708.000000
0.092838 0.599991 0.794602 -0.271190 -0.752640 0.599991 0.958038 -0.271190 0.092838 -48.900443 136.677745 708.000000
0.072386 0.538548 0.839479 -0.242857 -0.806837 0.538548 0.967358 -0.242857 0.072386 -42.981054 139.310576 708.000000
0.054545 0.473904 0.878886 -0.213428 -0.854321 0.473904 0.975435 -0.213428 0.054545 -37.156109 141.690962 708.000000
0.039336 0.406889 0.912630 -0.183191 -0.894920 0.406889 0.982290 -0.183191 0.039336 -31.437205 143.803602 708.000000
0.026742 0.338341 0.940644 -0.152431 -0.928596 0.338341 0.987952 -0.152431 0.026742 -25.835938 145.633197 708.000000
0.016709 0.269083 0.962972 -0.121425 -0.955432 0.269083 0.992460 -0.121425 0.016709 -20.363902 147.164447 708.000000
0.009151 0.199906 0.979772 -0.090440 -0.975632 0.199906 0.995860 -0.090440 0.009151 -15.032695 148.382052 708.000000
0.003949 0.131555 0.991301 -0.059723 -0.989508 0.131555 0.998207 -0.059723 0.003949 -9.853911 149.270712 708.000000
0.000956 0.064715 0.997903 -0.029507 -0.997467 0.064715 0.999564 -0.029507 0.000956 -4.839148 149.815128 708.000000
0.000000 0.000000 1.000000 -0.000000 -1.000000 0.000000 1.000000 -0.000000 -0.000000 0.000000 150.000000 708.000000
0.000925 -0.063385 0.997989 0.029162 -0.997563 -0.063385 0.999574 0.029162 0.000925 4.843635 149.751120 708.000000
0.003708 -0.126385 0.991974 0.058391 -0.990261 -0.126385 0.998287 0.058391 0.003708 9.871825 149.016960 708.000000
0.008352 -0.188667 0.982006 0.087568 -0.978129 -0.188667 0.996124 0.087568 0.008352 15.072926 147.816240 708.000000
0.014854 -0.249902 0.968157 0.116570 -0.961229 -0.249902 0.993071 0.116570 0.014854 20.435291 146.167680 708.000000
0.023201 -0.309766 0.950530 0.145278 -0.939649 -0.309766 0.989119 0.145278 0.023201 25.947273 144.090000 708.000000
0.033375 -0.367945 0.929248 0.173570 -0.913504 -0.367945 0.984256 0.173570 0.033375 31.597227 141.601920 708.000000
0.045349 -0.424135 0.904463 0.201326 -0.882937 -0.424135 0.978474 0.201326 0.045349 37.373506 138.722160 708.000000
0.059087 -0.478045 0.876346 0.228427 -0.848112 -0.478045 0.971766 0.228427 0.059087 43.264465 135.469440 708.000000
0.074545 -0.529397 0.845093 0.254758 -0.809220 -0.529397 0.964127 0.254758 0.074545 49.258458 131.862480 708.000000
0.091673 -0.577931 0.810920 0.280204 -0.766474 -0.577931 0.955553 0.280204 0.091673 55.343838 127.920000 708.000000
0.110413 -0.623406 0.774063 0.304653 -0.720105 -0.623406 0.946042 0.304653 0.110413 61.508960 123.660720 708.000000
0.130699 -0.665599 0.734776 0.327999 -0.670369 -0.665599 0.935593 0.327999 0.130699 67.742177 119.103360 708.000000
0.152458 -0.704312 0.693326 0.350138 -0.617534 -0.704312 0.924208 0.350138 0.152458 74.031843 114.266640 708.000000
0.175611 -0.739367 0.649998 0.370971 -0.561887 -0.739367 0.911889 0.370971 0.175611 80.366313 109.169280 708.000000
0.200070 -0.770611 0.605087 0.390405 -0.503728 -0.770611 0.898641 0.390405 0.200070 86.733939 103.830000 708.000000
0.225744 -0.797917 0.558899 0.408352 -0.443369 -0.797917 0.884471 0.408352 0.225744 93.123077 98.267520 708.000000
0.252533 -0.821185 0.511744 0.424729 -0.381130 -0.821185 0.869386 0.424729 0.252533 99.522080 92.500560 708.000000
0.280335 -0.840339 0.463943 0.439462 -0.317339 -0.840339 0.853397 0.439462 0.280335 105.919302 86.547840 708.000000
0.309041 -0.855331 0.415815 0.452480 -0.252329 -0.855331 0.836514 0.452480 0.309041 112.303097 80.428080 708.000000
0.338536 -0.866143 0.367682 0.463723 -0.186433 -0.866143 0.818751 0.463723 0.338536 118.661818 74.160000 708.000000
0.368705 -0.872780 0.319864 0.473137 -0.119987 -0.872780 0.800124 0.473137 0.368705 124.983821 67.762320 708.000000
0.399425 -0.875276 0.272675 0.480676 -0.053323 -0.875276 0.780647 0.480676 0.399425 131.257458 61.253760 708.000000
0.430574 -0.873692 0.226426 0.486300 0.013233 -0.873692 0.760341 0.486300 0.430574 137.471084 54.653040 708.000000
0.462026 -0.868113 0.181417 0.489981 0.079360 -0.868113 0.739223 0.489981 0.462026 143.613052 47.978880 708.000000
0.493651 -0.858651 0.137936 0.491697 0.144748 -0.858651 0.717316 0.491697 0.493651 149.671717 41.250000 708.000000
0.525323 -0.845441 0.096260 0.491435 0.209097 -0.845441 0.694642 0.491435 0.525323 155.635433 34.485120 708.000000
0.556910 -0.828639 0.056652 0.489190 0.272122 -0.828639 0.671226 0.489190 0.556910 161.492553 27.702960 708.000000
0.588283 -0.808423 0.019354 0.484968 0.333553 -0.808423 0.647093 0.484968 0.588283 167.231431 20.922240 708.000000
0.619314 -0.784993 -0.015406 0.478781 0.393136 -0.784993 0.622270 0.478781 0.619314 172.840422 14.161680 708.000000
0.649874 -0.758561 -0.047422 0.470650 0.450636 -0.758561 0.596785 0.470650 0.649874 178.307879 7.440000 708.000000
0.679837 -0.729361 -0.076508 0.460607 0.505840 -0.729361 0.570668 0.460607 0.679837 183.622156 0.775920 708.000000
0.709081 -0.697636 -0.102504 0.448689 0.558553 -0.697636 0.543950 0.448689 0.709081 188.771607 -5.811840 708.000000
0.737485 -0.663644 -0.125268 0.434943 0.608605 -0.663644 0.516662 0.434943 0.737485 193.744587 -12.304560 708.000000
0.764932 -0.627651 -0.144686 0.419425 0.655849 -0.627651 0.488838 0.419425 0.764932 198.529448 -18.683520 708.000000
0.791309 -0.589929 -0.160668 0.402196 0.700158 -0.589929 0.460510 0.402196 0.791309 203.114545 -24.930000 708.000000
0.816508 -0.550759 -0.173148 0.383326 0.741435 -0.550759 0.431713 0.383326 0.816508 207.488233 -31.025280 708.000000
0.840426 -0.510420 -0.182085 0.362893 0.779602 -0.510420 0.402483 0.362893 0.840426 211.638864 -36.950640 708.000000
0.862967 -0.469197 -0.187464 0.340980 0.814609 -0.469197 0.372856 0.340980 0.862967 215.554793 -42.687360 708.000000
0.884039 -0.427368 -0.189295 0.317675 0.846427 -0.427368 0.342868 0.317675 0.884039 219.224373 -48.216720 708.000000
0.903557 -0.385211 -0.187609 0.293076 0.875053 -0.385211 0.312556 0.293076 0.903557 222.635960 -53.520000 708.000000
0.921444 -0.342997 -0.182465 0.267283 0.900507 -0.342997 0.281958 0.267283 0.921444 225.777906 -58.578480 708.000000
0.937630 -0.300990 -0.173941 0.240401 0.922828 -0.300990 0.251113 0.240401 0.937630 228.638565 -63.373440 708.000000
0.952051 -0.259442 -0.162138 0.212541 0.942081 -0.259442 0.220057 0.212541 0.952051 231.206292 -67.886160 708.000000
0.964653 -0.218596 -0.147176 0.183816 0.958346 -0.218596 0.188829 0.183816 0.964653 233.469440 -72.097920 708.000000
0.975388 -0.178682 -0.129194 0.154344 0.971726 -0.178682 0.157469 0.154344 0.975388 235.416364 -75.990000 708.000000
0.984218 -0.139912 -0.108351 0.124242 0.982338 -0.139912 0.126013 0.124242 0.984218 237.035417 -79.543680 708.000000
0.991112 -0.102487 -0.084818 0.093634 0.990318 -0.102487 0.094500 0.093634 0.991112 238.314953 -82.740240 708.000000
0.996048 -0.066587 -0.058781 0.062642 0.995812 -0.066587 0.062969 0.062642 0.996048 239.243326 -85.560960 708.000000
0.999012 -0.032376 -0.030439 0.031389 0.998983 -0.032376 0.031456 0.031389 0.999012 239.808890 -87.987120 708.000000
1.000000 -0.000000 -0.000000 0.000000 1.000000 -0.000000 0.000000 0.000000 1.000000 240.000000 -90.000000 708.000000
0.998974 0.031005 0.033000 -0.032010 0.999026 0.030369 -0.032026 -0.031395 0.998994 239.940480 -91.752480 708.000000
0.995749 0.060985 0.069025 -0.065060 0.996170 0.058414 -0.065198 -0.062657 0.995903 239.763840 -93.411840 708.000000
0.990120 0.089650 0.107822 -0.098907 0.991561 0.083806 -0.099399 -0.093642 0.990632 239.472960 -94.980960 708.000000
0.981909 0.116738 0.149088 -0.133281 0.985367 0.106246 -0.134504 -0.124194 0.983099 239.070720 -96.462720 708.000000
0.970970 0.142020 0.192477 -0.167890 0.977788 0.125475 -0.170381 -0.154147 0.973247 238.560000 -97.860000 708.000000
0.957194 0.165301 0.237602 -0.202419 0.969055 0.141279 -0.206895 -0.183327 0.961034 237.943680 -99.175680 708.000000
0.940511 0.186430 0.284047 -0.236537 0.959421 0.153499 -0.243903 -0.211555 0.946444 237.224640 -100.412640 708.000000
0.920893 0.205300 0.331372 -0.269905 0.949156 0.162029 -0.281259 -0.238651 0.929483 236.405760 -101.573760 708.000000
0.898359 0.221849 0.379124 -0.302176 0.938541 0.166827 -0.318812 -0.264433 0.910183 235.489920 -102.661920 708.000000
0.872971 0.236063 0.426845 -0.333006 0.927854 0.167911 -0.356412 -0.288724 0.888600 234.480000 -103.680000 708.000000
0.844839 0.247975 0.474084 -0.362058 0.917371 0.165363 -0.393905 -0.311351 0.864812 233.378880 -104.630880 708.000000
0.814120 0.257658 0.520405 -0.389010 0.907351 0.159326 -0.431139 -0.332154 0.838924 232.189440 -105.517440 708.000000
0.781011 0.265230 0.565399 -0.413561 0.898035 0.150000 -0.467963 -0.350979 0.811064 230.914560 -106.342560 708.000000
0.745751 0.270841 0.608687 -0.435438 0.889634 0.137638 -0.504231 -0.367690 0.781380 229.557120 -107.109120 708.000000
0.708616 0.274672 0.649937 -0.454400 0.882329 0.122542 -0.539800 -0.382166 0.750044 228.120000 -107.820000 708.000000
0.669913 0.276925 0.688861 -0.470244 0.876262 0.105049 -0.574532 -0.394307 0.717241 226.606080 -108.478080 708.000000
0.629972 0.277818 0.725226 -0.482812 0.871537 0.085531 -0.608299 -0.404030 0.683178 225.018240 -109.086240 708.000000
0.589144 0.277577 0.758855 -0.491989 0.868218 0.064381 -0.640980 -0.411278 0.648070 223.359360 -109.647360 708.000000
0.547792 0.276427 0.789628 -0.497711 0.866326 0.042002 -0.672464 -0.416015 0.612147 221.632320 -110.164320 708.000000
0.506283 0.274586 0.817484 -0.499961 0.865844 0.018805 -0.702650 -0.418230 0.575644 219.840000 -110.640000 708.000000
0.464981 0.272258 0.842418 -0.498772 0.866720 -0.004809 -0.731450 -0.417938 0.538803 217.985280 -111.077280 708.000000
0.424241 0.269624 0.864478 -0.494227 0.868867 -0.028451 -0.758788 -0.415178 0.501865 216.071040 -111.479040 708.000000
0.384402 0.266840 0.883760 -0.486454 0.872172 -0.051753 -0.784601 -0.410014 0.465070 214.100160 -111.848160 708.000000
0.345778 0.264034 0.900402 -0.475621 0.876500 -0.074373 -0.808840 -0.402534 0.428655 212.075520 -112.187520 708.000000
0.308658 0.261297 0.914579 -0.461940 0.881700 -0.096005 -0.831470 -0.392847 0.392847 210.000000 -112.500000 708.000000
0.273296 0.258690 0.926493 -0.445651 0.887610 -0.116375 -0.852469 -0.381088 0.357866 207.876480 -112.788480 708.000000
0.239909 0.256235 0.936369 -0.427028 0.894067 -0.135249 -0.871832 -0.367408 0.323914 205.707840 -113.055840 708.000000
0.208675 0.253923 0.944446 -0.406362 0.900908 -0.152431 -0.889564 -0.351978 0.291182 203.496960 -113.304960 708.000000
0.179732 0.251711 0.950967 -0.383964 0.907980 -0.167764 -0.905687 -0.334984 0.259841 201.246720 -113.538720 708.000000
0.153173 0.249528 0.956177 -0.360155 0.915141 -0.181124 -0.920232 -0.316628 0.230044 198.960000 -113.760000 708.000000
0.129053 0.247276 0.960312 -0.335259 0.922266 -0.192424 -0.933245 -0.297120 0.201923 196.639680 -113.971680 708.000000
0.107384 0.244835 0.963600 -0.309601 0.929248 -0.201605 -0.944783 -0.276682 0.175588 194.288640 -114.176640 708.000000
0.088141 0.242070 0.966247 -0.283500 0.936002 -0.208632 -0.954913 -0.255542 0.151127 191.909760 -114.377760 708.000000
0.071263 0.238830 0.968443 -0.257263 0.942463 -0.213492 -0.963710 -0.233930 0.128604 189.505920 -114.577920 708.000000
0.056656 0.234956 0.970353 -0.231184 0.948587 -0.216187 -0.971259 -0.212082 0.108061 187.080000 -114.780000 708.000000
0.044200 0.230285 0.972119 -0.205540 0.954349 -0.216730 -0.977650 -0.190229 0.089515 184.634880 -114.986880 708.000000
0.033751 0.224654 0.973854 -0.180587 0.959741 -0.215140 -0.982980 -0.168604 0.072962 182.173440 -115.201440 708.000000
0.025144 0.217899 0.975647 -0.156563 0.964771 -0.211435 -0.987348 -0.147434 0.058373 179.698560 -115.426560 708.000000
0.018202 0.209863 0.977561 -0.133681 0.969456 -0.205634 -0.990857 -0.126939 0.045701 177.213120 -115.665120 708.000000
0.012737 0.200396 0.979632 -0.112135 0.973818 -0.197748 -0.993611 -0.107333 0.034875 174.720000 -115.920000 708.000000
0.008555 0.189354 0.981872 -0.092098 0.977883 -0.187783 -0.995713 -0.088822 0.025805 172.222080 -116.194080 708.000000
0.005465 0.176604 0.984267 -0.073721 0.981674 -0.175730 -0.997264 -0.071601 0.018384 169.722240 -116.490240 708.000000
0.003276 0.162022 0.986782 -0.057140 0.985205 -0.161573 -0.998361 -0.055855 0.012485 167.223360 -116.811360 708.000000
0.001807 0.145491 0.989358 -0.042473 0.988478 -0.145284 -0.999096 -0.041759 0.007966 164.728320 -117.160320 708.000000
0.000890 0.126905 0.991915 -0.029827 0.991477 -0.126822 -0.999555 -0.029473 0.004668 162.240000 -117.540000 708.000000
0.000373 0.106165 0.994348 -0.019297 0.994164 -0.106138 -0.999814 -0.019149 0.002419 159.761280 -117.953280 708.000000
0.000120 0.083182 0.996534 -0.010970 0.996475 -0.083175 -0.999940 -0.010922 0.001032 157.295040 -118.403040 708.000000
0.000024 0.057874 0.998324 -0.004926 0.998312 -0.057873 -0.999988 -0.004916 0.000309 154.844160 -118.892160 708.000000
0.000002 0.030167 0.999545 -0.001244 0.999544 -0.030167 -0.999999 -0.001243 0.000039 152.411520 -119.423520 708.000000
0.000000 -0.000000 1.000000 -0.000000 1.000000 0.000000 -1.000000 -0.000000 0.000000 150.000000 -120.000000 708.000000
0.000002 -0.033472 0.999440 -0.001447 0.999439 0.033472 -0.999999 -0.001446 -0.000046 147.591920 -120.611760 708.000000
0.000033 -0.070893 0.997484 -0.005708 0.997468 0.070892 -0.999984 -0.005696 -0.000372 145.167360 -121.246080 708.000000
0.000160 -0.111994 0.993709 -0.012666 0.993629 0.111987 -0.999920 -0.012604 -0.001259 142.725840 -121.901520 708.000000
0.000493 -0.156468 0.987683 -0.022199 0.987438 0.156440 -0.999753 -0.022003 -0.002987 140.266880 -122.576640 708.000000
0.001170 -0.203964 0.978978 -0.034182 0.978398 0.203884 -0.999415 -0.033702 -0.005827 137.790000 -123.270000 708.000000
0.002356 -0.254083 0.967180 -0.048480 0.966016 0.253895 -0.998821 -0.047487 -0.010042 135.294720 -123.980160 708.000000
0.004236 -0.306374 0.951902 -0.064949 0.949816 0.305991 -0.997880 -0.063121 -0.015875 132.780560 -124.705680 708.000000
0.007009 -0.360332 0.932798 -0.083428 0.929358 0.359630 -0.996489 -0.080343 -0.023548 130.247040 -125.445120 708.000000
0.010881 -0.415402 0.909573 -0.103743 0.904249 0.414212 -0.994545 -0.098869 -0.033256 127.693680 -126.197040 708.000000
0.016058 -0.470981 0.881997 -0.125697 0.874162 0.469085 -0.991939 -0.118397 -0.045164 125.120000 -126.960000 708.000000
0.022741 -0.526423 0.849919 -0.149075 0.838848 0.523555 -0.988564 -0.138608 -0.059401 122.525520 -127.732560 708.000000
0.031120 -0.581052 0.813271 -0.173642 0.798150 0.576893 -0.984317 -0.159171 -0.076057 119.909760 -128.513280 708.000000
0.041368 -0.634171 0.772085 -0.199140 0.752009 0.628351 -0.979097 -0.179747 -0.095180 117.272240 -129.300720 708.000000
0.053634 -0.685080 0.726491 -0.225294 0.700477 0.677181 -0.972813 -0.199994 -0.116775 114.612480 -130.093440 708.000000
0.068038 -0.733086 0.676724 -0.251812 0.643717 0.722647 -0.965382 -0.219575 -0.140802 111.930000 -130.890000 708.000000
0.084668 -0.777527 0.623124 -0.278387 0.582007 0.764048 -0.956730 -0.238160 -0.167176 109.224320 -131.688960 708.000000
0.103573 -0.817784 0.566129 -0.304705 0.515734 0.800733 -0.946799 -0.255436 -0.195767 106.494960 -132.488880 708.000000
0.124762 -0.853302 0.506271 -0.330449 0.445391 0.832124 -0.935542 -0.271114 -0.226405 103.741440 -133.288320 708.000000
0.148202 -0.883605 0.444160 -0.355301 0.371562 0.857731 -0.922929 -0.284928 -0.258879 100.963280 -134.085840 708.000000
0.173818 -0.908309 0.380475 -0.378953 0.294912 0.877167 -0.908945 -0.296650 -0.292946 98.160000 -134.880000 708.000000
0.201491 -0.927136 0.315942 -0.401114 0.216168 0.890157 -0.893593 -0.306087 -0.328331 95.331120 -135.669360 708.000000
0.231059 -0.939921 0.251317 -0.421510 0.136101 0.896552 -0.876893 -0.313089 -0.364739 92.476160 -136.452480 708.000000
0.262325 -0.946615 0.187362 -0.439899 0.055505 0.896331 -0.858880 -0.317551 -0.401855 89.594640 -137.227920 708.000000
0.295056 -0.947291 0.124829 -0.456068 -0.024827 0.889599 -0.839609 -0.319412 -0.439354 86.686080 -137.994240 708.000000
0.328990 -0.942133 0.064434 -0.469846 -0.104118 0.876586 -0.819152 -0.318662 -0.476911 83.750000 -138.750000 708.000000
0.363841 -0.931436 0.006839 -0.481104 -0.181634 0.857641 -0.797596 -0.315335 -0.514203 80.785920 -139.493760 708.000000
0.399308 -0.915593 -0.047365 -0.489756 -0.256696 0.833214 -0.775043 -0.309512 -0.550918 77.793360 -140.224080 708.000000
0.435079 -0.895079 -0.097673 -0.495767 -0.328700 0.803848 -0.751612 -0.301314 -0.586761 74.771840 -140.939520 708.000000
0.470840 -0.870440 -0.143679 -0.499149 -0.397126 0.770157 -0.727434 -0.290904 -0.621462 71.720880 -141.638640 708.000000
0.506283 -0.842272 -0.185081 -0.499961 -0.461550 0.732810 -0.702650 -0.278476 -0.654778 68.640000 -142.320000 708.000000
0.541110 -0.811206 -0.221689 -0.498307 -0.521645 0.692515 -0.677414 -0.264257 -0.686497 65.528720 -142.982160 708.000000
0.575041 -0.777886 -0.253420 -0.494337 -0.577186 0.649990 -0.651889 -0.248496 -0.716443 62.386560 -143.623680 708.000000
0.607820 -0.742957 -0.280301 -0.488236 -0.628045 0.605958 -0.626242 -0.231460 -0.744477 59.213040 -144.243120 708.000000
0.639219 -0.707050 -0.302456 -0.480227 -0.674187 0.561118 -0.600650 -0.213430 -0.770498 56.007680 -144.839040 708.000000
0.669040 -0.670761 -0.320101 -0.470559 -0.715664 0.516140 -0.575291 -0.194692 -0.794440 52.770000 -145.410000 708.000000
0.697120 -0.634651 -0.333530 -0.459504 -0.752599 0.471647 -0.550346 -0.175536 -0.816276 49.499520 -145.954560 708.000000
0.723328 -0.599229 -0.343106 -0.447353 -0.785183 0.428210 -0.525997 -0.156246 -0.836011 46.195760 -146.471280 708.000000
0.747568 -0.564953 -0.349242 -0.434408 -0.813653 0.386340 -0.502426 -0.137102 -0.853681 42.858240 -146.958720 708.000000
0.769778 -0.532223 -0.352392 -0.420975 -0.838288 0.346487 -0.479814 -0.118370 -0.869348 39.486480 -147.415440 708.000000
0.789925 -0.501385 -0.353033 -0.407362 -0.859391 0.309037 -0.458339 -0.100304 -0.883099 36.080000 -147.840000 708.000000
0.808002 -0.472728 -0.351654 -0.393871 -0.877277 0.274317 -0.438175 -0.083142 -0.895036 32.638320 -148.230960 708.000000
0.824026 -0.446495 -0.348746 -0.380798 -0.892266 0.242597 -0.419493 -0.067105 -0.905275 29.160960 -148.586880 708.000000
0.838029 -0.422883 -0.344786 -0.368424 -0.904668 0.214100 -0.402457 -0.052394 -0.913939 25.647440 -148.906320 708.000000
0.850055 -0.402055 -0.340233 -0.357017 -0.914776 0.189005 -0.387227 -0.039195 -0.921151 22.097280 -149.187840 708.000000
0.860155 -0.384142 -0.335513 -0.346827 -0.922859 0.167459 -0.373959 -0.027676 -0.927032 18.510000 -149.430000 708.000000
0.868375 -0.369259 -0.331017 -0.338082 -0.929153 0.149586 -0.362801 -0.017986 -0.931693 14.885120 -149.631360 708.000000
0.874758 -0.357505 -0.327091 -0.330993 -0.933855 0.135495 -0.353895 -0.010260 -0.935229 11.222160 -149.790480 708.000000
0.879328 -0.348979 -0.324030 -0.325745 -0.937119 0.125289 -0.347378 -0.004619 -0.937714 7.520640 -149.905920 708.000000
0.882091 -0.343780 -0.322073 -0.322501 -0.939049 0.119078 -0.343379 -0.001168 -0.939196 3.780080 -149.976240 708.000000
0.883022 -0.342020 -0.321394 -0.321394 -0.939693 0.116978 -0.342020 -0.000000 -0.939693 0.000000 -150.000000 708.000000
0.880889 -0.345528 -0.323490 -0.323920 -0.938408 0.120279 -0.345125 -0.001168 -0.938556 -3.921840 -149.822400 708.000000
0.874507 -0.355878 -0.329529 -0.331278 -0.934521 0.130098 -0.354251 -0.004607 -0.935139 -8.078720 -149.299200 708.000000
0.863780 -0.372821 -0.338952 -0.343022 -0.927847 0.146407 -0.369080 -0.010196 -0.929342 -12.457680 -148.444800 708.000000
0.848480 -0.396103 -0.350975 -0.358555 -0.918034 0.169270 -0.389255 -0.017778 -0.920958 -17.045760 -147.273600 708.000000
0.828293 -0.425445 -0.364592 -0.377126 -0.904577 0.198789 -0.414376 -0.027158 -0.909701 -21.830000 -145.800000 708.000000
0.802869 -0.460506 -0.378598 -0.397832 -0.886839 0.235045 -0.443995 -0.038092 -0.895219 -26.797440 -144.038400 708.000000
0.771881 -0.500851 -0.391596 -0.419619 -0.864072 0.278028 -0.477618 -0.050284 -0.877128 -31.935120 -142.003200 708.000000
0.735086 -0.545911 -0.402032 -0.441287 -0.835442 0.327569 -0.514698 -0.063380 -0.855026 -37.230080 -139.708800 708.000000
0.692377 -0.594947 -0.408230 -0.461510 -0.800072 0.383268 -0.554638 -0.076964 -0.828525 -42.669360 -137.169600 708.000000
0.643847 -0.647015 -0.408451 -0.478861 -0.757081 0.444433 -0.596785 -0.090556 -0.797275 -48.240000 -134.400000 708.000000
0.589837 -0.700944 -0.400962 -0.491863 -0.705649 0.510029 -0.640440 -0.103615 -0.760986 -53.929040 -131.414400 708.000000
0.530972 -0.755324 -0.384129 -0.499040 -0.645085 0.578640 -0.684856 -0.115546 -0.719459 -59.723520 -128.227200 708.000000
0.468192 -0.808510 -0.356521 -0.498987 -0.574899 0.648462 -0.729251 -0.125705 -0.672600 -65.610480 -124.852800 708.000000
0.402757 -0.858655 -0.317016 -0.490453 -0.494884 0.717319 -0.772815 -0.133424 -0.620447 -71.576960 -121.305600 708.000000
0.336226 -0.903754 -0.264915 -0.472417 -0.405190 0.782715 -0.814723 -0.138019 -0.563185 -77.610000 -117.600000 708.000000
0.270423 -0.941729 -0.200043 -0.444179 -0.306390 0.841921 -0.854153 -0.138820 -0.501151 -83.696640 -113.750400 708.000000
0.207369 -0.970521 -0.122827 -0.405422 -0.199526 0.892089 -0.890298 -0.135195 -0.434847 -89.823920 -109.771200 708.000000
0.149196 -0.988211 -0.034346 -0.356282 -0.086126 0.930401 -0.922390 -0.126575 -0.364931 -95.978880 -105.676800 708.000000
0.098041 -0.993144 0.063657 -0.297370 0.031807 0.954232 -0.949715 -0.112483 -0.292213 -102.148560 -101.481600 708.000000
0.055932 -0.984060 0.168811 -0.229790 0.151850 0.961321 -0.971632 -0.092559 -0.217634 -108.320000 -97.200000 708.000000
0.024667 -0.960204 0.278207 -0.155109 0.271245 0.949930 -0.987589 -0.066584 -0.142245 -114.480240 -92.846400 708.000000
0.005703 -0.921422 0.388521 -0.075301 0.387028 0.918988 -0.997145 -0.034497 -0.067176 -120.616320 -88.435200 708.000000
0.000054 -0.868214 0.496190 0.007338 0.496177 0.868191 -0.999973 0.003595 0.006398 -126.715280 -83.980800 708.000000
0.008222 -0.801749 0.597604 0.090304 0.595778 0.798056 -0.995880 0.047404 0.077299 -132.764160 -79.497600 708.000000
0.030154 -0.723830 0.689320 0.171010 0.683201 0.709924 -0.984808 0.096474 0.144383 -138.750000 -75.000000 708.000000
0.065230 -0.636811 0.768256 0.246932 0.756252 0.605895 -0.966835 0.150184 0.206580 -144.659840 -70.502400 708.000000
0.112302 -0.543475 0.831879 0.315738 0.813305 0.488717 -0.942177 0.207772 0.262931 -150.480720 -66.019200 708.000000
0.169749 -0.446873 0.878345 0.375412 0.853399 0.361630 -0.911181 0.268355 0.312625 -156.199680 -61.564800 708.000000
0.235576 -0.350149 0.906587 0.424358 0.876275 0.228172 -0.874314 0.330966 0.355018 -161.803760 -57.153600 708.000000
0.307530 -0.256356 0.916355 0.461471 0.882374 0.091979 -0.832148 0.394585 0.389657 -167.280000 -52.800000 708.000000
0.383227 -0.168288 0.908194 0.486173 0.872783 -0.043422 -0.785349 0.458180 0.416291 -172.615440 -48.518400 708.000000
0.460282 -0.088334 0.883367 0.498420 0.849132 -0.174793 -0.734655 0.520742 0.434867 -177.797120 -44.323200 708.000000
0.536432 -0.018367 0.843743 0.498671 0.813465 -0.299336 -0.680858 0.581324 0.445528 -182.812080 -40.228800 708.000000
0.609647 0.040322 0.791647 0.487830 0.768091 -0.414799 -0.624783 0.639070 0.448594 -187.647360 -36.249600 708.000000
0.678206 0.087044 0.729699 0.467164 0.715427 -0.519540 -0.567269 0.693244 0.444543 -192.290000 -32.400000 708.000000
0.740764 0.121699 0.660649 0.438215 0.657848 -0.612539 -0.509152 0.743253 0.433980 -196.727040 -28.694400 708.000000
0.796377 0.144712 0.587233 0.402692 0.597562 -0.693368 -0.451246 0.788656 0.417610 -200.945520 -25.147200 708.000000
0.844502 0.156957 0.512036 0.362379 0.536506 -0.762131 -0.394332 0.829172 0.396203 -204.932480 -21.772800 708.000000
0.884982 0.159659 0.437396 0.319043 0.476279 -0.819372 -0.339143 0.864678 0.370560 -208.674960 -18.585600 708.000000
0.917999 0.154286 0.365339 0.274366 0.418102 -0.865976 -0.286357 0.895202 0.341486 -212.160000 -15.600000 708.000000
0.944022 0.142454 0.297539 0.229879 0.362818 -0.903061 -0.236597 0.920907 0.309761 -215.374640 -12.830400 708.000000
0.963740 0.125832 0.235310 0.186936 0.310909 -0.931875 -0.190420 0.942073 0.276113 -218.305920 -10.291200 708.000000
0.977999 0.106078 0.179623 0.146685 0.262542 -0.953706 -0.148326 0.959072 0.241206 -220.940880 -7.996800 708.000000
0.987733 0.084780 0.131136 0.110077 0.217625 -0.969805 -0.110758 0.972344 0.205623 -223.266560 -5.961600 708.000000
0.993899 0.063425 0.090237 0.077872 0.175873 -0.981328 -0.078111 0.982368 0.169861 -225.270000 -4.200000 708.000000
0.997426 0.043385 0.057089 0.050670 0.136881 -0.989291 -0.050735 0.989637 0.134330 -226.938240 -2.726400 708.000000
0.999162 0.025916 0.031682 0.028937 0.100191 -0.994547 -0.028949 0.994631 0.099357 -228.258320 -1.555200 708.000000
0.999830 0.012167 0.013869 0.013045 0.065363 -0.997776 -0.013046 0.997787 0.065193 -229.217280 -0.700800 708.000000
0.999989 0.003199 0.003411 0.003306 0.032037 -0.999481 -0.003306 0.999482 0.032026 -229.802160 -0.177600 708.000000
1.000000 0.000000 0.000000 0.000000 -0.000000 -1.000000 -0.000000 1.000000 -0.000000 -230.000000 -0.000000 708.000000
0.999996 0.002132 0.001999 0.002066 -0.032022 -0.999485 -0.002066 0.999485 -0.032026 -229.905280 -0.094720 708.000000
0.999934 0.008668 0.007605 0.008154 -0.065130 -0.997843 -0.008154 0.997839 -0.065196 -229.626240 -0.373760 708.000000
0.999673 0.019801 0.016207 0.018092 -0.099057 -0.994917 -0.018095 0.994885 -0.099383 -229.170560 -0.829440 708.000000
0.998994 0.035680 0.027166 0.031702 -0.133439 -0.990550 -0.031718 0.990415 -0.134436 -228.545920 -1.454080 708.000000
0.997614 0.056401 0.039822 0.048791 -0.167827 -0.984608 -0.048850 0.984202 -0.170178 -227.760000 -2.240000 708.000000
0.995196 0.081988 0.053505 0.069144 -0.201698 -0.977004 -0.069311 0.976010 -0.206398 -226.820480 -3.179520 708.000000
0.991367 0.112379 0.067543 0.092511 -0.234476 -0.967710 -0.092913 0.965604 -0.242848 -225.735040 -4.264960 708.000000
0.985730 0.147413 0.081277 0.118602 -0.265551 -0.956774 -0.119458 0.952760 -0.279245 -224.511360 -5.488640 708.000000
0.977878 0.186824 0.094082 0.147080 -0.294299 -0.944328 -0.148735 0.937275 -0.315266 -223.157120 -6.842880 708.000000
0.967413 0.230233 0.105382 0.177553 -0.320109 -0.930594 -0.180519 0.918979 -0.350557 -221.680000 -8.320000 708.000000
0.953959 0.277151 0.114672 0.209574 -0.342411 -0.915878 -0.214572 0.897743 -0.384730 -220.087680 -9.912320 708.000000
0.937181 0.326987 0.121536 0.242637 -0.360697 -0.900569 -0.250637 0.873486 -0.417377 -218.387840 -11.612160 708.000000
0.916800 0.379058 0.125668 0.276184 -0.374546 -0.885120 -0.288444 0.846186 -0.448073 -216.588160 -13.411840 708.000000
0.892609 0.432609 0.126882 0.309610 -0.383648 -0.870032 -0.327706 0.815882 -0.476387 -214.696320 -15.303680 708.000000
0.864484 0.486837 0.125126 0.342274 -0.387817 -0.855831 -0.368125 0.782680 -0.501893 -212.720000 -17.280000 708.000000
0.832401 0.540917 0.120484 0.373509 -0.387004 -0.843041 -0.409388 0.746750 -0.524180 -210.666880 -19.333120 708.000000
0.796440 0.594033 0.113173 0.402646 -0.381300 -0.832158 -0.451177 0.708332 -0.542867 -208.544640 -21.455360 708.000000
0.756789 0.645408 0.103538 0.429022 -0.370933 -0.823619 -0.493165 0.667726 -0.557612 -206.360960 -23.639040 708.000000
0.713748 0.694330 0.092029 0.452008 -0.356259 -0.817782 -0.535025 0.625289 -0.568122 -204.123520 -25.876480 708.000000
0.667726 0.740184 0.079184 0.471029 -0.337742 -0.814900 -0.576432 0.581428 -0.574167 -201.840000 -28.160000 708.000000
0.619226 0.782468 0.065601 0.485577 -0.315937 -0.815107 -0.617069 0.536590 -0.575585 -199.518080 -30.481920 708.000000
0.568840 0.820809 0.051906 0.495238 -0.291458 -0.818408 -0.656628 0.491249 -0.572289 -197.165440 -32.834560 708.000000
0.517226 0.854972 0.038721 0.499703 -0.264952 -0.824680 -0.694819 0.445895 -0.564273 -194.789760 -35.210240 708.000000
0.465094 0.884861 0.026635 0.498780 -0.237070 -0.833676 -0.731373 0.401023 -0.551611 -192.398720 -37.601280 708.000000
0.413176 0.910508 0.016173 0.492404 -0.208436 -0.845040 -0.766044 0.357114 -0.534458 -190.000000 -40.000000 708.000000
0.362208 0.932065 0.007770 0.480639 -0.179625 -0.858325 -0.798619 0.314627 -0.513048 -187.601280 -42.398720 708.000000
0.312904 0.949783 0.001758 0.463676 -0.151141 -0.873019 -0.828913 0.273986 -0.487684 -185.210240 -44.789760 708.000000
0.265930 0.963991 -0.001649 0.441827 -0.123404 -0.888572 -0.856779 0.235570 -0.458734 -182.834560 -47.165440 708.000000
0.221887 0.975070 -0.002359 0.415516 -0.096743 -0.904427 -0.882107 0.199700 -0.426623 -180.481920 -49.518080 708.000000
0.181288 0.983430 -0.000400 0.385257 -0.071393 -0.920044 -0.904827 0.166639 -0.391816 -178.160000 -51.840000 708.000000
0.144546 0.989490 0.004095 0.351643 -0.047500 -0.934928 -0.924907 0.136580 -0.354813 -175.876480 -54.123520 708.000000
0.111964 0.993653 0.010895 0.315322 -0.025128 -0.948652 -0.942357 0.109650 -0.316134 -173.639040 -56.360960 708.000000
0.083725 0.996294 0.019699 0.276975 -0.004278 -0.960868 -0.957223 0.085905 -0.276307 -171.455360 -58.544640 708.000000
0.059897 0.997749 0.030148 0.237296 0.015104 -0.971320 -0.969589 0.065333 -0.235857 -169.333120 -60.666880 708.000000
0.040432 0.998305 0.041854 0.196971 0.033102 -0.979850 -0.979575 0.047862 -0.195299 -167.280000 -62.720000 708.000000
0.025176 0.998201 0.054418 0.156658 0.049824 -0.986395 -0.987332 0.033358 -0.155122 -165.303680 -64.696320 708.000000
0.013875 0.997626 0.067452 0.116974 0.065376 -0.990981 -0.993038 0.021640 -0.115789 -163.411840 -66.588160 708.000000
0.006197 0.996728 0.080590 0.078479 0.079859 -0.993712 -0.996896 0.012483 -0.077728 -161.612160 -68.387840 708.000000
0.001740 0.995617 0.093506 0.041672 0.093353 -0.994761 -0.999130 0.005627 -0.041327 -159.912320 -70.087680 708.000000
0.000049 0.994375 0.105917 0.006981 0.105914 -0.994351 -0.999976 0.000788 -0.006937 -158.320000 -71.680000 708.000000
0.000637 0.993062 0.117590 -0.025234 0.117569 -0.992744 -0.999681 -0.002335 0.025134 -156.842880 -73.157120 708.000000
0.002999 0.991725 0.128343 -0.054680 0.128314 -0.990225 -0.998499 -0.004048 0.054612 -155.488640 -74.511360 708.000000
0.006625 0.990405 0.138036 -0.081126 0.138117 -0.987088 -0.996682 -0.004659 0.081262 -154.264960 -75.735040 708.000000
0.011019 0.989138 0.146575 -0.104393 0.146921 -0.983624 -0.994475 -0.004463 0.104878 -153.179520 -76.820480 708.000000
0.015708 0.987962 0.153895 -0.124345 0.154649 -0.980113 -0.992115 -0.003740 0.125277 -152.240000 -77.760000 708.000000
0.020256 0.986917 0.159954 -0.140876 0.161208 -0.976814 -0.989820 -0.002747 0.142298 -151.454080 -78.545920 708.000000
0.024274 0.986041 0.164725 -0.153898 0.166495 -0.973958 -0.987789 -0.001709 0.155791 -150.829440 -79.170560 708.000000
0.027427 0.985374 0.168181 -0.163325 0.170401 -0.971745 -0.986191 -0.000816 0.165610 -150.373760 -79.626240 708.000000
0.029451 0.984953 0.170292 -0.169067 0.172820 -0.970335 -0.985164 -0.000213 0.171613 -150.094720 -79.905280 708.000000
0.030154 0.984808 0.171010 -0.171010 0.173648 -0.969846 -0.984808 0.000000 0.173648 -150.000000 -80.000000 708.000000
