0.970930 -0.000314 -0.239364 -0.016428 0.997554 -0.067945 0.238800 0.069902 0.968550 -246.635897 3.990475 714.454277
0.970682 0.001300 -0.240364 -0.017752 0.997642 -0.066292 0.239711 0.068616 0.968417 -246.447433 4.175218 714.463425
0.969932 0.006091 -0.243298 -0.021664 0.997879 -0.061386 0.242408 0.064811 0.968007 -245.889766 4.719261 714.490313
0.968651 0.014001 -0.248032 -0.028072 0.998185 -0.053284 0.246836 0.058576 0.967285 -244.974485 5.607320 714.534102
0.966781 0.024996 -0.254382 -0.036870 0.998436 -0.042017 0.252934 0.050000 0.966191 -243.713179 6.824114 714.593956
0.964244 0.039059 -0.262123 -0.047948 0.998468 -0.027599 0.260644 0.039180 0.964640 -242.117437 8.354360 714.669037
0.960942 0.056183 -0.270987 -0.061183 0.998076 -0.010032 0.269902 0.026220 0.962531 -240.198846 10.182776 714.758507
0.956762 0.076365 -0.280668 -0.076443 0.997017 0.010687 0.280647 0.011230 0.959745 -237.968997 12.294079 714.861529
0.951580 0.099596 -0.290819 -0.093582 0.995012 0.034555 0.292810 -0.005666 0.956154 -235.439477 14.672989 714.977266
0.945263 0.125857 -0.301061 -0.112441 0.991750 0.061558 0.306325 -0.024337 0.951616 -232.621875 17.304221 715.104880
0.937674 0.155106 -0.310982 -0.132846 0.986889 0.091663 0.321122 -0.044637 0.945985 -229.527781 20.172495 715.243535
0.928677 0.187272 -0.320138 -0.154610 0.980061 0.124805 0.337127 -0.066407 0.939114 -226.168782 23.262527 715.392392
0.918139 0.222246 -0.328067 -0.177526 0.970877 0.160882 0.354267 -0.089471 0.930854 -222.556468 26.559036 715.550614
0.905935 0.259877 -0.334284 -0.201375 0.958932 0.199745 0.372465 -0.113640 0.921062 -218.702428 30.046740 715.717365
0.891952 0.299958 -0.338300 -0.225918 0.943815 0.241195 0.391641 -0.138706 0.909603 -214.618249 33.710355 715.891805
0.876093 0.342226 -0.339620 -0.250906 0.925115 0.284971 0.411712 -0.164449 0.896354 -210.315521 37.534600 716.073099
0.858280 0.386357 -0.337762 -0.276072 0.902435 0.330750 0.432595 -0.190629 0.881205 -205.805832 41.504193 716.260409
0.838458 0.431960 -0.332262 -0.301143 0.875399 0.378140 0.454203 -0.216997 0.864067 -201.100772 45.603852 716.452897
0.816598 0.478579 -0.322691 -0.325832 0.843667 0.426685 0.476447 -0.243287 0.844873 -196.211928 49.818293 716.649726
0.792698 0.525695 -0.308666 -0.349850 0.806946 0.475860 0.499234 -0.269227 0.823579 -191.150891 54.132236 716.850059
0.766790 0.572726 -0.289860 -0.372904 0.765006 0.525079 0.522471 -0.294535 0.800170 -185.929247 58.530397 717.053058
0.738933 0.619040 -0.266021 -0.394705 0.717687 0.573701 0.546064 -0.318927 0.774661 -180.558586 62.997495 717.257885
0.709225 0.663959 -0.236978 -0.414969 0.664917 0.621036 0.569913 -0.342116 0.747098 -175.050498 67.518247 717.463705
0.677792 0.706774 -0.202655 -0.433422 0.606717 0.666363 0.593922 -0.363820 0.717559 -169.416569 72.077370 717.669678
0.644795 0.746757 -0.163077 -0.449808 0.543210 0.708940 0.617991 -0.383767 0.686156 -163.668390 76.659584 717.874968
0.610425 0.783178 -0.118378 -0.463890 0.474629 0.748020 0.642018 -0.401696 0.653034 -157.817549 81.249605 718.078738
0.574903 0.815324 -0.068804 -0.475454 0.401319 0.782871 0.665906 -0.417361 0.618368 -151.875635 85.832152 718.280149
0.538473 0.842514 -0.014712 -0.484318 0.323734 0.812793 0.689552 -0.430542 0.582367 -145.854236 90.391941 718.478366
0.501404 0.864122 0.043434 -0.490331 0.242435 0.837139 0.712860 -0.441042 0.545264 -139.764941 94.913691 718.672549
0.463981 0.879592 0.105069 -0.493376 0.158083 0.855330 0.735732 -0.448695 0.507318 -133.619339 99.382120 718.861862
0.426501 0.888456 0.169537 -0.493378 0.071426 0.866877 0.758073 -0.453370 0.468808 -127.429019 103.781945 719.045468
0.389269 0.890350 0.236108 -0.490299 -0.016718 0.871394 0.779792 -0.454970 0.430030 -121.205569 108.097884 719.222529
0.352593 0.885024 0.303992 -0.484143 -0.105471 0.868609 0.800802 -0.453441 0.391290 -114.960577 112.314656 719.392207
0.316774 0.872355 0.372358 -0.474955 -0.193924 0.858377 0.821019 -0.448765 0.352900 -108.705634 116.416976 719.553666
0.282106 0.852350 0.440359 -0.462820 -0.281151 0.840685 0.840366 -0.440969 0.315170 -102.452327 120.389564 719.706068
0.248866 0.825147 0.507147 -0.447860 -0.366237 0.815654 0.858771 -0.430120 0.278406 -96.212245 124.217138 719.848575
0.217313 0.791015 0.571900 -0.430235 -0.448296 0.783536 0.876169 -0.416324 0.242902 -89.996978 127.884414 719.980351
0.187678 0.750346 0.633843 -0.410137 -0.526496 0.744708 0.892505 -0.399728 0.208933 -83.818112 131.376111 720.100557
0.160165 0.703647 0.692264 -0.387786 -0.600077 0.699664 0.907728 -0.380511 0.176753 -77.687239 134.676946 720.208357
0.134943 0.651521 0.746533 -0.363424 -0.668372 0.649000 0.921799 -0.358886 0.146586 -71.615945 137.771637 720.302913
0.112149 0.594659 0.796118 -0.337317 -0.730817 0.593400 0.934687 -0.335093 0.118628 -65.615820 140.644903 720.383388
0.091880 0.533815 0.840595 -0.309739 -0.786967 0.533614 0.946372 -0.309394 0.093037 -59.698452 143.281460 720.448944
0.074195 0.469789 0.879655 -0.280977 -0.836502 0.470442 0.956842 -0.282068 0.069936 -53.875431 145.666027 720.498744
0.059117 0.403408 0.913108 -0.251320 -0.879231 0.404712 0.966097 -0.253407 0.049407 -48.158345 147.783321 720.531951
0.046629 0.335502 0.940885 -0.221052 -0.915091 0.337260 0.974147 -0.223711 0.031493 -42.558783 149.618060 720.547726
0.036680 0.266889 0.963029 -0.190455 -0.944147 0.268911 0.981011 -0.193277 0.016199 -37.088332 151.154961 720.545234
0.029182 0.198355 0.979696 -0.159795 -0.966582 0.200460 0.986719 -0.162400 0.003489 -31.758583 152.378744 720.523636
0.024019 0.130640 0.991139 -0.129327 -0.982688 0.132660 0.991311 -0.131367 -0.006707 -26.581124 153.274124 720.482095
0.021044 0.064423 0.997701 -0.099285 -0.992854 0.066204 0.994837 -0.100449 -0.014497 -21.567544 153.825821 720.419774
0.020087 0.000314 0.999798 -0.069882 -0.997554 0.001717 0.997353 -0.069902 -0.020016 -16.729431 154.018552 720.335835
0.020995 -0.062473 0.997826 -0.040759 -0.997269 -0.061581 0.998948 -0.039378 -0.023484 -11.886695 153.778599 720.221486
0.023742 -0.124876 0.991888 -0.011507 -0.992136 -0.124632 0.999652 -0.008455 -0.024992 -6.859289 153.054870 720.069521
0.028332 -0.186563 0.982034 0.017757 -0.982180 -0.187103 0.999441 0.022739 -0.024515 -1.658861 151.866020 719.881481
0.034762 -0.247208 0.968339 0.046913 -0.967453 -0.248666 0.998294 0.054072 -0.022033 3.702939 150.230702 719.658909
0.043020 -0.306490 0.950901 0.075841 -0.948034 -0.308997 0.996191 0.085410 -0.017540 9.214462 148.167571 719.403345
0.053085 -0.364098 0.929847 0.104421 -0.924031 -0.367782 0.993115 0.116619 -0.011033 14.864057 145.695280 719.116332
0.064932 -0.419728 0.905324 0.132534 -0.895574 -0.424714 0.989049 0.147563 -0.002523 20.640075 142.832485 718.799411
0.078523 -0.473094 0.877506 0.160061 -0.862821 -0.479500 0.983979 0.178107 0.007973 26.530867 139.597839 718.454124
0.093817 -0.523918 0.846586 0.186888 -0.825953 -0.531860 0.977891 0.208114 0.020426 32.524783 136.009997 718.082013
0.110761 -0.571945 0.812780 0.212900 -0.785172 -0.581531 0.970776 0.237452 0.034800 38.610173 132.087612 717.684619
0.129299 -0.616934 0.776321 0.237987 -0.740704 -0.628267 0.962624 0.265988 0.051050 44.775388 127.849339 717.263483
0.149364 -0.658666 0.737462 0.262040 -0.692793 -0.671843 0.953428 0.293594 0.069119 51.008779 123.313832 716.820149
0.170882 -0.696942 0.696470 0.284958 -0.641701 -0.712052 0.943185 0.320142 0.088944 57.298695 118.499746 716.356156
0.193776 -0.731589 0.653627 0.306641 -0.587706 -0.748714 0.931892 0.345512 0.110452 63.633487 113.425734 715.873048
0.217958 -0.762455 0.609226 0.326996 -0.531102 -0.781668 0.919548 0.369585 0.133561 70.001506 108.110450 715.372365
0.243336 -0.789414 0.563571 0.345933 -0.472191 -0.810781 0.906156 0.392250 0.158183 76.391101 102.572550 714.855649
0.269813 -0.812368 0.516972 0.363370 -0.411289 -0.835945 0.891719 0.413400 0.184219 82.790624 96.830687 714.324442
0.297283 -0.831242 0.469744 0.379231 -0.348717 -0.857077 0.876246 0.432936 0.211565 89.188424 90.903515 713.780286
0.325640 -0.845990 0.422207 0.393447 -0.284801 -0.874121 0.859743 0.450765 0.240110 95.572853 84.809689 713.224722
0.354769 -0.856594 0.374680 0.405955 -0.219870 -0.887050 0.842223 0.466801 0.269735 101.932260 78.567862 712.659293
0.384554 -0.863062 0.327479 0.416699 -0.154256 -0.895861 0.823699 0.480967 0.300317 108.254996 72.196690 712.085539
0.414875 -0.865427 0.280919 0.425633 -0.088286 -0.900579 0.804186 0.493196 0.331726 114.529411 65.714825 711.505002
0.445608 -0.863751 0.235304 0.432716 -0.022283 -0.901255 0.783703 0.503426 0.363829 120.743856 59.140923 710.919224
0.476627 -0.858120 0.190934 0.437918 0.043434 -0.897965 0.762269 0.511608 0.396488 126.886682 52.493638 710.329747
0.507806 -0.848647 0.148094 0.441215 0.108559 -0.890811 0.739907 0.517701 0.429562 132.946237 45.791623 709.738113
0.539016 -0.835464 0.107059 0.442592 0.172792 -0.879918 0.716641 0.521673 0.462907 138.910874 39.053533 709.145862
0.570127 -0.818730 0.068087 0.442044 0.235848 -0.865432 0.692497 0.523504 0.496378 144.768942 32.298023 708.554537
0.601010 -0.798623 0.031421 0.439572 0.297458 -0.847523 0.667505 0.523182 0.529828 150.508792 25.543746 707.965680
0.631538 -0.775340 -0.002716 0.435188 0.357368 -0.826377 0.641694 0.520707 0.563110 156.118774 18.809357 707.380832
0.661583 -0.749096 -0.034119 0.428911 0.415341 -0.802201 0.615097 0.516088 0.596078 161.587239 12.113509 706.801534
0.691019 -0.720120 -0.062608 0.420768 0.471162 -0.775216 0.587747 0.509346 0.628586 166.902537 5.474857 706.229329
0.719724 -0.688658 -0.088020 0.410797 0.524634 -0.745658 0.559682 0.500509 0.660490 172.053018 -1.087944 705.665758
0.747578 -0.654965 -0.110220 0.399041 0.575582 -0.713773 0.530937 0.489618 0.691650 177.027033 -7.556241 705.112363
0.774465 -0.619305 -0.129094 0.385552 0.623856 -0.679819 0.501551 0.476723 0.721929 181.812933 -13.911379 704.570686
0.800273 -0.581951 -0.144555 0.370390 0.669326 -0.644060 0.471566 0.461882 0.751193 186.399067 -20.134705 704.042267
0.824894 -0.543180 -0.156538 0.353622 0.711888 -0.606768 0.441022 0.445164 0.779313 190.773786 -26.207563 703.528650
0.848227 -0.503273 -0.165006 0.335323 0.751459 -0.568215 0.409962 0.426645 0.806167 194.925440 -32.111300 703.031375
0.870175 -0.462508 -0.169944 0.315572 0.787982 -0.528676 0.378430 0.406411 0.831637 198.842381 -37.827262 702.551984
0.890648 -0.421166 -0.171364 0.294456 0.821423 -0.488426 0.346471 0.384556 0.855614 202.512957 -43.336794 702.092019
0.909561 -0.379521 -0.169301 0.272069 0.851771 -0.447733 0.314129 0.361179 0.877993 205.925521 -48.621242 701.653021
0.926838 -0.337842 -0.163811 0.248508 0.879037 -0.406864 0.281452 0.336388 0.898681 209.068422 -53.661952 701.236533
0.942409 -0.296390 -0.154977 0.223876 0.903254 -0.366075 0.248485 0.310297 0.917590 211.930010 -58.440269 700.844095
0.956213 -0.255416 -0.142899 0.198279 0.924478 -0.325617 0.215275 0.283025 0.934641 214.498636 -62.937541 700.477251
0.968193 -0.215161 -0.127700 0.171828 0.942781 -0.285726 0.181870 0.254696 0.949765 216.762650 -67.135111 700.137540
0.978306 -0.175850 -0.109519 0.144637 0.958256 -0.246628 0.148317 0.225437 0.962902 218.710403 -71.014327 699.826506
0.986511 -0.137697 -0.088515 0.116823 0.971013 -0.208535 0.114664 0.195381 0.974001 220.330246 -74.556533 699.545689
0.992781 -0.100896 -0.064860 0.088503 0.981176 -0.171642 0.080957 0.164663 0.983022 221.610528 -77.743076 699.296631
0.997092 -0.065628 -0.038740 0.059799 0.988885 -0.136130 0.047244 0.133418 0.989933 222.539600 -80.555302 699.080874
0.999433 -0.032053 -0.010355 0.030830 0.994290 -0.102162 0.013571 0.101785 0.994714 223.105812 -82.974556 698.899960
0.999798 -0.000314 0.020087 0.001717 0.997554 -0.069882 -0.020016 0.069902 0.997353 223.297515 -84.982183 698.755430
0.998139 0.030054 0.053051 -0.027978 0.998829 -0.039459 -0.054175 0.037902 0.997812 223.238558 -86.730479 698.634120
0.994259 0.059401 0.088998 -0.058634 0.998217 -0.011205 -0.089505 0.005923 0.995969 223.062474 -88.386083 698.521663
0.987954 0.087439 0.127673 -0.090018 0.995834 0.014559 -0.125868 -0.025877 0.991709 222.772146 -89.951864 698.417800
0.979051 0.113911 0.168773 -0.121870 0.991836 0.037541 -0.163118 -0.057323 0.984940 222.370453 -91.430690 698.322274
0.967404 0.138588 0.211948 -0.153905 0.986412 0.057486 -0.201102 -0.088232 0.975589 221.860275 -92.825429 698.234824
0.952909 0.161281 0.256814 -0.185822 0.979779 0.074183 -0.239657 -0.118412 0.963610 221.244492 -94.138950 698.155191
0.935496 0.181842 0.302953 -0.217299 0.972178 0.087472 -0.278618 -0.147661 0.948983 220.525986 -95.374119 698.083118
0.915143 0.200167 0.349925 -0.248008 0.963864 0.097248 -0.317814 -0.175780 0.931716 219.707636 -96.533805 698.018344
0.891868 0.216198 0.397278 -0.277615 0.955105 0.103465 -0.357073 -0.202567 0.911847 218.792322 -97.620876 697.960611
0.865740 0.229925 0.444556 -0.305785 0.946166 0.106137 -0.396220 -0.227826 0.889441 217.782926 -98.638200 697.909660
0.836870 0.241382 0.491308 -0.332195 0.937310 0.105339 -0.435081 -0.251365 0.864592 216.682327 -99.588645 697.865232
0.805417 0.250649 0.537102 -0.356532 0.928786 0.101205 -0.473486 -0.273006 0.837424 215.493405 -100.475079 697.827068
0.771583 0.257844 0.581529 -0.378506 0.920821 0.093926 -0.511266 -0.292584 0.808085 214.219042 -101.300370 697.794909
0.735609 0.263121 0.624217 -0.397856 0.913618 0.083743 -0.548262 -0.309950 0.776750 212.862117 -102.067386 697.768496
0.697773 0.266662 0.664834 -0.414349 0.907349 0.070944 -0.584318 -0.324976 0.743615 211.425510 -102.778995 697.747570
0.658384 0.268673 0.703097 -0.427794 0.902149 0.055853 -0.619292 -0.337553 0.708897 209.912102 -103.438065 697.731871
0.617777 0.269372 0.738776 -0.438040 0.898117 0.038826 -0.653048 -0.347599 0.672832 208.324774 -104.047465 697.721143
0.576304 0.268986 0.771699 -0.444981 0.895311 0.020238 -0.685467 -0.355055 0.635666 206.666405 -104.610061 697.715124
0.534330 0.267742 0.801752 -0.448559 0.893753 0.000478 -0.716440 -0.359889 0.597657 204.939876 -105.128723 697.713556
0.492223 0.265858 0.828876 -0.448766 0.893424 -0.020064 -0.745872 -0.362095 0.559072 203.148067 -105.606317 697.716181
0.450351 0.263535 0.853073 -0.445639 0.894273 -0.041003 -0.773686 -0.361696 0.520178 201.293858 -106.045713 697.722739
0.409069 0.260956 0.874394 -0.439264 0.896218 -0.061968 -0.799818 -0.358741 0.481244 199.380131 -106.449778 697.732971
0.368716 0.258276 0.892940 -0.429774 0.899150 -0.082608 -0.824222 -0.353304 0.442532 197.409765 -106.821379 697.746618
0.329610 0.255619 0.908854 -0.417341 0.902939 -0.102600 -0.846867 -0.345484 0.404299 195.385640 -107.163386 697.763422
0.292039 0.253076 0.922315 -0.402175 0.907445 -0.121652 -0.867737 -0.335405 0.366790 193.310637 -107.478667 697.783123
0.256257 0.250703 0.933531 -0.384520 0.912514 -0.139507 -0.886835 -0.323212 0.330238 191.187636 -107.770088 697.805463
0.222482 0.248522 0.942729 -0.364646 0.917995 -0.155946 -0.904177 -0.309067 0.294860 189.019518 -108.040518 697.830182
0.190892 0.246518 0.950152 -0.342845 0.923737 -0.170785 -0.919792 -0.293154 0.260851 186.809162 -108.292826 697.857022
0.161623 0.244646 0.956047 -0.319425 0.929600 -0.183878 -0.933727 -0.275666 0.228391 184.559450 -108.529879 697.885723
0.134771 0.242830 0.960662 -0.294703 0.935457 -0.195115 -0.946038 -0.256814 0.197635 182.273261 -108.754545 697.916027
0.110386 0.240968 0.964235 -0.269000 0.941198 -0.204415 -0.956793 -0.236815 0.168716 179.953476 -108.969692 697.947674
0.088482 0.238936 0.966996 -0.242636 0.946731 -0.211727 -0.966074 -0.215894 0.141743 177.602974 -109.178188 697.980406
0.069031 0.236594 0.969153 -0.215924 0.951986 -0.217023 -0.973967 -0.194282 0.116803 175.224638 -109.382902 698.013964
0.051971 0.233787 0.970898 -0.189165 0.956915 -0.220294 -0.980569 -0.172212 0.093956 172.821346 -109.586700 698.048088
0.037207 0.230351 0.972396 -0.162648 0.961491 -0.221544 -0.985982 -0.149915 0.073240 170.395979 -109.792452 698.082520
0.024617 0.226118 0.973789 -0.136641 0.965703 -0.220786 -0.990315 -0.127624 0.054670 167.951417 -110.003026 698.117001
0.014055 0.220920 0.975191 -0.111395 0.969562 -0.218039 -0.993677 -0.105567 0.038237 165.490541 -110.221288 698.151272
0.005355 0.214590 0.976690 -0.087139 0.973088 -0.213321 -0.996182 -0.083965 0.023910 163.016232 -110.450108 698.185074
-0.001663 0.206966 0.978347 -0.064080 0.976315 -0.206645 -0.997943 -0.063036 0.011638 160.531368 -110.692353 698.218147
-0.007190 0.197893 0.980197 -0.042404 0.979280 -0.198019 -0.999075 -0.042988 0.001351 158.038831 -110.950891 698.250233
-0.011419 0.187225 0.982251 -0.022276 0.982023 -0.187440 -0.999687 -0.024021 -0.007043 155.541502 -111.228591 698.281074
-0.014546 0.174822 0.984493 -0.003841 0.984580 -0.174894 -0.999887 -0.006325 -0.013650 153.042259 -111.528319 698.310409
-0.016761 0.160558 0.986884 0.012773 0.986977 -0.160356 -0.999778 0.009917 -0.018594 150.543984 -111.852945 698.337981
-0.018249 0.144312 0.989364 0.027452 0.989228 -0.143786 -0.999457 0.024536 -0.022014 148.049558 -112.205337 698.363529
-0.019179 0.125976 0.991848 0.040098 0.991329 -0.125134 -0.999012 0.037371 -0.024064 145.561859 -112.588362 698.386796
-0.019705 0.105447 0.994230 0.050619 0.993253 -0.104340 -0.998524 0.048271 -0.024910 143.083769 -113.004888 698.407521
-0.019962 0.082633 0.996380 0.058935 0.994943 -0.081333 -0.998062 0.057098 -0.024731 140.618168 -113.457783 698.425447
-0.020061 0.057450 0.998147 0.064967 0.996313 -0.056038 -0.997686 0.063722 -0.023720 138.167936 -113.949916 698.440314
-0.020085 0.029822 0.999353 0.068641 0.997238 -0.028380 -0.997439 0.068026 -0.022077 135.735954 -114.484154 698.451863
-0.020087 -0.000314 0.999798 0.069882 0.997554 0.001717 -0.997353 0.069902 -0.020016 133.325102 -115.063365 698.459836
-0.020085 -0.033808 0.999227 0.068439 0.997037 0.035110 -0.997453 0.069091 -0.017712 130.917700 -115.677764 698.465274
-0.020053 -0.071306 0.997253 0.064187 0.995304 0.072458 -0.997736 0.065463 -0.015382 128.493829 -116.314697 698.469464
-0.019921 -0.112536 0.993448 0.057242 0.991887 0.113507 -0.998162 0.059128 -0.013318 126.053007 -116.972726 698.472518
-0.019583 -0.157188 0.987374 0.047721 0.986291 0.157962 -0.998669 0.050212 -0.011813 123.594756 -117.650418 698.474545
-0.018895 -0.204907 0.978599 0.035745 0.978010 0.205474 -0.999182 0.038862 -0.011156 121.118593 -118.346336 698.475655
-0.017693 -0.255289 0.966703 0.021442 0.966535 0.255637 -0.999614 0.025251 -0.011627 118.624040 -119.059044 698.475960
-0.015789 -0.307878 0.951295 0.004951 0.951378 0.307987 -0.999863 0.009572 -0.013497 116.110615 -119.787107 698.475569
-0.012983 -0.362165 0.932024 -0.013576 0.932080 0.361998 -0.999824 -0.007953 -0.017018 113.577839 -120.529089 698.474592
-0.009066 -0.417589 0.908591 -0.033970 0.908232 0.417085 -0.999382 -0.027083 -0.022420 111.025230 -121.283555 698.473140
-0.003832 -0.473539 0.880765 -0.056043 0.879489 0.472609 -0.998421 -0.047550 -0.029909 108.452309 -122.049069 698.471323
0.002925 -0.529364 0.848390 -0.079589 0.845579 0.527885 -0.996823 -0.069067 -0.039658 105.858596 -122.824195 698.469252
0.011396 -0.584382 0.811398 -0.104378 0.806323 0.582193 -0.994472 -0.091327 -0.051808 103.243609 -123.607497 698.467036
0.021755 -0.637890 0.769820 -0.130161 0.761642 0.634792 -0.991254 -0.114010 -0.066459 100.606868 -124.397541 698.464785
0.034153 -0.689179 0.723786 -0.156669 0.711563 0.684933 -0.987060 -0.136787 -0.083671 97.947894 -125.192890 698.462611
0.048712 -0.737551 0.673532 -0.183616 0.656228 0.731881 -0.981790 -0.159323 -0.103460 95.266206 -125.992108 698.460623
0.065520 -0.782337 0.619400 -0.210703 0.595891 0.774931 -0.975352 -0.181283 -0.125798 92.561323 -126.793760 698.458932
0.084629 -0.822912 0.561831 -0.237618 0.530919 0.813427 -0.967665 -0.202340 -0.150608 89.832765 -127.596411 698.457648
0.106048 -0.858716 0.501359 -0.264049 0.461782 0.846780 -0.958662 -0.222182 -0.177772 87.080052 -128.398624 698.456880
0.129745 -0.889267 0.438601 -0.289681 0.389047 0.874487 -0.948289 -0.240515 -0.207127 84.302703 -129.198965 698.456741
0.155644 -0.914177 0.374239 -0.314209 0.313361 0.896146 -0.936508 -0.257069 -0.238470 81.500238 -129.995996 698.457339
0.183626 -0.933166 0.309004 -0.337341 0.235437 0.911466 -0.923300 -0.271609 -0.271562 78.672177 -130.788284 698.458784
0.213531 -0.946063 0.243658 -0.358804 0.156033 0.920279 -0.908661 -0.283933 -0.306133 75.818039 -131.574391 698.461188
0.245158 -0.952821 0.178970 -0.378352 0.075934 0.922542 -0.892607 -0.293882 -0.341886 72.937344 -132.352883 698.464661
0.278274 -0.953508 0.115699 -0.395772 -0.004072 0.918340 -0.875173 -0.301341 -0.378505 70.029612 -133.122324 698.469312
0.312616 -0.948311 0.054565 -0.410888 -0.083213 0.907880 -0.856412 -0.306239 -0.415664 67.094362 -133.881278 698.475253
0.347897 -0.937525 -0.003761 -0.423565 -0.160753 0.891488 -0.836397 -0.308553 -0.453028 64.131114 -134.628309 698.482592
0.383813 -0.921544 -0.058684 -0.433711 -0.236011 0.869594 -0.815219 -0.308309 -0.490268 61.139387 -135.361982 698.491441
0.420049 -0.900848 -0.109692 -0.441283 -0.308377 0.842718 -0.792987 -0.305577 -0.527062 58.118702 -136.080861 698.501910
0.456290 -0.875983 -0.156375 -0.446285 -0.377321 0.811455 -0.769824 -0.300471 -0.563106 55.068577 -136.783510 698.514109
0.492223 -0.847551 -0.198426 -0.448766 -0.442407 0.776457 -0.745872 -0.293143 -0.598115 51.988533 -137.468495 698.528149
0.527550 -0.816186 -0.235651 -0.448820 -0.503296 0.738413 -0.721285 -0.283785 -0.631834 48.878089 -138.134378 698.544138
0.561985 -0.782539 -0.267965 -0.446585 -0.559745 0.698031 -0.696229 -0.272615 -0.664038 45.736764 -138.779726 698.562189
0.595271 -0.747260 -0.295389 -0.442235 -0.611610 0.656020 -0.670880 -0.259878 -0.694538 42.564079 -139.403101 698.582411
0.627176 -0.710982 -0.318048 -0.435980 -0.658838 0.613070 -0.645424 -0.245840 -0.723181 39.359553 -140.003068 698.604915
0.657497 -0.674312 -0.336156 -0.428056 -0.701460 0.569844 -0.620053 -0.230777 -0.749851 36.122706 -140.578192 698.629810
0.686068 -0.637812 -0.350008 -0.418724 -0.739582 0.526963 -0.594963 -0.214976 -0.774471 32.853057 -141.127036 698.657207
0.712756 -0.602000 -0.359965 -0.408259 -0.773372 0.484995 -0.570354 -0.198724 -0.796998 29.550126 -141.648166 698.687216
0.737461 -0.567337 -0.366441 -0.396951 -0.803052 0.444452 -0.546426 -0.182307 -0.817425 26.213433 -142.140146 698.719948
0.760117 -0.534230 -0.369893 -0.385093 -0.828880 0.405786 -0.523379 -0.166002 -0.835774 22.842497 -142.601539 698.755512
0.780687 -0.503028 -0.370798 -0.372979 -0.851140 0.369387 -0.501413 -0.150076 -0.852093 19.436838 -143.030911 698.794020
0.799161 -0.474027 -0.369648 -0.360900 -0.870133 0.335588 -0.480721 -0.134783 -0.866453 15.995975 -143.426825 698.835581
0.815553 -0.447472 -0.366936 -0.349137 -0.886161 0.304667 -0.461495 -0.120361 -0.878940 12.519429 -143.787847 698.880305
0.829891 -0.423566 -0.363143 -0.337960 -0.899520 0.276851 -0.443919 -0.107029 -0.889652 9.006718 -144.112540 698.928303
0.842217 -0.402473 -0.358727 -0.327624 -0.910490 0.252329 -0.428173 -0.094989 -0.898691 5.457363 -144.399468 698.979686
0.852578 -0.384331 -0.354120 -0.318368 -0.919327 0.231256 -0.414430 -0.084423 -0.906157 1.870883 -144.647196 699.034562
0.861019 -0.369254 -0.349712 -0.310411 -0.926257 0.213760 -0.402855 -0.075497 -0.912145 -1.753202 -144.854289 699.093043
0.867577 -0.357346 -0.345854 -0.303950 -0.931467 0.199957 -0.393605 -0.068356 -0.916735 -5.415373 -145.019311 699.155239
0.872275 -0.348707 -0.342840 -0.299163 -0.935103 0.189955 -0.386830 -0.063128 -0.919988 -9.116109 -145.140826 699.221261
0.875116 -0.343439 -0.340912 -0.296201 -0.937261 0.183866 -0.382670 -0.059926 -0.921940 -12.855892 -145.217398 699.291217
0.876075 -0.341656 -0.340242 -0.295190 -0.937981 0.181807 -0.381256 -0.058840 -0.922595 -16.635202 -145.247591 699.365220
0.873880 -0.345187 -0.342316 -0.297496 -0.936624 0.185017 -0.384486 -0.059845 -0.921189 -20.556306 -145.077161 699.456135
0.867318 -0.355605 -0.348287 -0.304210 -0.932524 0.194563 -0.393974 -0.062796 -0.916974 -24.712512 -144.562380 699.575913
0.856300 -0.372659 -0.357598 -0.314907 -0.925506 0.210411 -0.409371 -0.067565 -0.909863 -29.090856 -143.717591 699.723288
0.840603 -0.396092 -0.369457 -0.329019 -0.915226 0.232611 -0.430272 -0.073975 -0.899663 -33.678378 -142.557135 699.896994
0.819920 -0.425620 -0.382855 -0.345823 -0.901197 0.261248 -0.456220 -0.081802 -0.886099 -38.462115 -141.095357 700.095764
0.793913 -0.460900 -0.396578 -0.364453 -0.882799 0.296379 -0.486699 -0.090765 -0.868841 -43.429106 -139.346597 700.318333
0.762263 -0.501489 -0.409223 -0.383891 -0.859304 0.337971 -0.521136 -0.100526 -0.847533 -48.566389 -137.325199 700.563435
0.724737 -0.546812 -0.419229 -0.402978 -0.829907 0.385828 -0.558896 -0.110684 -0.821817 -53.861001 -135.045505 700.829804
0.681241 -0.596122 -0.424911 -0.420433 -0.793758 0.439528 -0.599289 -0.120778 -0.791369 -59.299980 -132.521858 701.116174
0.631880 -0.648466 -0.424523 -0.434880 -0.750012 0.498360 -0.641566 -0.130287 -0.755922 -64.870366 -129.768600 701.421278
0.577007 -0.702662 -0.416327 -0.444892 -0.697886 0.561272 -0.684933 -0.138637 -0.715294 -70.559196 -126.800074 701.743851
0.517264 -0.757290 -0.398685 -0.449048 -0.636730 0.626842 -0.728556 -0.145214 -0.669417 -76.353507 -123.630622 702.082627
0.453606 -0.810692 -0.370163 -0.446001 -0.566097 0.693266 -0.771573 -0.149376 -0.618354 -82.240339 -120.274587 702.436340
0.387306 -0.861006 -0.329640 -0.434556 -0.485824 0.758377 -0.813115 -0.150477 -0.562317 -88.206729 -116.746311 702.803723
0.319941 -0.906217 -0.276420 -0.413750 -0.396106 0.819702 -0.852320 -0.147887 -0.501678 -94.239715 -113.060137 703.183511
0.253351 -0.944231 -0.210334 -0.382938 -0.297557 0.874539 -0.888354 -0.141020 -0.436968 -100.326336 -109.230407 703.574438
0.189571 -0.972978 -0.131817 -0.341859 -0.191257 0.920083 -0.920432 -0.129358 -0.368878 -106.453629 -105.271464 703.975238
0.130749 -0.990527 -0.041962 -0.290696 -0.078768 0.953568 -0.947840 -0.112480 -0.298241 -112.608633 -101.197650 704.384644
0.079037 -0.995213 0.057474 -0.230106 0.037884 0.972428 -0.969951 -0.090083 -0.226011 -118.778386 -97.023308 704.801392
0.036475 -0.985769 0.164103 -0.161233 0.156256 0.974468 -0.986242 -0.062003 -0.153238 -124.949925 -92.762781 705.224214
0.004873 -0.961433 0.274995 -0.085672 0.273586 0.958025 -0.996311 -0.028228 -0.081035 -131.110289 -88.430410 705.651845
-0.014305 -0.922051 0.386804 -0.005424 0.386910 0.922102 -0.999883 0.011092 -0.010536 -137.246516 -84.040539 706.083018
-0.020035 -0.868123 0.495945 0.077200 0.493221 0.866472 -0.996814 0.055647 0.057138 -143.345645 -79.607510 706.516468
-0.011812 -0.800822 0.598786 0.159691 0.589631 0.791729 -0.987096 0.104973 0.120919 -149.394712 -75.145665 706.950930
0.010312 -0.721960 0.691858 0.239464 0.673545 0.699281 -0.970851 0.158464 0.179829 -155.380756 -70.669347 707.385135
0.045719 -0.633903 0.772060 0.314004 0.742813 0.591296 -0.948320 0.215397 0.233009 -161.290816 -66.192899 707.817820
0.093254 -0.539447 0.836839 0.380999 0.795863 0.470576 -0.919861 0.274952 0.279746 -167.111930 -61.730662 708.247717
0.151293 -0.441661 0.884334 0.438460 0.831791 0.340407 -0.885925 0.336244 0.319495 -172.831135 -57.296980 708.673561
0.217832 -0.343705 0.913464 0.484823 0.850402 0.204362 -0.847051 0.398352 0.351881 -178.435469 -52.906195 709.094086
0.290607 -0.248655 0.923969 0.519022 0.852201 0.066098 -0.803843 0.460352 0.376713 -183.911971 -48.572650 709.508026
0.367221 -0.159324 0.916386 0.540523 0.838341 -0.070847 -0.756956 0.521345 0.393975 -189.247679 -44.310687 709.914114
0.445275 -0.078122 0.891979 0.549330 0.810513 -0.203238 -0.707083 0.580488 0.403816 -194.429631 -40.134648 710.311086
0.522491 -0.006941 0.852617 0.545952 0.770820 -0.328289 -0.654935 0.637016 0.406536 -199.444865 -36.058877 710.697673
0.596820 0.052910 0.800629 0.531344 0.721622 -0.443773 -0.601232 0.690262 0.402565 -204.280419 -32.097715 711.072612
0.666527 0.100728 0.738644 0.506828 0.665381 -0.548081 -0.546687 0.739677 0.392443 -208.923331 -28.265505 711.434636
0.730250 0.136398 0.669426 0.473996 0.604508 -0.640233 -0.491999 0.784835 0.376790 -213.360640 -24.576590 711.782478
0.787025 0.160337 0.595721 0.434609 0.541236 -0.719847 -0.437843 0.825443 0.356283 -217.579383 -21.045312 712.114873
0.836297 0.173413 0.520130 0.390499 0.477519 -0.787074 -0.384861 0.861338 0.331630 -221.566598 -17.686013 712.430554
0.877891 0.176846 0.445009 0.343483 0.414963 -0.842512 -0.333657 0.892486 0.303548 -225.309324 -14.513037 712.728257
0.911976 0.172106 0.372397 0.295282 0.354786 -0.887094 -0.284796 0.918970 0.272736 -228.794598 -11.540726 713.006714
0.939007 0.160810 0.303985 0.247472 0.297820 -0.921987 -0.238797 0.940980 0.239859 -232.009459 -8.783422 713.264660
0.959662 0.144633 0.241102 0.201440 0.244531 -0.948486 -0.196139 0.958794 0.205532 -234.940945 -6.255467 713.500828
0.974777 0.125239 0.184732 0.158371 0.195060 -0.967921 -0.157256 0.972762 0.170306 -237.576094 -3.971205 713.713954
0.985274 0.104226 0.135545 0.119244 0.149289 -0.981577 -0.122541 0.983285 0.134662 -239.901944 -1.944978 713.902770
0.992105 0.083090 0.093939 0.084847 0.106902 -0.990643 -0.092355 0.990792 0.099008 -241.905533 -0.191128 714.066011
0.996190 0.063213 0.060087 0.055804 0.067463 -0.996160 -0.067024 0.995717 0.063679 -243.573899 1.276002 714.202411
0.998370 0.045859 0.033984 0.032605 0.030484 -0.999003 -0.046849 0.998483 0.028939 -244.894081 2.442070 714.310703
0.999362 0.032187 0.015489 0.015642 -0.004503 -0.999868 -0.032113 0.999472 -0.005004 -245.853115 3.292733 714.389622
0.999720 0.023265 0.004367 0.005247 -0.037881 -0.999268 -0.023083 0.999011 -0.037993 -246.438042 3.813649 714.437902
0.999798 0.020087 0.000314 0.001717 -0.069882 -0.997554 -0.020016 0.997353 -0.069902 -246.635897 3.990475 714.454277
0.999752 0.022218 0.001669 0.003923 -0.101786 -0.994799 -0.021933 0.994558 -0.101847 -246.541167 3.896149 714.445760
0.999565 0.028731 0.006607 0.010421 -0.134686 -0.990833 -0.027578 0.990472 -0.134927 -246.262096 3.618271 714.420669
0.999102 0.039812 0.014520 0.021029 -0.168305 -0.985511 -0.036792 0.984931 -0.168991 -245.806364 3.164488 714.379695
0.998145 0.055609 0.024771 0.035556 -0.202263 -0.978686 -0.049414 0.977751 -0.203865 -245.181654 2.542449 714.323528
0.996416 0.076213 0.036705 0.053799 -0.236097 -0.970239 -0.065278 0.968736 -0.239351 -244.395646 1.759801 714.252860
0.993581 0.101640 0.049656 0.075528 -0.269269 -0.960099 -0.084214 0.957687 -0.275217 -243.456021 0.824193 714.168379
0.989272 0.131826 0.062955 0.100480 -0.301188 -0.948256 -0.106044 0.944409 -0.311202 -242.370459 -0.256728 714.070779
0.983094 0.166605 0.075952 0.128353 -0.331229 -0.934780 -0.130582 0.928725 -0.347013 -241.146641 -1.475313 713.960747
0.974647 0.205706 0.088027 0.158794 -0.358756 -0.919825 -0.157633 0.910483 -0.382325 -239.792249 -2.823914 713.838976
0.963536 0.248746 0.098611 0.191396 -0.383151 -0.903639 -0.186994 0.889562 -0.416788 -238.314963 -4.294884 713.706156
0.949390 0.295236 0.107208 0.225694 -0.403833 -0.886555 -0.218449 0.865884 -0.450029 -236.722465 -5.880574 713.562977
0.931881 0.344580 0.113410 0.261168 -0.420293 -0.868991 -0.251771 0.839415 -0.481657 -235.022434 -7.573337 713.410130
0.910734 0.396097 0.116920 0.297240 -0.432111 -0.851427 -0.286725 0.810177 -0.511274 -233.222552 -9.365524 713.248306
0.885749 0.449031 0.117560 0.333286 -0.438981 -0.834395 -0.323063 0.778246 -0.538483 -231.330499 -11.249487 713.078195
0.856808 0.502583 0.115288 0.368646 -0.440727 -0.818450 -0.360528 0.743754 -0.562893 -229.353957 -13.217578 712.900488
0.823893 0.555930 0.110195 0.402634 -0.437312 -0.804142 -0.398857 0.706894 -0.584135 -227.300607 -15.262150 712.715874
0.787089 0.608262 0.102507 0.434558 -0.428847 -0.791991 -0.437778 0.667913 -0.601865 -225.178129 -17.375554 712.525046
0.746595 0.658807 0.092575 0.463735 -0.415579 -0.782460 -0.477018 0.627111 -0.615781 -222.994203 -19.550142 712.328693
0.702715 0.706862 0.080855 0.489517 -0.397891 -0.775923 -0.516299 0.584832 -0.625625 -220.756512 -21.778266 712.127506
0.655864 0.751820 0.067890 0.511305 -0.376276 -0.772647 -0.555346 0.541464 -0.631195 -218.472736 -24.052278 711.922176
0.606553 0.793188 0.054282 0.528575 -0.351318 -0.772777 -0.593887 0.497423 -0.632352 -216.150555 -26.364531 711.713393
0.555380 0.830603 0.040657 0.540890 -0.323664 -0.776324 -0.631658 0.453145 -0.629021 -213.797651 -28.707375 711.501847
0.503008 0.863840 0.027638 0.547924 -0.293996 -0.783164 -0.668403 0.409081 -0.621201 -211.421704 -31.073164 711.288230
0.450152 0.892812 0.015811 0.549468 -0.262995 -0.793044 -0.703881 0.365678 -0.608960 -209.030396 -33.454248 711.073232
0.397550 0.917563 0.005699 0.545441 -0.231318 -0.805596 -0.737867 0.323373 -0.592437 -206.631407 -35.842981 710.857543
0.345942 0.938253 -0.002268 0.535894 -0.199571 -0.820359 -0.770157 0.282581 -0.571844 -204.232417 -38.231714 710.641854
0.296044 0.955143 -0.007764 0.521005 -0.168286 -0.836800 -0.800570 0.243685 -0.547454 -201.841109 -40.612798 710.426855
0.248527 0.968567 -0.010584 0.501076 -0.137909 -0.854344 -0.828949 0.207024 -0.519600 -199.465162 -42.978587 710.213238
0.203992 0.978915 -0.010645 0.476523 -0.108787 -0.872405 -0.855168 0.172892 -0.488667 -197.112258 -45.321432 710.001693
0.162955 0.986601 -0.007981 0.447856 -0.081175 -0.890413 -0.879130 0.141523 -0.455083 -194.790077 -47.633684 709.792909
0.125828 0.992048 -0.002740 0.415665 -0.055229 -0.907839 -0.900772 0.113092 -0.419309 -192.506301 -49.907696 709.587579
0.092912 0.995663 0.004841 0.380596 -0.031023 -0.924221 -0.920062 0.087714 -0.381828 -190.268610 -52.135820 709.386392
0.064393 0.997820 0.014446 0.343333 -0.008559 -0.939175 -0.937004 0.065436 -0.343136 -188.084684 -54.310408 709.190039
0.040334 0.998855 0.025709 0.304575 0.012215 -0.952410 -0.951634 0.046245 -0.303734 -185.962206 -56.423812 708.999211
0.020685 0.999055 0.038230 0.265013 0.031391 -0.963734 -0.964023 0.030066 -0.264113 -183.908856 -58.468384 708.814598
0.005288 0.998654 0.051601 0.225315 0.049085 -0.973049 -0.974272 0.016772 -0.224752 -181.932314 -60.436475 708.636890
-0.006112 0.997839 0.065424 0.186107 0.065417 -0.980349 -0.982511 0.006184 -0.186104 -180.040261 -62.320438 708.466779
-0.013854 0.996753 0.079325 0.147963 0.080503 -0.985711 -0.988896 -0.001918 -0.148597 -178.240379 -64.112625 708.304955
-0.018344 0.995500 0.092970 0.111394 0.094441 -0.989279 -0.993607 -0.007791 -0.112625 -176.540348 -65.805388 708.152108
-0.020040 0.994157 0.106069 0.076844 0.107308 -0.991252 -0.996842 -0.011714 -0.078546 -174.947850 -67.391078 708.008929
-0.019436 0.992778 0.118383 0.044688 0.119150 -0.991870 -0.998812 -0.013988 -0.046682 -173.470564 -68.862048 707.876109
-0.017042 0.991404 0.129725 0.015236 0.129986 -0.991399 -0.999739 -0.014919 -0.017320 -172.116172 -70.210649 707.754338
-0.013371 0.990068 0.139951 -0.011266 0.139805 -0.990115 -0.999847 -0.014816 0.009285 -170.892354 -71.429234 707.644307
-0.008927 0.988803 0.148961 -0.034623 0.148572 -0.988295 -0.999361 -0.013980 0.032909 -169.806793 -72.510155 707.546706
-0.004185 0.987639 0.156688 -0.054683 0.156229 -0.986206 -0.998495 -0.012695 0.053353 -168.867167 -73.445763 707.462226
0.000414 0.986612 0.163087 -0.071326 0.162701 -0.984094 -0.997453 -0.011225 0.070439 -168.081159 -74.228411 707.391557
0.004475 0.985755 0.168127 -0.084451 0.167900 -0.982180 -0.996418 -0.009803 0.083999 -167.456449 -74.850450 707.335390
0.007663 0.985106 0.171779 -0.093962 0.171734 -0.980652 -0.995546 -0.008626 0.093878 -167.000717 -75.304233 707.294416
0.009709 0.984696 0.174010 -0.099758 0.174104 -0.979661 -0.994964 -0.007848 0.099921 -166.721646 -75.582111 707.269326
0.010419 0.984554 0.174768 -0.101720 0.174915 -0.979315 -0.994759 -0.007574 0.101971 -166.626916 -75.676437 707.260808
