0.965926 -0.000000 0.258819 0.000000 1.000000 0.000000 -0.258819 0.000000 0.965926 -199.183836 -0.000000 823.003476
0.966192 0.000792 0.257824 -0.001257 0.999998 0.001640 -0.257822 -0.001908 0.966191 -199.020538 0.184872 822.909196
0.966964 0.003149 0.254892 -0.004971 0.999966 0.006506 -0.254863 -0.007558 0.966948 -198.537338 0.729288 822.630221
0.968187 0.007066 0.250128 -0.011053 0.999833 0.014540 -0.249983 -0.016842 0.968104 -197.744280 1.617948 822.172348
0.969779 0.012560 0.243662 -0.019403 0.999481 0.025705 -0.243213 -0.029656 0.969520 -196.651405 2.835553 821.541377
0.971638 0.019668 0.235653 -0.029914 0.998753 0.039982 -0.234572 -0.045897 0.971015 -195.268756 4.366803 820.743104
0.973646 0.028442 0.226286 -0.042468 0.997450 0.057361 -0.224077 -0.065459 0.972371 -193.606375 6.196398 819.783328
0.975667 0.038939 0.215773 -0.056938 0.995339 0.077837 -0.211736 -0.088229 0.973336 -191.674304 8.309038 818.667846
0.977556 0.051222 0.204354 -0.073184 0.992150 0.101398 -0.197556 -0.114078 0.973631 -189.482585 10.689424 817.402457
0.979159 0.065346 0.192295 -0.091050 0.987583 0.128022 -0.181542 -0.142863 0.972951 -187.041262 13.322255 815.992958
0.980317 0.081356 0.179889 -0.110369 0.981306 0.157663 -0.163699 -0.174414 0.970970 -184.360376 16.192233 814.445148
0.980869 0.099279 0.167453 -0.130958 0.972963 0.190246 -0.144038 -0.208536 0.967350 -181.449970 19.284057 812.764824
0.980655 0.119119 0.155325 -0.152616 0.962178 0.225660 -0.122570 -0.245000 0.961744 -178.320085 22.582427 810.957784
0.979523 0.140845 0.143866 -0.175130 0.948561 0.263746 -0.099318 -0.283540 0.953803 -174.980765 26.072045 809.029827
0.977327 0.164392 0.133446 -0.198269 0.931716 0.304294 -0.074311 -0.323853 0.943184 -171.442051 29.737609 806.986749
0.973933 0.189650 0.124448 -0.221787 0.911249 0.347038 -0.047588 -0.365592 0.929558 -167.713986 33.563821 804.834350
0.969225 0.216461 0.117252 -0.245427 0.886781 0.391645 -0.019202 -0.408369 0.912615 -163.806612 37.535381 802.578427
0.963102 0.244617 0.112235 -0.268920 0.857953 0.437720 0.010781 -0.451751 0.892079 -159.729972 41.636988 800.224777
0.955487 0.273857 0.109755 -0.291987 0.824446 0.484801 0.042279 -0.495269 0.867711 -155.494107 45.853343 797.779200
0.946326 0.303867 0.110145 -0.314346 0.785987 0.532363 0.075195 -0.538413 0.839320 -151.109061 50.169147 795.247492
0.935589 0.334283 0.113703 -0.335711 0.742366 0.579820 0.109415 -0.580644 0.806772 -146.584875 54.569100 792.635452
0.923275 0.364692 0.120678 -0.355801 0.693444 0.626531 0.144807 -0.621398 0.769997 -141.931592 59.037901 789.948878
0.909411 0.394640 0.131266 -0.374338 0.639168 0.671815 0.181224 -0.660094 0.728995 -137.159254 63.560251 787.193567
0.894053 0.423641 0.145595 -0.391059 0.579579 0.714956 0.218500 -0.696144 0.683842 -132.277903 68.120851 784.375318
0.877284 0.451185 0.163721 -0.405712 0.514820 0.755221 0.256457 -0.728967 0.634694 -127.297582 72.704400 781.499928
0.859217 0.476750 0.185622 -0.418068 0.445142 0.791876 0.294899 -0.757996 0.581788 -122.228333 77.295600 778.573196
0.839988 0.499819 0.211192 -0.427924 0.370906 0.824203 0.333619 -0.782694 0.525441 -117.080199 81.879149 775.600919
0.819758 0.519885 0.240241 -0.435102 0.292581 0.851518 0.372402 -0.802568 0.466049 -111.863221 86.439749 772.588896
0.798710 0.536477 0.272497 -0.439458 0.210741 0.873192 0.411022 -0.817178 0.404080 -106.587442 90.962099 769.542923
0.777042 0.549165 0.307608 -0.440886 0.126056 0.888667 0.449249 -0.826152 0.340070 -101.262904 95.430900 766.468800
0.754967 0.557578 0.345153 -0.439314 0.039281 0.897474 0.486854 -0.829195 0.274608 -95.899650 99.830853 763.372324
0.732708 0.561415 0.384646 -0.434713 -0.048760 0.899248 0.523607 -0.826097 0.208328 -90.507722 104.146657 760.259293
0.710490 0.560456 0.425551 -0.427092 -0.137187 0.893740 0.559282 -0.816743 0.141896 -85.097162 108.363012 757.135505
0.688540 0.554569 0.467296 -0.416502 -0.225093 0.880829 0.593666 -0.801116 0.075994 -79.678013 112.464619 754.006757
0.667081 0.543717 0.509288 -0.403033 -0.311556 0.860522 0.626552 -0.779297 0.011303 -74.260316 116.436179 750.878849
0.646325 0.527959 0.550929 -0.386813 -0.395666 0.832961 0.657753 -0.751470 -0.051508 -68.854115 120.262391 747.757577
0.626473 0.507448 0.591631 -0.368005 -0.476550 0.798419 0.687098 -0.717911 -0.111802 -63.469452 123.927955 744.648740
0.607706 0.482431 0.630835 -0.346805 -0.553385 0.757292 0.714436 -0.678988 -0.168986 -58.116368 127.417573 741.558136
0.590188 0.453239 0.668022 -0.323435 -0.625429 0.710090 0.739641 -0.635148 -0.222527 -52.804906 130.715943 738.491562
0.574054 0.420276 0.702730 -0.298142 -0.692029 0.657425 0.762609 -0.586911 -0.271960 -47.545109 133.807767 735.454817
0.559419 0.384012 0.734564 -0.271190 -0.752640 0.599991 0.783266 -0.534853 -0.316901 -42.347019 136.677745 732.453698
0.546367 0.344968 0.763204 -0.242857 -0.806837 0.538548 0.801563 -0.479595 -0.357051 -37.220677 139.310576 729.494003
0.534955 0.303699 0.788410 -0.213428 -0.854321 0.473904 0.817479 -0.421786 -0.392205 -32.176127 141.690962 726.581531
0.525211 0.260781 0.810029 -0.183191 -0.894920 0.406889 0.831020 -0.362093 -0.422249 -27.223411 143.803602 723.722079
0.517135 0.216796 0.827992 -0.152431 -0.928596 0.338341 0.842221 -0.301180 -0.447163 -22.372571 145.633197 720.921445
0.510700 0.172320 0.842313 -0.121425 -0.955432 0.269083 0.851141 -0.239699 -0.467016 -17.633650 147.164447 718.185427
0.505855 0.127904 0.853083 -0.090440 -0.975632 0.199906 0.857864 -0.178276 -0.481961 -13.016689 148.382052 715.519824
0.502524 0.084069 0.860466 -0.059723 -0.989508 0.131555 0.862498 -0.117500 -0.492230 -8.531731 149.270712 712.930432
0.500610 0.041291 0.864688 -0.029507 -0.997467 0.064715 0.865170 -0.057911 -0.498124 -4.188818 149.815128 710.423050
0.500000 -0.000000 0.866025 -0.000000 -1.000000 0.000000 0.866025 -0.000000 -0.500000 0.002007 150.000000 708.003476
0.500589 -0.040312 0.864746 0.029162 -0.997563 -0.063385 0.865194 0.056948 -0.498193 4.196718 149.751120 705.581659
0.502355 -0.080257 0.860929 0.058391 -0.990261 -0.126385 0.862688 0.113761 -0.492776 8.551259 149.016960 703.067564
0.505295 -0.119607 0.854618 0.087568 -0.978129 -0.188667 0.858492 0.170170 -0.483770 13.055544 147.816240 700.467013
0.509399 -0.158136 0.845876 0.116570 -0.961229 -0.249902 0.852598 0.225904 -0.471215 17.699488 146.167680 697.785831
0.514652 -0.195626 0.834783 0.145278 -0.939649 -0.309766 0.845001 0.280697 -0.455172 22.473004 144.090000 695.029840
0.521032 -0.231865 0.821440 0.173570 -0.913504 -0.367945 0.835703 0.334288 -0.435720 27.366008 141.601920 692.204863
0.528510 -0.266649 0.805962 0.201326 -0.882937 -0.424135 0.824709 0.386421 -0.412958 32.368413 138.722160 689.316723
0.537054 -0.299785 0.788481 0.228427 -0.848112 -0.478045 0.812031 0.436846 -0.387002 37.470133 135.469440 686.371244
0.546621 -0.331092 0.769144 0.254758 -0.809220 -0.529397 0.797686 0.485325 -0.357989 42.661083 131.862480 683.374247
0.557168 -0.360401 0.748114 0.280204 -0.766474 -0.577931 0.781697 0.531629 -0.326069 47.931177 127.920000 680.331557
0.568642 -0.387559 0.725565 0.304653 -0.720105 -0.623406 0.764090 0.575540 -0.291411 53.270329 123.660720 677.248996
0.580985 -0.412426 0.701684 0.327999 -0.670369 -0.665599 0.744898 0.616855 -0.254199 58.668453 119.103360 674.132388
0.594137 -0.434883 0.676667 0.350138 -0.617534 -0.704312 0.724158 0.655385 -0.214630 64.115464 114.266640 670.987555
0.608028 -0.454825 0.650720 0.370971 -0.561887 -0.739367 0.701914 0.690954 -0.172916 69.601275 109.169280 667.820320
0.622586 -0.472166 0.624056 0.390405 -0.503728 -0.770611 0.678211 0.723407 -0.129278 75.115802 103.830000 664.636507
0.637735 -0.486841 0.596892 0.408352 -0.443369 -0.797917 0.653102 0.752602 -0.083950 80.648958 98.267520 661.441938
0.653393 -0.498802 0.569450 0.424729 -0.381130 -0.821185 0.626644 0.778419 -0.037172 86.190657 92.500560 658.242436
0.669476 -0.508024 0.541954 0.439462 -0.317339 -0.840339 0.598895 0.800754 0.010806 91.730813 86.547840 655.043825
0.685894 -0.514499 0.514627 0.452480 -0.252329 -0.855331 0.569922 0.819525 0.059730 97.259342 80.428080 651.851928
0.702557 -0.518240 0.487690 0.463723 -0.186433 -0.866143 0.539791 0.834668 0.109340 102.766156 74.160000 648.672567
0.719369 -0.519281 0.461362 0.473137 -0.119987 -0.872780 0.508575 0.846139 0.159376 108.241171 67.762320 645.511566
0.736236 -0.517673 0.435856 0.480676 -0.053323 -0.875276 0.476348 0.853915 0.209575 113.674300 61.253760 642.374747
0.753059 -0.513489 0.411378 0.486300 0.013233 -0.873692 0.443187 0.857994 0.259675 119.055458 54.653040 639.267935
0.769737 -0.506817 0.388124 0.489981 0.079360 -0.868113 0.409173 0.858393 0.309417 124.374558 47.978880 636.196950
0.786173 -0.497765 0.366282 0.491697 0.144748 -0.858651 0.374388 0.855148 0.358547 129.621516 41.250000 633.167618
0.802264 -0.486456 0.346025 0.491435 0.209097 -0.845441 0.338917 0.848315 0.406813 134.786246 34.485120 630.185760
0.817911 -0.473027 0.327517 0.489190 0.272122 -0.828639 0.302844 0.837971 0.453972 139.858660 27.702960 627.257200
0.833014 -0.457631 0.310903 0.484968 0.333553 -0.808423 0.266257 0.824206 0.499791 144.828675 20.922240 624.387761
0.847476 -0.440433 0.296315 0.478781 0.393136 -0.784993 0.229245 0.807132 0.544044 149.686203 14.161680 621.583265
0.861200 -0.421608 0.283869 0.470650 0.450636 -0.758561 0.191894 0.786876 0.586518 154.421160 7.440000 618.849537
0.874091 -0.401342 0.273661 0.460607 0.505840 -0.729361 0.154295 0.763578 0.627011 159.023459 0.775920 616.192398
0.886058 -0.379826 0.265770 0.448689 0.558553 -0.697636 0.116534 0.737394 0.665334 163.483014 -5.811840 613.617673
0.897012 -0.357261 0.260257 0.434943 0.608605 -0.663644 0.078700 0.708494 0.701315 167.789741 -12.304560 611.131183
0.906869 -0.333849 0.257164 0.419425 0.655849 -0.627651 0.040880 0.677058 0.734793 171.933553 -18.683520 608.738752
0.915548 -0.309796 0.256512 0.402196 0.700158 -0.589929 0.003159 0.643277 0.765627 175.904363 -24.930000 606.446204
0.922973 -0.285308 0.258303 0.383326 0.741435 -0.550759 -0.034379 0.607350 0.793690 179.692088 -31.025280 604.259360
0.929072 -0.260590 0.262523 0.362893 0.779602 -0.510420 -0.071653 0.569485 0.818873 183.286640 -36.950640 602.184044
0.933779 -0.235846 0.269134 0.340980 0.814609 -0.469197 -0.108581 0.529895 0.841083 186.677933 -42.687360 600.226080
0.937034 -0.211274 0.278085 0.317675 0.846427 -0.427368 -0.145087 0.488799 0.860247 189.855883 -48.216720 598.391290
0.938781 -0.187065 0.289304 0.293076 0.875053 -0.385211 -0.181097 0.446417 0.876308 192.810404 -53.520000 596.685497
0.938973 -0.163403 0.302703 0.267283 0.900507 -0.342997 -0.216539 0.402973 0.889227 195.531409 -58.578480 595.114524
0.937568 -0.140464 0.318178 0.240401 0.922828 -0.300990 -0.251345 0.358689 0.898982 198.008812 -63.373440 593.684194
0.934529 -0.118413 0.335610 0.212541 0.942081 -0.259442 -0.285451 0.313787 0.905569 200.232529 -67.886160 592.400330
0.929829 -0.097402 0.354869 0.183816 0.958346 -0.218596 -0.318795 0.268488 0.909002 202.192473 -72.097920 591.268756
0.923445 -0.077571 0.375808 0.154344 0.971726 -0.178682 -0.351322 0.223006 0.909308 203.878558 -75.990000 590.295295
0.915364 -0.059046 0.398274 0.124242 0.982338 -0.139912 -0.382979 0.177553 0.906533 205.280699 -79.543680 589.485768
0.905578 -0.041939 0.422101 0.093634 0.990318 -0.102487 -0.413716 0.132333 0.900737 206.388810 -82.740240 588.846000
0.894087 -0.026345 0.447118 0.062642 0.995812 -0.066587 -0.443491 0.087543 0.891993 207.192805 -85.560960 588.381813
0.880898 -0.012344 0.473145 0.031389 0.998983 -0.032376 -0.472264 0.043372 0.880389 207.682598 -87.987120 588.099031
0.866025 -0.000000 0.500000 0.000000 1.000000 -0.000000 -0.500000 0.000000 0.866025 207.848104 -90.000000 588.003476
0.849124 0.011154 0.528076 -0.032010 0.999026 0.030369 -0.527223 -0.042691 0.848654 207.796558 -91.752480 588.033236
0.829745 0.021486 0.557729 -0.065060 0.996170 0.058414 -0.554338 -0.084755 0.827965 207.643583 -93.411840 588.121556
0.807769 0.030818 0.588692 -0.098907 0.991561 0.083806 -0.581142 -0.125922 0.804001 207.391674 -94.980960 588.266996
0.783106 0.039001 0.620664 -0.133281 0.985367 0.106246 -0.607438 -0.165925 0.776845 207.043324 -96.462720 588.468116
0.755694 0.045919 0.653313 -0.167890 0.977788 0.125475 -0.633040 -0.204505 0.746618 206.601027 -97.860000 588.723476
0.725507 0.051492 0.686286 -0.202419 0.969055 0.141279 -0.657774 -0.241416 0.713479 206.067279 -99.175680 589.031636
0.692555 0.055676 0.719214 -0.236537 0.959421 0.153499 -0.681482 -0.276427 0.677621 205.444572 -100.412640 589.391156
0.656888 0.058470 0.751718 -0.269905 0.949156 0.162029 -0.704024 -0.309328 0.639270 204.735401 -101.573760 589.800596
0.618595 0.059911 0.783422 -0.302176 0.938541 0.166827 -0.725279 -0.339930 0.598680 203.942260 -102.661920 590.258516
0.577809 0.060075 0.813958 -0.333006 0.927854 0.167911 -0.745147 -0.368074 0.556127 203.067644 -103.680000 590.763476
0.534700 0.059077 0.842975 -0.362058 0.917371 0.165363 -0.763551 -0.393626 0.511907 202.114046 -104.630880 591.314036
0.489479 0.057062 0.870146 -0.389010 0.907351 0.159326 -0.780437 -0.416483 0.466327 201.083961 -105.517440 591.908756
0.442393 0.054207 0.895181 -0.413561 0.898035 0.150000 -0.795773 -0.436572 0.419703 199.979882 -106.342560 592.546196
0.393724 0.050711 0.917829 -0.435438 0.889634 0.137638 -0.809552 -0.453849 0.372352 198.804305 -107.109120 593.224916
0.343780 0.046790 0.937884 -0.454400 0.882329 0.122542 -0.821788 -0.468302 0.324588 197.559722 -107.820000 593.943476
0.292895 0.042670 0.955192 -0.470244 0.876262 0.105049 -0.832516 -0.479942 0.276719 196.248629 -108.478080 594.700436
0.241422 0.038582 0.969653 -0.482812 0.871537 0.085531 -0.841789 -0.488809 0.229036 194.873519 -109.086240 595.494356
0.189724 0.034750 0.981222 -0.491989 0.868218 0.064381 -0.849677 -0.494965 0.181818 193.436887 -109.647360 596.323796
0.138170 0.031385 0.989911 -0.497711 0.866326 0.042002 -0.856267 -0.498493 0.135321 191.941226 -110.164320 597.187316
0.087129 0.028684 0.995784 -0.499961 0.865844 0.018805 -0.861654 -0.499491 0.089781 190.389032 -110.640000 598.083476
0.036960 0.026813 0.998957 -0.498772 0.866720 -0.004809 -0.865945 -0.498074 0.045408 188.782797 -111.077280 599.010836
-0.011990 0.025912 0.999592 -0.494227 0.868867 -0.028451 -0.869250 -0.494367 0.002388 187.125017 -111.479040 599.967956
-0.059399 0.026083 0.997894 -0.486454 0.872172 -0.051753 -0.871685 -0.488503 -0.039118 185.418185 -111.848160 600.953396
-0.104967 0.027393 0.994098 -0.475621 0.876500 -0.074373 -0.873365 -0.480621 -0.078975 183.664795 -112.187520 601.965716
-0.148429 0.029866 0.988472 -0.461940 0.881700 -0.096005 -0.874403 -0.470864 -0.117073 181.867342 -112.500000 603.003476
-0.189553 0.033488 0.981299 -0.445651 0.887610 -0.116375 -0.874908 -0.459377 -0.153326 180.028320 -112.788480 604.065236
-0.228149 0.038202 0.972877 -0.427028 0.894067 -0.135249 -0.874983 -0.446302 -0.187667 178.150222 -113.055840 605.149556
-0.264064 0.043914 0.963505 -0.406362 0.900908 -0.152431 -0.874723 -0.431783 -0.220052 176.235544 -113.304960 606.254996
-0.297191 0.050496 0.953482 -0.383964 0.907980 -0.167764 -0.874213 -0.415960 -0.250455 174.286779 -113.538720 607.380116
-0.327464 0.057783 0.943095 -0.360155 0.915141 -0.181124 -0.873531 -0.398972 -0.278865 172.306421 -113.760000 608.523476
-0.354859 0.065587 0.932616 -0.335259 0.922266 -0.192424 -0.872741 -0.380951 -0.305286 170.296965 -113.971680 609.683636
-0.379394 0.073692 0.922296 -0.309601 0.929248 -0.201605 -0.871899 -0.362032 -0.329736 168.260905 -114.176640 610.859156
-0.401124 0.081868 0.912358 -0.283500 0.936002 -0.208632 -0.871049 -0.342341 -0.352244 166.200734 -114.377760 612.048596
-0.420140 0.089867 0.902998 -0.257263 0.942463 -0.213492 -0.870229 -0.322005 -0.372847 164.118948 -114.577920 613.250516
-0.436564 0.097437 0.894381 -0.231184 0.948587 -0.216187 -0.869463 -0.301146 -0.391593 162.018040 -114.780000 614.463476
-0.450547 0.104318 0.886637 -0.205540 0.954349 -0.216730 -0.868770 -0.279886 -0.408537 159.900504 -114.986880 615.686036
-0.462261 0.110254 0.879863 -0.180587 0.959741 -0.215140 -0.868161 -0.258342 -0.423740 157.768834 -115.201440 616.916756
-0.471899 0.114989 0.874122 -0.156563 0.964771 -0.211435 -0.867640 -0.236631 -0.437271 155.625525 -115.426560 618.154196
-0.479665 0.118277 0.869443 -0.133681 0.969456 -0.205634 -0.867209 -0.214863 -0.449203 153.473071 -115.665120 619.396916
-0.485775 0.119881 0.865824 -0.112135 0.973818 -0.197748 -0.866861 -0.193151 -0.459614 151.313966 -115.920000 620.643476
-0.490448 0.119575 0.863228 -0.092098 0.977883 -0.187783 -0.866591 -0.171599 -0.468588 149.150703 -116.194080 621.892436
-0.493899 0.117144 0.861592 -0.073721 0.981674 -0.175730 -0.866388 -0.150310 -0.476212 146.985778 -116.490240 623.142356
-0.496344 0.112387 0.860821 -0.057140 0.985205 -0.161573 -0.866244 -0.129383 -0.482578 144.821685 -116.811360 624.391796
-0.497983 0.105119 0.860792 -0.042473 0.988478 -0.145284 -0.866146 -0.108910 -0.487780 142.660917 -117.160320 625.639316
-0.499006 0.095166 0.861357 -0.029827 0.991477 -0.126822 -0.866085 -0.088977 -0.491915 140.505969 -117.540000 626.883476
-0.499584 0.082367 0.862341 -0.019297 0.994164 -0.106138 -0.866050 -0.069666 -0.495079 138.359334 -117.953280 628.122836
-0.499866 0.066577 0.863540 -0.010970 0.996475 -0.083175 -0.866033 -0.051049 -0.497373 136.223508 -118.403040 629.355956
-0.499973 0.047662 0.864729 -0.004926 0.998312 -0.057873 -0.866027 -0.033194 -0.498894 134.100983 -118.892160 630.581396
-0.499998 0.025504 0.865651 -0.001244 0.999544 -0.030167 -0.866026 -0.016161 -0.499739 131.994255 -119.423520 631.797716
-0.500000 -0.000000 0.866025 -0.000000 1.000000 0.000000 -0.866025 0.000000 -0.500000 129.905818 -120.000000 633.003476
-0.499998 -0.029710 0.865517 -0.001447 0.999439 0.033472 -0.866026 0.015484 -0.499760 127.820359 -120.611760 634.207516
-0.499964 -0.064243 0.863660 -0.005708 0.997468 0.070892 -0.866028 0.030514 -0.499064 125.720629 -121.246080 635.419796
-0.499821 -0.103291 0.859948 -0.012666 0.993629 0.111987 -0.866036 0.045082 -0.497945 123.606210 -121.901520 636.640556
-0.499450 -0.146506 0.853865 -0.022199 0.987438 0.156440 -0.866058 0.059179 -0.496428 121.476688 -122.576640 637.870036
-0.498694 -0.193489 0.844906 -0.034182 0.978398 0.203884 -0.866104 0.072795 -0.494536 119.331647 -123.270000 639.108476
-0.497370 -0.243786 0.832581 -0.048480 0.966016 0.253895 -0.866183 0.085916 -0.492287 117.170672 -123.980160 640.356116
-0.495271 -0.296888 0.816434 -0.064949 0.949816 0.305991 -0.866307 0.098522 -0.489699 114.993345 -124.705680 641.613196
-0.492174 -0.352228 0.796053 -0.083428 0.929358 0.359630 -0.866490 0.110587 -0.486792 112.799252 -125.445120 642.879956
-0.487849 -0.409183 0.771085 -0.103743 0.904249 0.414212 -0.866741 0.122078 -0.483587 110.587978 -126.197040 644.156636
-0.482063 -0.467080 0.741250 -0.125697 0.874162 0.469085 -0.867073 0.132956 -0.480112 108.359106 -126.960000 645.443476
-0.474588 -0.525200 0.706351 -0.149075 0.838848 0.523555 -0.867492 0.143174 -0.476402 106.112220 -127.732560 646.740716
-0.465208 -0.582791 0.666285 -0.173642 0.798150 0.576893 -0.868004 0.152680 -0.472503 103.846905 -128.513280 648.048596
-0.453723 -0.639082 0.621055 -0.199140 0.752009 0.628351 -0.868607 0.161420 -0.468471 101.562746 -129.300720 649.367356
-0.439958 -0.693294 0.570772 -0.225294 0.700477 0.677181 -0.869298 0.169340 -0.464376 99.259326 -130.093440 650.697236
-0.423768 -0.744658 0.515659 -0.251812 0.643717 0.722647 -0.870064 0.176386 -0.460300 96.936231 -130.890000 652.038476
-0.405040 -0.792438 0.456053 -0.278387 0.582007 0.764048 -0.870886 0.182511 -0.456341 94.593043 -131.688960 653.391316
-0.383703 -0.835940 0.392399 -0.304705 0.515734 0.800733 -0.871738 0.187677 -0.452604 92.229348 -132.488880 654.755996
-0.359724 -0.874538 0.325241 -0.330449 0.445391 0.832124 -0.872584 0.191860 -0.449208 89.844730 -133.288320 656.132756
-0.333117 -0.907688 0.255215 -0.355301 0.371562 0.857731 -0.873381 0.195047 -0.446276 87.438772 -134.085840 657.521836
-0.303941 -0.934944 0.183029 -0.378953 0.294912 0.877167 -0.874079 0.197248 -0.443936 85.011061 -134.880000 658.923476
-0.272300 -0.955967 0.109448 -0.401114 0.216168 0.890157 -0.874620 0.198489 -0.442314 82.561179 -135.669360 660.337916
-0.238343 -0.970540 0.035277 -0.421510 0.136101 0.896552 -0.874941 0.198817 -0.441531 80.088711 -136.452480 661.765396
-0.202259 -0.978568 -0.038667 -0.439899 0.055505 0.896331 -0.874974 0.198301 -0.441697 77.593241 -137.227920 663.206156
-0.164278 -0.980084 -0.111572 -0.456068 -0.024827 0.889599 -0.874651 0.197026 -0.442906 75.074354 -137.994240 664.660436
-0.124662 -0.975242 -0.182655 -0.469846 -0.104118 0.876586 -0.873901 0.195097 -0.445234 72.531635 -138.750000 666.128476
-0.083702 -0.964315 -0.251179 -0.481104 -0.181634 0.857641 -0.872659 0.192630 -0.448732 69.964666 -139.493760 667.610516
-0.041711 -0.947682 -0.316478 -0.489756 -0.256696 0.833214 -0.870861 0.189751 -0.453426 67.373033 -140.224080 669.106796
0.000983 -0.925818 -0.377968 -0.495767 -0.328700 0.803848 -0.868455 0.186594 -0.459314 64.756320 -140.939520 670.617556
0.044043 -0.899275 -0.435160 -0.499149 -0.397126 0.770157 -0.865396 0.183290 -0.466363 62.114111 -141.638640 672.143036
0.087129 -0.868667 -0.487674 -0.499961 -0.461550 0.732810 -0.861654 0.179969 -0.474514 59.445991 -142.320000 673.683476
0.129908 -0.834653 -0.535236 -0.498307 -0.521645 0.692515 -0.857213 0.176749 -0.483679 56.751543 -142.982160 675.239116
0.172056 -0.797917 -0.577690 -0.494337 -0.577186 0.649990 -0.852073 0.173739 -0.493748 54.030353 -143.623680 676.810196
0.213267 -0.759150 -0.614986 -0.488236 -0.628045 0.605958 -0.846252 0.171028 -0.504586 51.282004 -144.243120 678.396956
0.253255 -0.719038 -0.647183 -0.480227 -0.674187 0.561118 -0.839788 0.168689 -0.516043 48.506081 -144.839040 679.999636
0.291761 -0.678242 -0.674435 -0.470559 -0.715664 0.516140 -0.832737 0.166772 -0.527955 45.702168 -145.410000 681.618476
0.328551 -0.637392 -0.696984 -0.459504 -0.752599 0.471647 -0.825173 0.165307 -0.540151 42.869849 -145.954560 683.253716
0.363422 -0.597071 -0.715144 -0.447353 -0.785183 0.428210 -0.817190 0.164301 -0.552454 40.008709 -146.471280 684.905596
0.396200 -0.557815 -0.729293 -0.434408 -0.813653 0.386340 -0.808898 0.163743 -0.564688 37.118332 -146.958720 686.574356
0.426740 -0.520104 -0.739855 -0.420975 -0.838288 0.346487 -0.800421 0.163600 -0.576682 34.198302 -147.415440 688.260236
0.454925 -0.484364 -0.747285 -0.407362 -0.859391 0.309037 -0.791896 0.163826 -0.588270 31.248204 -147.840000 689.963476
0.480663 -0.450965 -0.752059 -0.393871 -0.877277 0.274317 -0.783472 0.164361 -0.599297 28.267621 -148.230960 691.684316
0.503881 -0.420228 -0.754660 -0.380798 -0.892266 0.242597 -0.775304 0.165133 -0.609618 25.256139 -148.586880 693.422996
0.524526 -0.392425 -0.755563 -0.368424 -0.904668 0.214100 -0.767552 0.166067 -0.619101 22.213342 -148.906320 695.179756
0.542556 -0.367787 -0.755226 -0.357017 -0.914776 0.189005 -0.760376 0.167083 -0.627624 19.138813 -149.187840 696.954836
0.557936 -0.346515 -0.754079 -0.346827 -0.922859 0.167459 -0.753935 0.168103 -0.635077 16.032137 -149.430000 698.748476
0.570635 -0.328780 -0.752516 -0.338082 -0.929153 0.149586 -0.748383 0.169053 -0.641361 12.892899 -149.631360 700.560916
0.580615 -0.314739 -0.750883 -0.330993 -0.933855 0.135495 -0.743861 0.169867 -0.646386 9.720683 -149.790480 702.392396
0.587832 -0.304534 -0.749475 -0.325745 -0.937119 0.125289 -0.740503 0.170489 -0.650069 6.515072 -149.905920 704.243156
0.592224 -0.298306 -0.748522 -0.322501 -0.939049 0.119078 -0.738420 0.170878 -0.652331 3.275652 -149.976240 706.113436
0.593710 -0.296198 -0.748182 -0.321394 -0.939693 0.116978 -0.737709 0.171010 -0.653101 0.002007 -150.000000 708.003476
0.590309 -0.299820 -0.749428 -0.323920 -0.938408 0.120279 -0.739332 0.171753 -0.651068 -3.394406 -149.822400 709.964396
0.580220 -0.310503 -0.752950 -0.331278 -0.934521 0.130098 -0.744043 0.173950 -0.645090 -6.994370 -149.299200 712.042836
0.563516 -0.327970 -0.758212 -0.343022 -0.927847 0.146407 -0.751523 0.177581 -0.635357 -10.786660 -148.444800 714.232316
0.540178 -0.351925 -0.764432 -0.358555 -0.918034 0.169270 -0.761345 0.182655 -0.622086 -14.760054 -147.273600 716.526356
0.510135 -0.382025 -0.770597 -0.377126 -0.904577 0.198789 -0.773006 0.189203 -0.605528 -18.903328 -145.800000 718.918476
0.473307 -0.417856 -0.775485 -0.397832 -0.886839 0.235045 -0.785945 0.197264 -0.585984 -23.205257 -144.038400 721.402196
0.429660 -0.458892 -0.777696 -0.419619 -0.864072 0.278028 -0.799570 0.206879 -0.563817 -27.654618 -142.003200 723.971036
0.379254 -0.504463 -0.775683 -0.441287 -0.835442 0.327569 -0.813285 0.218067 -0.539458 -32.240188 -139.708800 726.618516
0.322297 -0.553721 -0.767800 -0.461510 -0.800072 0.383268 -0.826519 0.230821 -0.513409 -36.950743 -137.169600 729.338156
0.259196 -0.605610 -0.752366 -0.478861 -0.757081 0.444433 -0.838755 0.245084 -0.486235 -41.775058 -134.400000 732.123476
0.190593 -0.658843 -0.727736 -0.491863 -0.705649 0.510029 -0.849556 0.260738 -0.458553 -46.701912 -131.414400 734.967996
0.117407 -0.711902 -0.692395 -0.499040 -0.645085 0.578640 -0.858589 0.277596 -0.431005 -51.720078 -128.227200 737.865236
0.040841 -0.763043 -0.645056 -0.498987 -0.574899 0.648462 -0.865646 0.295391 -0.404228 -56.818335 -124.852800 740.808716
-0.037610 -0.810329 -0.584767 -0.490453 -0.494884 0.717319 -0.870656 0.313779 -0.378815 -61.985459 -121.305600 743.791956
-0.116181 -0.851684 -0.511016 -0.472417 -0.405190 0.782715 -0.873684 0.332349 -0.355275 -67.210225 -117.600000 746.808476
-0.192883 -0.884972 -0.423818 -0.444179 -0.306390 0.841921 -0.874930 0.350643 -0.333988 -72.481409 -113.750400 749.851796
-0.265562 -0.908094 -0.323794 -0.405422 -0.199526 0.892089 -0.874705 0.368178 -0.315175 -77.787790 -109.771200 752.915436
-0.331988 -0.919103 -0.212210 -0.356282 -0.086126 0.930401 -0.873411 0.384488 -0.298867 -83.118141 -105.676800 755.992916
-0.389952 -0.916330 -0.090978 -0.297370 0.031807 0.954232 -0.871498 0.399159 -0.284892 -88.461241 -101.481600 759.077756
-0.437378 -0.898501 0.037378 -0.229790 0.151850 0.961321 -0.869424 0.411871 -0.272882 -93.805865 -97.200000 762.163476
-0.472432 -0.864854 0.169811 -0.155109 0.271245 0.949930 -0.867611 0.422439 -0.262291 -99.140789 -92.846400 765.243596
-0.493634 -0.815223 0.302881 -0.075301 0.387028 0.918988 -0.866404 0.430836 -0.252437 -104.454790 -88.435200 768.311636
-0.499940 -0.750098 0.432912 0.007338 0.496177 0.868191 -0.866029 0.437220 -0.242554 -109.736644 -83.980800 771.361116
-0.490819 -0.670633 0.556190 0.090304 0.595778 0.798056 -0.866569 0.441927 -0.231859 -114.975128 -79.497600 774.385556
-0.466290 -0.578618 0.669160 0.171010 0.683201 0.709924 -0.867945 0.445464 -0.219620 -120.159018 -75.000000 777.378476
-0.426926 -0.476402 0.768619 0.246932 0.756252 0.605895 -0.869919 0.448469 -0.205225 -125.277089 -70.502400 780.333396
-0.373832 -0.366777 0.851894 0.315738 0.813305 0.488717 -0.872100 0.451673 -0.188234 -130.318119 -66.019200 783.243836
-0.308584 -0.252826 0.916981 0.375412 0.853399 0.361630 -0.873980 0.455839 -0.168431 -135.270884 -61.564800 786.103316
-0.233142 -0.137755 0.962636 0.424358 0.876275 0.228172 -0.874966 0.461699 -0.145839 -140.124160 -57.153600 788.905356
-0.149745 -0.024718 0.988416 0.461471 0.882374 0.091979 -0.874426 0.469898 -0.120724 -144.866722 -52.800000 791.643476
-0.060790 0.083348 0.994665 0.486173 0.872783 -0.043422 -0.871746 0.480939 -0.093578 -149.487349 -48.518400 794.311196
0.031288 0.183872 0.982452 0.498420 0.849132 -0.174793 -0.866371 0.495143 -0.065078 -153.974816 -44.323200 796.902036
0.124135 0.274756 0.953467 0.498671 0.813465 -0.299336 -0.857857 0.512624 -0.036033 -158.317898 -40.228800 799.409516
0.215578 0.354455 0.909884 0.487830 0.768091 -0.414799 -0.845901 0.533290 -0.007330 -162.505374 -36.249600 801.827156
0.303709 0.422005 0.854209 0.467164 0.715427 -0.519540 -0.830372 0.556845 0.020136 -166.526018 -32.400000 804.148476
0.386945 0.477021 0.789129 0.438215 0.657848 -0.612539 -0.811321 0.582827 0.045513 -170.368607 -28.694400 806.366996
0.464059 0.519652 0.717364 0.402692 0.597562 -0.693368 -0.788979 0.610640 0.068044 -174.021918 -25.147200 808.476236
0.534194 0.550515 0.641537 0.362379 0.536506 -0.762131 -0.763753 0.639605 0.087104 -177.474727 -21.772800 810.469716
0.596846 0.570608 0.564076 0.319043 0.476279 -0.819372 -0.736197 0.669003 0.102216 -180.715809 -18.585600 812.340956
0.651832 0.581217 0.487136 0.274366 0.418102 -0.865976 -0.706992 0.698124 0.113066 -183.733943 -15.600000 814.083476
0.699249 0.583822 0.412557 0.229879 0.362818 -0.903061 -0.676910 0.726302 0.119491 -186.517903 -12.830400 815.690796
0.739414 0.580010 0.341841 0.186936 0.310909 -0.931875 -0.646778 0.752943 0.121466 -189.056465 -10.291200 817.156436
0.772809 0.571402 0.276161 0.146685 0.262542 -0.953706 -0.617454 0.777542 0.119078 -191.338408 -7.996800 818.473916
0.800022 0.559593 0.216379 0.110077 0.217625 -0.969805 -0.589786 0.799684 0.112506 -193.352506 -5.961600 819.636756
0.821686 0.546112 0.163078 0.077872 0.175873 -0.981328 -0.564596 0.819043 0.101985 -195.087536 -4.200000 820.638476
0.838429 0.532391 0.116606 0.050670 0.136881 -0.989291 -0.542651 0.835358 0.087789 -196.532274 -2.726400 821.472596
0.850825 0.519759 0.077116 0.028937 0.100191 -0.994547 -0.524651 0.848417 0.070205 -197.675497 -1.555200 822.132636
0.859355 0.509431 0.044607 0.013045 0.065363 -0.997776 -0.511213 0.858026 0.049524 -198.505980 -0.700800 822.612116
0.864363 0.502511 0.018967 0.003306 0.032037 -0.999481 -0.502858 0.863977 0.026030 -199.012501 -0.177600 822.904556
0.866025 0.500000 0.000000 0.000000 -0.000000 -1.000000 -0.500000 0.866025 -0.000000 -199.183836 -0.000000 823.003476
0.864988 0.501588 -0.014282 0.002066 -0.032022 -0.999485 -0.501787 0.864514 -0.028735 -199.101806 -0.094720 822.956116
0.861891 0.506426 -0.026012 0.008154 -0.065130 -0.997843 -0.507028 0.859820 -0.060264 -198.860150 -0.373760 822.816596
0.856695 0.514590 -0.035656 0.018092 -0.099057 -0.994917 -0.515507 0.851695 -0.094171 -198.465520 -0.829440 822.588756
0.849295 0.526107 -0.043692 0.031702 -0.133439 -0.990550 -0.526965 0.839884 -0.130008 -197.924566 -1.454080 822.276436
0.839534 0.540946 -0.050602 0.048791 -0.167827 -0.984608 -0.541112 0.824143 -0.167290 -197.243939 -2.240000 821.883476
0.827210 0.559009 -0.056862 0.069144 -0.201698 -0.977004 -0.557623 0.804256 -0.205499 -196.430291 -3.179520 821.413716
0.812093 0.580125 -0.062930 0.092511 -0.234476 -0.967710 -0.576148 0.780049 -0.244084 -195.490272 -4.264960 820.870996
0.793938 0.604044 -0.069234 0.118602 -0.265551 -0.956774 -0.596318 0.751408 -0.282472 -194.430534 -5.488640 820.259156
0.772500 0.630432 -0.076156 0.147080 -0.294299 -0.944328 -0.617747 0.718292 -0.320070 -193.257728 -6.842880 819.582036
0.747545 0.658877 -0.084015 0.177553 -0.320109 -0.930594 -0.640041 0.680743 -0.356282 -191.978504 -8.320000 818.843476
0.718867 0.688891 -0.093056 0.209574 -0.342411 -0.915878 -0.662804 0.638892 -0.390522 -190.599515 -9.912320 818.047316
0.686304 0.719922 -0.103435 0.242637 -0.360697 -0.900569 -0.685648 0.592967 -0.422227 -189.127410 -11.612160 817.197396
0.649751 0.751367 -0.115205 0.276184 -0.374546 -0.885120 -0.708200 0.543290 -0.450877 -187.568842 -13.411840 816.297556
0.609169 0.782592 -0.128311 0.309610 -0.383648 -0.870032 -0.730106 0.490270 -0.476004 -185.930460 -15.303680 815.351636
0.564603 0.812953 -0.142584 0.342274 -0.387817 -0.855831 -0.751047 0.434402 -0.497215 -184.218917 -17.280000 814.363476
0.516187 0.841823 -0.157748 0.373509 -0.387004 -0.843041 -0.770741 0.376246 -0.514195 -182.440863 -19.333120 813.336916
0.464149 0.868614 -0.173423 0.402646 -0.381300 -0.832158 -0.788950 0.316417 -0.526724 -180.602949 -21.455360 812.275796
0.408816 0.892802 -0.189140 0.429022 -0.370933 -0.823619 -0.805487 0.255564 -0.534675 -178.711827 -23.639040 811.183956
0.350612 0.913952 -0.204362 0.452008 -0.356259 -0.817782 -0.820219 0.194351 -0.538022 -176.774147 -25.876480 810.065236
0.290051 0.931732 -0.218508 0.471029 -0.337742 -0.814900 -0.833068 0.133439 -0.536835 -174.796560 -28.160000 808.923476
0.227731 0.945932 -0.230980 0.485577 -0.315937 -0.815107 -0.844010 0.073466 -0.531271 -172.785719 -30.481920 807.762516
0.164316 0.956466 -0.241193 0.495238 -0.291458 -0.818408 -0.853076 0.015029 -0.521570 -170.748273 -32.834560 806.586196
0.100522 0.963375 -0.248603 0.499703 -0.264952 -0.824680 -0.860344 -0.041329 -0.508035 -168.690873 -35.210240 805.398356
0.037097 0.966823 -0.252738 0.498780 -0.237070 -0.833676 -0.865934 -0.095134 -0.491027 -166.620172 -37.601280 804.202836
-0.025201 0.967080 -0.253223 0.492404 -0.208436 -0.845040 -0.870002 -0.145984 -0.470941 -164.542820 -40.000000 803.003476
-0.085628 0.964505 -0.249795 0.480639 -0.179625 -0.858325 -0.872728 -0.193558 -0.448197 -162.465467 -42.398720 801.804116
-0.143474 0.959529 -0.242319 0.463676 -0.151141 -0.873019 -0.874311 -0.237613 -0.423226 -160.394766 -44.789760 800.608596
-0.198087 0.952625 -0.230795 0.441827 -0.123404 -0.888572 -0.874957 -0.277986 -0.396451 -158.337367 -47.165440 799.420756
-0.248894 0.944285 -0.215355 0.415516 -0.096743 -0.904427 -0.874871 -0.314589 -0.368286 -156.299921 -49.518080 798.244436
-0.295414 0.934995 -0.196254 0.385257 -0.071393 -0.920044 -0.874247 -0.347402 -0.339122 -154.289079 -51.840000 797.083476
-0.337273 0.925213 -0.173860 0.351643 -0.047500 -0.934928 -0.873266 -0.376463 -0.309324 -152.311493 -54.123520 795.941716
-0.374215 0.915353 -0.148631 0.315322 -0.025128 -0.948652 -0.872087 -0.401867 -0.279227 -150.373813 -56.360960 794.822996
-0.406103 0.905768 -0.121094 0.276975 -0.004278 -0.960868 -0.870842 -0.423752 -0.249138 -148.482690 -58.544640 793.731156
-0.432922 0.896743 -0.091820 0.237296 0.015104 -0.971320 -0.869637 -0.442294 -0.219332 -146.644777 -60.666880 792.670036
-0.454772 0.888489 -0.061403 0.196971 0.033102 -0.979850 -0.868553 -0.457703 -0.190060 -144.866722 -62.720000 791.643476
-0.471863 0.881146 -0.030433 0.156658 0.049824 -0.986395 -0.867642 -0.470211 -0.161549 -143.155179 -64.696320 790.655316
-0.484503 0.874790 0.000521 0.116974 0.065376 -0.990981 -0.866934 -0.480072 -0.134002 -141.516798 -66.588160 789.709396
-0.493081 0.869433 0.030930 0.078479 0.079859 -0.993712 -0.866436 -0.487553 -0.107609 -139.958229 -68.387840 788.809556
-0.498058 0.865043 0.060315 0.041672 0.093353 -0.994761 -0.866142 -0.492935 -0.082543 -138.486124 -70.087680 787.959636
-0.499946 0.861548 0.088259 0.006981 0.105914 -0.994351 -0.866029 -0.496505 -0.058966 -137.107135 -71.680000 787.163476
-0.499289 0.858850 0.114403 -0.025234 0.117569 -0.992744 -0.866068 -0.498553 -0.037029 -135.827911 -73.157120 786.424916
-0.496653 0.856835 0.138454 -0.054680 0.128314 -0.990225 -0.866225 -0.499369 -0.016876 -134.655105 -74.511360 785.747796
-0.492603 0.855387 0.160174 -0.081126 0.138117 -0.987088 -0.866464 -0.499237 0.001357 -133.595367 -75.735040 785.135956
-0.487695 0.854387 0.179377 -0.104393 0.146921 -0.983624 -0.866750 -0.498434 0.017539 -132.655349 -76.820480 784.593236
-0.482453 0.853730 0.195916 -0.124345 0.154649 -0.980113 -0.867051 -0.497220 0.031546 -131.841700 -77.760000 784.123476
-0.477367 0.853321 0.209673 -0.140876 0.161208 -0.976814 -0.867337 -0.495837 0.043257 -131.161074 -78.545920 783.730516
-0.472873 0.853082 0.220551 -0.153898 0.166495 -0.973958 -0.867587 -0.494501 0.052556 -130.620120 -79.170560 783.418196
-0.469343 0.852951 0.228454 -0.163325 0.170401 -0.971745 -0.867780 -0.493394 0.059332 -130.225489 -79.626240 783.190356
-0.467077 0.852888 0.233284 -0.169067 0.172820 -0.970335 -0.867903 -0.492662 0.063475 -129.983833 -79.905280 783.050836
-0.466290 0.852869 0.234923 -0.171010 0.173648 -0.969846 -0.867945 -0.492404 0.064879 -129.901804 -80.000000 783.003476
