0.866025 -0.000000 0.500000 0.353553 0.707107 -0.612372 -0.353553 0.707107 0.612372 -162.634560 -115.001132 822.998868
0.866540 0.000271 0.499107 0.352032 0.708554 -0.611576 -0.353810 0.705657 0.613895 -162.501227 -114.776128 823.035312
0.868052 0.001085 0.496471 0.347526 0.712822 -0.609188 -0.354557 0.701344 0.618389 -162.106697 -114.112192 823.141297
0.870496 0.002466 0.492169 0.340117 0.719785 -0.605169 -0.355748 0.694192 0.625732 -161.459167 -113.025942 823.311802
0.873786 0.004456 0.486289 0.329879 0.729294 -0.599425 -0.357319 0.684186 0.635777 -160.566839 -111.533994 823.541807
0.877819 0.007119 0.478940 0.316886 0.741172 -0.591817 -0.359190 0.671277 0.648359 -159.437910 -109.652964 823.826291
0.882474 0.010531 0.470243 0.301207 0.755218 -0.582168 -0.361267 0.655389 0.663289 -158.080582 -107.399469 824.160234
0.887620 0.014777 0.460339 0.282916 0.771199 -0.570273 -0.363440 0.636423 0.680351 -156.503052 -104.790125 824.538615
0.893115 0.019951 0.449385 0.262090 0.788847 -0.555904 -0.365587 0.614265 0.699303 -154.713522 -101.841549 824.956412
0.898809 0.026143 0.437561 0.238812 0.807863 -0.538820 -0.367576 0.588791 0.719871 -152.720190 -98.570357 825.408607
0.904545 0.033442 0.425065 0.213177 0.827904 -0.518778 -0.369262 0.559872 0.741747 -150.531255 -94.993166 825.890177
0.910167 0.041923 0.412115 0.185290 0.848590 -0.495542 -0.370492 0.527387 0.764591 -148.154919 -91.126592 826.396103
0.915517 0.051649 0.398951 0.155273 0.869500 -0.468891 -0.371106 0.491224 0.788022 -145.599378 -86.987252 826.921363
0.920441 0.062660 0.385826 0.123265 0.890172 -0.438634 -0.370937 0.451296 0.811627 -142.872835 -82.591763 827.460938
0.924792 0.074971 0.373013 0.089421 0.910104 -0.404616 -0.369816 0.407541 0.834953 -139.983487 -77.956740 828.009806
0.928431 0.088565 0.360795 0.053918 0.928763 -0.366732 -0.367572 0.359938 0.857517 -136.939535 -73.098800 828.562947
0.931230 0.103391 0.349459 0.016952 0.945585 -0.324934 -0.364039 0.308513 0.878804 -133.749177 -68.034560 829.115340
0.933076 0.119360 0.339298 -0.021259 0.959984 -0.279246 -0.359051 0.253345 0.898275 -130.420615 -62.780637 829.661965
0.933873 0.136340 0.330595 -0.060477 0.971365 -0.229764 -0.352455 0.194577 0.915377 -126.962046 -57.353646 830.197801
0.933542 0.154162 0.323624 -0.100445 0.979131 -0.176670 -0.344106 0.132423 0.929546 -123.381670 -51.770204 830.717828
0.932028 0.172611 0.318637 -0.140891 0.982697 -0.120232 -0.333877 0.067167 0.940221 -119.687688 -46.046928 831.217024
0.929294 0.191435 0.315856 -0.181523 0.981505 -0.060807 -0.321655 -0.000827 0.946857 -115.888298 -40.200434 831.690369
0.925328 0.210348 0.315471 -0.222042 0.975037 0.001155 -0.307353 -0.071117 0.948934 -111.991700 -34.247338 832.132843
0.920141 0.229030 0.317625 -0.262136 0.962831 0.065123 -0.290905 -0.143183 0.945977 -108.006094 -28.204258 832.539425
0.913768 0.247140 0.322414 -0.301491 0.944499 0.130480 -0.272272 -0.216433 0.937563 -103.939679 -22.087810 832.905094
0.906265 0.264322 0.329875 -0.339791 0.919735 0.196543 -0.251447 -0.290209 0.923338 -99.800655 -15.914609 833.224830
0.897713 0.280212 0.339990 -0.376726 0.888333 0.262567 -0.228450 -0.363793 0.903031 -95.597221 -9.701274 833.493612
0.888210 0.294451 0.352677 -0.411992 0.850196 0.327764 -0.203334 -0.436424 0.876464 -91.337576 -3.464419 833.706420
0.877875 0.306696 0.367795 -0.445303 0.805342 0.391318 -0.176185 -0.507309 0.843562 -87.029920 2.779338 833.858232
0.866839 0.316629 0.385144 -0.476388 0.753912 0.452407 -0.147119 -0.575642 0.804358 -82.682454 9.013381 833.944028
0.855250 0.323968 0.404466 -0.505001 0.696170 0.510217 -0.116283 -0.640619 0.759003 -78.303375 15.221093 833.958788
0.843261 0.328476 0.425459 -0.530924 0.632502 0.563969 -0.083853 -0.701459 0.707760 -73.900884 21.385859 833.897491
0.831033 0.329970 0.447776 -0.553968 0.563410 0.612934 -0.050031 -0.757422 0.651005 -69.483181 27.491060 833.755117
0.818731 0.328329 0.471042 -0.573981 0.489501 0.656457 -0.015042 -0.807830 0.589223 -65.058464 33.520082 833.526644
0.806514 0.323493 0.494860 -0.590846 0.411474 0.693967 0.020872 -0.852080 0.522995 -60.634933 39.456307 833.207052
0.794541 0.315474 0.518826 -0.604486 0.330109 0.725000 0.057450 -0.889665 0.452985 -56.220788 45.283119 832.791321
0.782961 0.304348 0.542536 -0.614863 0.246241 0.749205 0.094425 -0.920183 0.379929 -51.824229 50.983902 832.274429
0.771909 0.290258 0.565603 -0.621979 0.160746 0.766357 0.131523 -0.943351 0.304616 -47.453454 56.542038 831.651357
0.761510 0.273406 0.587666 -0.625875 0.074518 0.776355 0.168469 -0.959008 0.227864 -43.116664 61.940912 830.917083
0.751872 0.254051 0.608397 -0.626631 -0.011554 0.779230 0.204994 -0.967122 0.150509 -38.822058 67.163907 830.066588
0.743082 0.232497 0.627515 -0.624360 -0.096606 0.775140 0.240840 -0.967787 0.073376 -34.577835 72.194407 829.094849
0.735210 0.209085 0.644787 -0.619212 -0.179817 0.764358 0.275760 -0.961223 -0.002735 -30.392194 77.015794 827.996848
0.728306 0.184184 0.660035 -0.611361 -0.260430 0.747271 0.309528 -0.947762 -0.077070 -26.273337 81.611453 826.767563
0.722399 0.158178 0.673142 -0.601013 -0.337764 0.724361 0.341941 -0.927844 -0.148933 -22.229461 85.964768 825.401973
0.717497 0.131458 0.684045 -0.588390 -0.411230 0.696194 0.372820 -0.902002 -0.217708 -18.268767 90.059120 823.895058
0.713590 0.104409 0.692739 -0.573736 -0.480338 0.663402 0.402015 -0.870847 -0.282861 -14.399453 93.877895 822.241797
0.710650 0.077404 0.699275 -0.557305 -0.544703 0.626665 0.429404 -0.835049 -0.343956 -10.629720 97.404475 820.437170
0.708632 0.050793 0.703748 -0.539360 -0.604049 0.586700 0.454898 -0.795327 -0.400652 -6.967768 100.622245 818.476156
0.707475 0.024896 0.706300 -0.520169 -0.658205 0.544234 0.478439 -0.752427 -0.452713 -3.421794 103.514587 816.353735
0.707107 -0.000000 0.707107 -0.500000 -0.707107 0.500000 0.500000 -0.707107 -0.500000 0.000000 106.064885 814.064885
0.707460 -0.024199 0.706339 -0.478704 -0.751657 0.453711 0.519945 -0.659110 -0.543352 3.424967 108.310718 811.467083
0.708517 -0.048079 0.704054 -0.456000 -0.792609 0.404765 0.538578 -0.607832 -0.583501 6.980435 110.305684 808.433858
0.710271 -0.071488 0.700288 -0.431966 -0.829759 0.353419 0.555806 -0.553524 -0.620235 10.658168 112.057197 804.984271
0.712711 -0.094280 0.695094 -0.406681 -0.862927 0.299945 0.571537 -0.496455 -0.653359 14.449932 113.572671 801.137380
0.715818 -0.116311 0.688532 -0.380232 -0.891954 0.244627 0.585686 -0.436910 -0.682702 18.347493 114.859520 796.912248
0.719574 -0.137444 0.680678 -0.352708 -0.916702 0.187760 0.598172 -0.375187 -0.708113 22.342613 115.925159 792.327932
0.723952 -0.157550 0.671618 -0.324204 -0.937061 0.129648 0.608921 -0.311600 -0.729466 26.427060 116.777001 787.403495
0.728923 -0.176506 0.661451 -0.294817 -0.952942 0.070601 0.617862 -0.246470 -0.746658 30.592597 117.422460 782.157995
0.734452 -0.194199 0.650282 -0.264650 -0.964283 0.010934 0.624932 -0.180128 -0.759614 34.830990 117.868951 776.610493
0.740501 -0.210525 0.638230 -0.233806 -0.971046 -0.049035 0.630074 -0.112911 -0.768282 39.134003 118.123887 770.780048
0.747027 -0.225392 0.625420 -0.202392 -0.973221 -0.108989 0.633237 -0.045162 -0.772639 43.493403 118.194682 764.685722
0.753983 -0.238719 0.611983 -0.170516 -0.970821 -0.168612 0.634377 0.022777 -0.772688 47.900953 118.088750 758.346573
0.761318 -0.250439 0.598060 -0.138290 -0.963887 -0.227590 0.633460 0.090563 -0.768458 52.348418 117.813505 751.781662
0.768978 -0.260495 0.583794 -0.105823 -0.952483 -0.285617 0.630456 0.157855 -0.760005 56.827565 117.376362 745.010050
0.776906 -0.268846 0.569332 -0.073227 -0.936698 -0.342395 0.625344 0.224318 -0.747413 61.330157 116.784735 738.050795
0.785040 -0.275464 0.554826 -0.040615 -0.916644 -0.397635 0.618112 0.289625 -0.730790 65.847959 116.046036 730.922959
0.793317 -0.280336 0.540426 -0.008097 -0.892457 -0.451060 0.608755 0.353457 -0.710271 70.372738 115.167681 723.645601
0.801669 -0.283463 0.526284 0.024216 -0.864293 -0.502405 0.597277 0.415507 -0.686013 74.896257 114.157083 716.237782
0.810029 -0.284859 0.512550 0.056215 -0.832329 -0.551424 0.583688 0.475482 -0.658198 79.410281 113.021657 708.718560
0.818326 -0.284553 0.499372 0.087794 -0.796761 -0.597883 0.568010 0.533105 -0.627028 83.906576 111.768816 701.106998
0.826486 -0.282590 0.486891 0.118849 -0.757802 -0.641569 0.550268 0.588115 -0.592728 88.376907 110.405974 693.422154
0.834437 -0.279024 0.475247 0.149278 -0.715681 -0.682288 0.530500 0.640271 -0.555538 92.813038 108.940546 685.683088
0.842104 -0.273927 0.464570 0.178983 -0.670639 -0.719867 0.508749 0.689353 -0.515719 97.206735 107.379945 677.908861
0.849411 -0.267380 0.454982 0.207870 -0.622931 -0.754153 0.485068 0.735163 -0.473544 101.549763 105.731585 670.118533
0.856283 -0.259476 0.446600 0.235850 -0.572822 -0.785016 0.459515 0.777526 -0.429300 105.833886 104.002881 662.331164
0.862645 -0.250320 0.439526 0.262837 -0.520584 -0.812348 0.432157 0.816292 -0.383286 110.050870 102.201246 654.565814
0.868423 -0.240026 0.433853 0.288752 -0.466495 -0.836065 0.403068 0.851334 -0.335807 114.192479 100.334095 646.841542
0.873543 -0.228718 0.429664 0.313519 -0.410838 -0.856106 0.372329 0.882553 -0.287177 118.250479 98.408841 639.177410
0.877932 -0.216525 0.427027 0.337071 -0.353898 -0.872433 0.340027 0.909876 -0.237714 122.216634 96.432899 631.592477
0.881521 -0.203584 0.425998 0.359344 -0.295958 -0.885032 0.306256 0.933254 -0.187736 126.082710 94.413682 624.105803
0.884241 -0.190038 0.426618 0.380283 -0.237301 -0.893909 0.271114 0.952667 -0.137563 129.840472 92.358604 616.736448
0.886027 -0.176033 0.428915 0.399836 -0.178206 -0.899096 0.234705 0.968119 -0.087511 133.481684 90.275080 609.503473
0.886816 -0.161716 0.432903 0.417963 -0.118945 -0.900644 0.197140 0.979643 -0.037891 136.998111 88.170523 602.425937
0.886549 -0.147238 0.438580 0.434625 -0.059783 -0.898625 0.158531 0.987293 0.010993 140.381519 86.052348 595.522900
0.885169 -0.132747 0.445930 0.449795 -0.000976 -0.893131 0.118996 0.991149 0.058845 143.623672 83.927969 588.813423
0.882625 -0.118392 0.454924 0.463450 0.057231 -0.884273 0.078655 0.991316 0.105383 146.716336 81.804798 582.316566
0.878869 -0.104318 0.465517 0.475576 0.114605 -0.872177 0.037633 0.987919 0.150334 149.651276 79.690252 576.051388
0.873858 -0.090663 0.477652 0.486165 0.170927 -0.856988 -0.003947 0.981103 0.193443 152.420256 77.591742 570.036950
0.867554 -0.077564 0.491258 0.495216 0.225993 -0.838861 -0.045955 0.971036 0.234472 155.015041 75.516685 564.292312
0.859922 -0.065149 0.506251 0.502737 0.279613 -0.817969 -0.088264 0.957900 0.273198 157.427397 73.472493 558.836533
0.850934 -0.053538 0.522537 0.508741 0.331614 -0.794490 -0.130745 0.941895 0.309419 159.649088 71.466580 553.688675
0.840568 -0.042843 0.540010 0.513248 0.381843 -0.768617 -0.173269 0.923234 0.342953 161.671880 69.506361 548.867796
0.828805 -0.033164 0.558553 0.516286 0.430160 -0.740548 -0.215708 0.902143 0.373641 163.487537 67.599250 544.392958
0.815635 -0.024593 0.578044 0.517889 0.476447 -0.710485 -0.257934 0.878859 0.401343 165.087824 65.752660 540.283220
0.801051 -0.017210 0.598349 0.518097 0.520601 -0.678638 -0.299822 0.853626 0.425944 166.464507 63.974005 536.557642
0.785052 -0.011080 0.619331 0.516955 0.562541 -0.645217 -0.341250 0.826695 0.447352 167.609350 62.270701 533.235284
0.767644 -0.006260 0.640846 0.514515 0.602200 -0.610434 -0.382096 0.798321 0.465496 168.514119 60.650159 530.335207
0.748838 -0.002790 0.662747 0.510834 0.639531 -0.574499 -0.422245 0.768760 0.480330 169.170578 59.119796 527.876470
0.728651 -0.000698 0.684885 0.505973 0.674505 -0.537619 -0.461583 0.738270 0.491832 169.570493 57.687024 525.878133
0.707107 -0.000000 0.707107 0.500000 0.707107 -0.500000 -0.500000 0.707107 0.500000 169.705627 56.359258 524.359258
0.683736 -0.000276 0.729730 0.492866 0.737618 -0.461522 -0.538135 0.675218 0.504471 169.663540 55.090307 523.149827
0.657999 -0.001183 0.753018 0.484470 0.766219 -0.422134 -0.576478 0.642578 0.504744 169.538637 53.828642 522.064802
0.629835 -0.002823 0.776724 0.474822 0.792786 -0.382145 -0.614697 0.609494 0.500665 169.332954 52.573667 521.100707
0.599206 -0.005272 0.800578 0.463962 0.817226 -0.341878 -0.652450 0.576293 0.492133 169.048527 51.324784 520.254064
0.566102 -0.008575 0.824291 0.451960 0.839484 -0.301661 -0.689392 0.543317 0.479109 168.687394 50.081398 519.521398
0.530541 -0.012746 0.847563 0.438913 0.859539 -0.261816 -0.725177 0.510911 0.461616 168.251590 48.842912 518.899232
0.492576 -0.017766 0.870088 0.424950 0.877406 -0.222658 -0.759465 0.479420 0.439739 167.743152 47.608729 518.384089
0.452290 -0.023582 0.891559 0.410224 0.893130 -0.184484 -0.791928 0.449179 0.413628 167.164116 46.378253 517.972493
0.409801 -0.030111 0.911678 0.394915 0.906789 -0.147565 -0.822256 0.420507 0.383495 166.516519 45.150888 517.660968
0.365262 -0.037236 0.930160 0.379220 0.918485 -0.112146 -0.850162 0.393698 0.349609 165.802398 43.926037 517.446037
0.318859 -0.044814 0.946742 0.363358 0.928342 -0.078434 -0.875386 0.369016 0.312294 165.023789 42.703103 517.324223
0.270808 -0.052676 0.961191 0.347557 0.936500 -0.046599 -0.897701 0.346688 0.271920 164.182728 41.481491 517.292051
0.221358 -0.060633 0.973306 0.332055 0.943111 -0.016767 -0.916919 0.326902 0.228899 163.281251 40.260603 517.346043
0.170780 -0.068482 0.982926 0.317090 0.948332 0.010979 -0.932892 0.309801 0.183672 162.321396 39.039843 517.482723
0.119371 -0.076010 0.989936 0.302899 0.952320 0.036597 -0.945517 0.295482 0.136703 161.305199 37.818615 517.698615
0.067444 -0.083002 0.994265 0.289710 0.955226 0.060091 -0.954735 0.283995 0.088471 160.234696 36.596322 517.990242
0.015325 -0.089246 0.995892 0.277736 0.957194 0.081504 -0.960535 0.275346 0.039455 159.111923 35.372368 518.354128
-0.036654 -0.094541 0.994846 0.267173 0.958350 0.100916 -0.962951 0.269495 -0.009868 157.938918 34.146156 518.786796
-0.088156 -0.098703 0.991204 0.258194 0.958805 0.118441 -0.962063 0.266364 -0.059040 156.717716 32.917090 519.284770
-0.138852 -0.101572 0.985090 0.250941 0.958652 0.134217 -0.957992 0.265836 -0.107623 155.450355 31.684574 519.844574
-0.188422 -0.103012 0.976671 0.245530 0.957962 0.148407 -0.950901 0.267765 -0.155208 154.138870 30.448010 520.462730
-0.236560 -0.102923 0.966150 0.242043 0.956783 0.161189 -0.940986 0.271981 -0.201425 152.785298 29.206803 521.135763
-0.282983 -0.101239 0.953767 0.240527 0.955146 0.172750 -0.928476 0.278292 -0.245940 151.391675 27.960355 521.860195
-0.327434 -0.097934 0.939785 0.240994 0.953063 0.183284 -0.913624 0.286496 -0.288463 149.960038 26.708072 522.632552
-0.369683 -0.093020 0.924490 0.243423 0.950528 0.192980 -0.896705 0.296384 -0.328751 148.492424 25.449355 523.449355
-0.409538 -0.086549 0.908179 0.247759 0.947524 0.202024 -0.878006 0.307746 -0.366603 146.990869 24.183609 524.307129
-0.446837 -0.078611 0.891155 0.253916 0.944022 0.210592 -0.857825 0.320379 -0.401863 145.457409 22.910237 525.202397
-0.481461 -0.069336 0.873720 0.261779 0.939988 0.218847 -0.836461 0.334088 -0.434417 143.894080 21.628642 526.131682
-0.513328 -0.058883 0.856170 0.271206 0.935386 0.226936 -0.814213 0.348691 -0.464190 142.302920 20.338229 527.091509
-0.542392 -0.047447 0.838784 0.282035 0.930180 0.234992 -0.791370 0.364025 -0.491141 140.685965 19.038400 528.078400
-0.568650 -0.035246 0.821824 0.294085 0.924338 0.243130 -0.768213 0.379943 -0.515259 139.045251 17.728560 529.088880
-0.592131 -0.022519 0.805527 0.307163 0.917837 0.251450 -0.745005 0.396319 -0.536562 137.382815 16.408111 530.119471
-0.612900 -0.009526 0.790103 0.321062 0.910660 0.260035 -0.721992 0.413048 -0.555085 135.700693 15.076458 531.166698
-0.631056 0.003464 0.775730 0.335574 0.902802 0.268958 -0.699399 0.430042 -0.570881 134.000921 13.733004 532.227084
-0.646722 0.016175 0.762554 0.350486 0.894271 0.278279 -0.677429 0.447233 -0.584014 132.285537 12.377152 533.297152
-0.660049 0.028324 0.750689 0.365587 0.885084 0.288050 -0.656264 0.464569 -0.594553 130.556576 11.008305 534.373425
-0.671206 0.039633 0.740210 0.380671 0.875269 0.298320 -0.636060 0.482011 -0.602573 128.816075 9.625868 535.452428
-0.680381 0.049826 0.731163 0.395539 0.864862 0.309130 -0.616953 0.499530 -0.608144 127.066070 8.229245 536.530685
-0.687771 0.058636 0.723556 0.410003 0.853909 0.320525 -0.599056 0.517108 -0.611335 125.308599 6.817837 537.604717
-0.693583 0.065805 0.717365 0.423882 0.842457 0.332550 -0.582466 0.534729 -0.612208 123.545697 5.391050 538.671050
-0.698026 0.071087 0.712535 0.437011 0.830556 0.345251 -0.567257 0.552380 -0.610816 121.779401 3.948286 539.726206
-0.701308 0.074249 0.708981 0.449236 0.818251 0.358681 -0.553493 0.570046 -0.607201 120.011747 2.488949 540.766709
-0.703631 0.075071 0.706588 0.460414 0.805584 0.372899 -0.541222 0.587707 -0.601398 118.244772 1.012443 541.789083
-0.705190 0.073350 0.705214 0.470418 0.792584 0.387965 -0.530485 0.605335 -0.593427 116.480512 -0.481829 542.789851
-0.706162 0.068894 0.704690 0.479131 0.779269 0.403947 -0.521314 0.622891 -0.583300 114.721004 -1.994463 543.765537
-0.706712 0.061530 0.704821 0.486448 0.765637 0.420914 -0.513738 0.640323 -0.571016 112.968284 -3.526056 544.712664
-0.706979 0.051096 0.705386 0.492273 0.751666 0.438937 -0.507787 0.657562 -0.556565 111.224389 -5.077205 545.627755
-0.707081 0.037446 0.706140 0.496523 0.737308 0.458085 -0.503489 0.674518 -0.539929 109.491356 -6.648505 546.507335
-0.707105 0.020452 0.706813 0.499121 0.722490 0.478421 -0.500880 0.691079 -0.521084 107.771219 -8.240553 547.347927
-0.707107 -0.000000 0.707107 0.500000 0.707107 0.500000 -0.500000 0.707107 -0.500000 106.066017 -9.853946 548.146054
-0.707105 -0.024691 0.706678 0.498978 0.690697 0.523411 -0.501023 0.722723 -0.476075 104.363247 -11.490566 548.917514
-0.707072 -0.054156 0.705065 0.495972 0.672718 0.549056 -0.504044 0.737915 -0.448800 102.648825 -13.151377 549.681263
-0.706937 -0.088104 0.701768 0.491084 0.652907 0.576671 -0.508996 0.752297 -0.418297 100.922409 -14.835604 550.438556
-0.706584 -0.126198 0.696285 0.484426 0.630992 0.605954 -0.515820 0.765457 -0.384715 99.183662 -16.542465 551.190655
-0.705866 -0.168055 0.688121 0.476122 0.606701 0.636570 -0.524463 0.776963 -0.348235 97.432243 -18.271185 551.938815
-0.704608 -0.213242 0.676798 0.466308 0.579779 0.668142 -0.534869 0.786374 -0.309080 95.667814 -20.020984 552.684296
-0.702612 -0.261272 0.661871 0.455132 0.549995 0.700257 -0.546984 0.793248 -0.267520 93.890034 -21.791084 553.428356
-0.699668 -0.311604 0.642937 0.442756 0.517160 0.732470 -0.560742 0.797150 -0.223876 92.098565 -23.580707 554.172253
-0.695555 -0.363645 0.619650 0.429356 0.481134 0.764306 -0.576070 0.797667 -0.178522 90.293067 -25.389075 554.917245
-0.690052 -0.416753 0.591730 0.415117 0.441834 0.795274 -0.592879 0.794418 -0.131887 88.473200 -27.215409 555.664591
-0.682941 -0.470248 0.558981 0.400240 0.399248 0.824869 -0.611065 0.787063 -0.084450 86.638626 -29.058931 556.415549
-0.674012 -0.523416 0.521290 0.384935 0.353437 0.852589 -0.630502 0.775318 -0.036739 84.789004 -30.918864 557.171376
-0.663075 -0.575527 0.478644 0.369419 0.304539 0.877944 -0.651046 0.758963 0.010679 82.923996 -32.794428 557.933332
-0.649958 -0.625842 0.431134 0.353917 0.252769 0.900472 -0.672531 0.737855 0.057206 81.043262 -34.684846 558.702674
-0.634518 -0.673633 0.378954 0.338652 0.198421 0.919752 -0.694768 0.711932 0.102226 79.146462 -36.589339 559.480661
-0.616641 -0.718199 0.322404 0.323850 0.141858 0.935413 -0.717548 0.681225 0.145113 77.233257 -38.507129 560.268551
-0.596251 -0.758881 0.261886 0.309726 0.083506 0.947152 -0.740645 0.645853 0.185255 75.303308 -40.437438 561.067602
-0.573308 -0.795082 0.197895 0.296489 0.023845 0.954738 -0.763814 0.606033 0.222063 73.356276 -42.379487 561.879073
-0.547814 -0.826278 0.131014 0.284330 -0.036604 0.958027 -0.786801 0.562072 0.254988 71.391820 -44.332499 562.704221
-0.519813 -0.852035 0.061893 0.273421 -0.097295 0.956961 -0.809342 0.514364 0.283540 69.409602 -46.295695 563.544305
-0.489390 -0.872021 -0.008760 0.263912 -0.157670 0.951573 -0.831172 0.463379 0.307299 67.409281 -48.268297 564.400583
-0.456673 -0.886012 -0.080202 0.255923 -0.217178 0.941986 -0.852029 0.409654 0.325930 65.390520 -50.249526 565.274314
-0.421828 -0.893900 -0.151669 0.249547 -0.275285 0.928410 -0.871658 0.353780 0.339193 63.352978 -52.238605 566.166755
-0.385057 -0.895694 -0.222403 0.244844 -0.331494 0.911133 -0.889822 0.296384 0.346950 61.296315 -54.234755 567.079165
-0.346597 -0.891516 -0.291666 0.241839 -0.385358 0.890513 -0.906302 0.238113 0.349168 59.220193 -56.237198 568.012802
-0.306711 -0.881600 -0.358761 0.240527 -0.436485 0.866965 -0.920910 0.179616 0.345923 57.124272 -58.245156 568.968924
-0.265685 -0.866280 -0.423050 0.240866 -0.484552 0.840948 -0.933485 0.121529 0.337395 55.008212 -60.257850 569.948790
-0.223823 -0.845978 -0.483968 0.242785 -0.529308 0.812950 -0.943906 0.064457 0.323862 52.871675 -62.274502 570.953658
-0.181439 -0.821194 -0.541036 0.246185 -0.570579 0.783475 -0.952089 0.008958 0.305691 50.714321 -64.294335 571.984785
-0.138852 -0.792489 -0.593870 0.250941 -0.608263 0.753024 -0.957992 -0.044467 0.283327 48.535809 -66.316569 573.043431
-0.096382 -0.760467 -0.642184 0.256906 -0.642333 0.722086 -0.961618 -0.095385 0.257278 46.335802 -68.340427 574.130853
-0.054340 -0.725762 -0.685797 0.263916 -0.672827 0.691124 -0.963014 -0.143437 0.228101 44.113960 -70.365130 575.248310
-0.013026 -0.689017 -0.724628 0.271796 -0.699843 0.660565 -0.962267 -0.188346 0.196389 41.869942 -72.389900 576.397060
0.027272 -0.650877 -0.758693 0.280363 -0.723532 0.630791 -0.959507 -0.229913 0.162749 39.603410 -74.413959 577.578361
0.066291 -0.611968 -0.788099 0.289431 -0.744085 0.602136 -0.954901 -0.268016 0.127796 37.314025 -76.436529 578.793471
0.103785 -0.572888 -0.813036 0.298814 -0.761726 0.574878 -0.948651 -0.302611 0.092132 35.001446 -78.456831 580.043649
0.139534 -0.534202 -0.833762 0.308336 -0.776699 0.549242 -0.940989 -0.333717 0.056337 32.665335 -80.474087 581.330153
0.173342 -0.496428 -0.850595 0.317824 -0.789265 0.525403 -0.932170 -0.361414 0.020964 30.305352 -82.487520 582.654240
0.205035 -0.460039 -0.863901 0.327122 -0.799686 0.503482 -0.922470 -0.385833 -0.013475 27.921158 -84.496349 584.017171
0.234467 -0.425458 -0.874077 0.336084 -0.808221 0.483555 -0.912180 -0.407141 -0.046511 25.512413 -86.499799 585.420201
0.261507 -0.393059 -0.881543 0.344580 -0.815122 0.465662 -0.901598 -0.425536 -0.077720 23.078777 -88.497089 586.864591
0.286048 -0.363170 -0.886727 0.352494 -0.820623 0.449807 -0.891024 -0.441233 -0.106722 20.619913 -90.487443 588.351597
0.307996 -0.336072 -0.890053 0.359727 -0.824942 0.435967 -0.880758 -0.454452 -0.133185 18.135479 -92.470081 589.882479
0.327269 -0.312011 -0.891933 0.366192 -0.828274 0.424105 -0.871091 -0.465415 -0.156812 15.625137 -94.444225 591.458495
0.343792 -0.291199 -0.892754 0.371813 -0.830793 0.414171 -0.862300 -0.474327 -0.177348 13.088547 -96.409098 593.080902
0.357495 -0.273823 -0.892871 0.376528 -0.832647 0.406111 -0.854648 -0.481374 -0.194565 10.525369 -98.363921 594.750959
0.368306 -0.260049 -0.892595 0.380279 -0.833957 0.399878 -0.848374 -0.486713 -0.208260 7.935265 -100.307916 596.469924
0.376146 -0.250031 -0.892188 0.383017 -0.834823 0.395435 -0.843690 -0.490464 -0.218249 5.317896 -102.240305 598.239055
0.380927 -0.243915 -0.891852 0.384693 -0.835314 0.392762 -0.840777 -0.492702 -0.224361 2.672920 -104.160308 600.059612
0.382546 -0.241845 -0.891723 0.385261 -0.835473 0.391865 -0.839781 -0.493453 -0.226434 0.000000 -106.067149 601.932851
0.378842 -0.245151 -0.892401 0.383961 -0.835735 0.392583 -0.842053 -0.491374 -0.222483 -2.773160 -107.902487 604.019353
0.367877 -0.254901 -0.894255 0.380130 -0.836442 0.394799 -0.848627 -0.485170 -0.210812 -5.712518 -109.610969 606.467751
0.349806 -0.270833 -0.896819 0.373877 -0.837400 0.398720 -0.858983 -0.474775 -0.191669 -8.808910 -111.196297 609.261383
0.324721 -0.292658 -0.899393 0.365331 -0.838310 0.404684 -0.872404 -0.459986 -0.165300 -12.053172 -112.662173 612.383587
0.292684 -0.320039 -0.901061 0.354666 -0.838776 0.413119 -0.888002 -0.440489 -0.131989 -15.436141 -114.012301 615.817699
0.253762 -0.352562 -0.900725 0.342122 -0.838297 0.424513 -0.904742 -0.415883 -0.092109 -18.948652 -115.250382 619.547058
0.208076 -0.389711 -0.897123 0.328034 -0.836275 0.439362 -0.921465 -0.385707 -0.046170 -22.581540 -116.380118 623.555002
0.155838 -0.430834 -0.888874 0.312855 -0.832013 0.458123 -0.936929 -0.349481 0.005129 -26.325642 -117.405212 627.824868
0.097396 -0.475113 -0.874518 0.297171 -0.824728 0.481159 -0.949844 -0.306744 0.060864 -30.171794 -118.329366 632.339994
0.033278 -0.521542 -0.852577 0.281710 -0.813566 0.508674 -0.958922 -0.257107 0.119850 -34.110831 -119.156284 637.083716
-0.035782 -0.568910 -0.821621 0.267339 -0.797634 0.540657 -0.962938 -0.200305 0.180632 -38.133590 -119.889666 642.039374
-0.108813 -0.615798 -0.780354 0.255040 -0.776033 0.576825 -0.960788 -0.136255 0.241495 -42.230906 -120.533215 647.190305
-0.184597 -0.660590 -0.727698 0.245885 -0.747918 0.616571 -0.951559 -0.065113 0.300492 -46.393615 -121.090634 652.519846
-0.261671 -0.701505 -0.662886 0.240984 -0.712551 0.658937 -0.934588 0.012680 0.355505 -50.612554 -121.565624 658.011336
-0.338349 -0.736645 -0.585555 0.241425 -0.669380 0.702598 -0.909524 0.096355 0.404328 -54.878557 -121.961890 663.648110
-0.412759 -0.764064 -0.495819 0.248206 -0.618105 0.745882 -0.876370 0.184804 0.444774 -59.182462 -122.283131 669.413509
-0.482903 -0.781860 -0.394335 0.262157 -0.558749 0.786812 -0.835511 0.276577 0.474792 -63.515103 -122.533052 675.290868
-0.546731 -0.788273 -0.282331 0.283864 -0.491718 0.823185 -0.787722 0.369917 0.492600 -67.867317 -122.715354 681.263526
-0.602225 -0.781797 -0.161614 0.313606 -0.417840 0.852679 -0.734150 0.462821 0.496809 -72.229939 -122.833740 687.314820
-0.647498 -0.761285 -0.034523 0.351296 -0.338377 0.872979 -0.676268 0.553124 0.486534 -76.593807 -122.891911 693.428089
-0.680889 -0.726049 0.096139 0.396450 -0.255011 0.881928 -0.615807 0.638609 0.461476 -80.949754 -122.893571 699.586669
-0.701055 -0.675937 0.227225 0.448178 -0.169793 0.877671 -0.554669 0.717133 0.421974 -85.288618 -122.842422 705.773898
-0.707050 -0.611378 0.355383 0.505203 -0.085054 0.858799 -0.494824 0.786754 0.369008 -89.601234 -122.742165 711.973115
-0.698380 -0.533402 0.477229 0.565906 -0.003298 0.824463 -0.438197 0.845855 0.304158 -93.878438 -122.596504 718.167656
-0.675042 -0.443608 0.589517 0.628403 0.072944 0.774460 -0.386558 0.893248 0.229524 -98.111066 -122.409141 724.340859
-0.637531 -0.344097 0.689313 0.690640 0.141253 0.709270 -0.341425 0.928248 0.147594 -102.289954 -122.183777 730.476063
-0.586810 -0.237378 0.774148 0.750500 0.199470 0.630049 -0.303979 0.950717 0.061101 -106.405938 -121.924116 736.556604
-0.524272 -0.126232 0.842143 0.805921 0.245830 0.538571 -0.275009 0.961058 -0.027149 -110.449853 -121.633860 742.565820
-0.451656 -0.013564 0.892089 0.855011 0.279063 0.437127 -0.254878 0.960177 -0.114442 -114.412536 -121.316710 748.487050
-0.370961 0.097743 0.923490 0.896148 0.298463 0.328388 -0.243530 0.949403 -0.198310 -118.284822 -120.976370 754.303630
-0.284343 0.204985 0.936552 0.928064 0.303917 0.215247 -0.240512 0.930385 -0.276656 -122.057548 -120.616542 759.998898
-0.194011 0.305759 0.932133 0.949905 0.295889 0.100652 -0.245032 0.904965 -0.347848 -125.721549 -120.240927 765.556193
-0.102124 0.398071 0.911652 0.961259 0.275361 -0.012555 -0.256032 0.875052 -0.410770 -129.267661 -119.853229 770.958851
-0.010703 0.480402 0.876983 0.962162 0.243749 -0.121781 -0.272267 0.842496 -0.464834 -132.686721 -119.457150 776.190210
0.078444 0.551748 0.830314 0.953073 0.202783 -0.224792 -0.292402 0.808983 -0.509948 -135.969563 -119.056392 781.233608
0.163775 0.611614 0.774020 0.934823 0.154391 -0.319796 -0.315093 0.775946 -0.546465 -139.107024 -118.654657 786.072383
0.244044 0.659991 0.710531 0.908558 0.100568 -0.405474 -0.339065 0.744512 -0.575097 -142.089940 -118.255648 790.689872
0.318318 0.697298 0.642221 0.875657 0.043260 -0.480991 -0.363177 0.715474 -0.596824 -144.909146 -117.863067 795.069413
0.385967 0.724316 0.571311 0.837660 -0.015730 -0.545965 -0.386465 0.689289 -0.612801 -147.555479 -117.480616 799.194344
0.446638 0.742100 0.499801 0.796184 -0.074815 -0.600411 -0.408173 0.666100 -0.624264 -150.019775 -117.111998 803.048002
0.500225 0.751910 0.429426 0.752858 -0.132676 -0.644671 -0.427760 0.645778 -0.632450 -152.292868 -116.760915 806.613725
0.546820 0.755123 0.361631 0.709263 -0.188275 -0.679336 -0.444897 0.627966 -0.638534 -154.365596 -116.431069 809.874851
0.586668 0.753175 0.297571 0.666885 -0.240852 -0.705163 -0.459441 0.612142 -0.643581 -156.228794 -116.126164 812.814716
0.620114 0.747499 0.238125 0.627082 -0.289898 -0.722999 -0.471409 0.597666 -0.648513 -157.873299 -115.849900 815.416660
0.647560 0.739487 0.183917 0.591069 -0.335110 -0.733716 -0.480941 0.583832 -0.654092 -159.289945 -115.605981 817.664019
0.669411 0.730457 0.135354 0.559910 -0.376336 -0.738155 -0.488252 0.569915 -0.660914 -160.469568 -115.398108 819.540132
0.686044 0.721635 0.092659 0.534517 -0.413511 -0.737089 -0.493594 0.555203 -0.669413 -161.403006 -115.229985 821.028335
0.697761 0.714145 0.055905 0.515662 -0.446592 -0.731196 -0.497214 0.539029 -0.679873 -162.081093 -115.105313 822.111967
0.704761 0.709002 0.025057 0.503986 -0.475488 -0.721048 -0.499310 0.520795 -0.692432 -162.494666 -115.027794 822.774366
0.707107 0.707107 0.000000 0.500000 -0.500000 -0.707107 -0.500000 0.500000 -0.707107 -162.634560 -115.001132 822.998868
0.705643 0.708250 -0.021232 0.502492 -0.521320 -0.689730 -0.499570 0.476034 -0.723755 -162.567583 -115.020749 822.884531
0.701294 0.711708 -0.040723 0.509809 -0.540639 -0.669181 -0.498278 0.448532 -0.741983 -162.370271 -115.078540 822.547700
0.694080 0.717491 -0.058814 0.521676 -0.557586 -0.645718 -0.496091 0.417498 -0.761307 -162.048057 -115.172915 821.997645
0.683968 0.725558 -0.075852 0.537772 -0.571723 -0.619624 -0.492939 0.383012 -0.781225 -161.606370 -115.302282 821.243638
0.670877 0.735817 -0.092175 0.557732 -0.582572 -0.591223 -0.488731 0.345229 -0.801223 -161.050640 -115.465051 820.294949
0.654700 0.748118 -0.108111 0.581146 -0.589633 -0.560895 -0.483361 0.304389 -0.820798 -160.386300 -115.659632 819.160848
0.635303 0.762249 -0.123960 0.607555 -0.592413 -0.529079 -0.476725 0.260813 -0.839470 -159.618778 -115.884434 817.850606
0.612547 0.777940 -0.139984 0.636458 -0.590447 -0.496280 -0.468729 0.214901 -0.856802 -158.753505 -116.137867 816.373493
0.586293 0.794858 -0.156401 0.667308 -0.583326 -0.463067 -0.459305 0.167125 -0.872415 -157.795913 -116.418339 814.738781
0.556418 0.812615 -0.173365 0.699515 -0.570725 -0.430060 -0.448417 0.118022 -0.885998 -156.751431 -116.724261 812.955739
0.522826 0.830775 -0.190960 0.732456 -0.552417 -0.397923 -0.436074 0.068174 -0.897325 -155.625491 -117.054041 811.033639
0.485460 0.848862 -0.209191 0.765479 -0.528300 -0.367342 -0.422339 0.018198 -0.906255 -154.423523 -117.406089 808.981751
0.444315 0.866378 -0.227975 0.797913 -0.498408 -0.339004 -0.407330 -0.031280 -0.912745 -153.150957 -117.778815 806.809345
0.399447 0.882817 -0.247138 0.829085 -0.462916 -0.313571 -0.391230 -0.079643 -0.916840 -151.813224 -118.170628 804.525692
0.350979 0.897684 -0.266415 0.858328 -0.422149 -0.291655 -0.374280 -0.126307 -0.918673 -150.415754 -118.579937 802.140063
0.299116 0.910519 -0.285457 0.885006 -0.376570 -0.273788 -0.356784 -0.170737 -0.918452 -148.963979 -119.005152 799.661728
0.244138 0.920912 -0.303840 0.908522 -0.326769 -0.260404 -0.339095 -0.212470 -0.916445 -147.463329 -119.444683 797.099957
0.186410 0.928525 -0.321079 0.928341 -0.273448 -0.251812 -0.321612 -0.251130 -0.912962 -145.919234 -119.896938 794.464022
0.126377 0.933111 -0.336649 0.944005 -0.217392 -0.248184 -0.304768 -0.286434 -0.908335 -144.337125 -120.360327 791.763193
0.064554 0.934521 -0.350006 0.955147 -0.159442 -0.249546 -0.289011 -0.318198 -0.902897 -142.722433 -120.833259 789.006741
0.001525 0.932714 -0.360613 0.961502 -0.100462 -0.255775 -0.274793 -0.346340 -0.896960 -141.080587 -121.314144 786.203936
-0.062076 0.927765 -0.367966 0.962920 -0.041312 -0.266604 -0.262547 -0.370872 -0.890799 -139.417020 -121.801392 783.364048
-0.125577 0.919852 -0.371621 0.959366 0.017189 -0.281640 -0.252679 -0.391888 -0.884634 -137.737160 -122.293412 780.496348
-0.188288 0.909257 -0.371214 0.950924 0.074285 -0.300375 -0.245543 -0.409553 -0.878621 -136.046440 -122.788612 777.610108
-0.249516 0.896344 -0.366483 0.937792 0.129310 -0.322218 -0.241428 -0.424084 -0.872849 -134.350288 -123.285403 774.714597
-0.308589 0.881544 -0.357285 0.920276 0.181705 -0.346518 -0.240551 -0.435733 -0.867336 -132.654137 -123.782195 771.819085
-0.364873 0.865336 -0.343601 0.898776 0.231026 -0.372596 -0.243040 -0.444771 -0.862038 -130.963417 -124.277395 768.932845
-0.417793 0.848217 -0.325540 0.873774 0.276951 -0.399773 -0.248935 -0.451470 -0.856858 -129.283557 -124.769415 766.065145
-0.466846 0.830688 -0.303336 0.845811 0.319277 -0.427395 -0.258183 -0.456093 -0.851658 -127.619990 -125.256662 763.225258
-0.511619 0.813221 -0.277338 0.815475 0.357913 -0.454861 -0.270640 -0.458878 -0.846277 -125.978144 -125.737548 760.422452
-0.551799 0.796252 -0.247995 0.783376 0.392867 -0.481641 -0.286078 -0.460042 -0.840548 -124.363452 -126.210480 757.666000
-0.587177 0.780153 -0.215836 0.750126 0.424233 -0.507284 -0.304194 -0.459769 -0.834313 -122.781343 -126.673869 754.965171
-0.617656 0.765230 -0.181449 0.716325 0.452170 -0.531433 -0.324623 -0.458220 -0.827439 -121.237248 -127.126124 752.329236
-0.643249 0.751713 -0.145459 0.682537 0.476888 -0.553824 -0.346949 -0.455528 -0.819829 -119.736597 -127.565654 749.767466
-0.664074 0.739752 -0.108502 0.649283 0.498629 -0.574283 -0.370724 -0.451815 -0.811435 -118.284822 -127.990869 747.289131
-0.680347 0.729422 -0.071208 0.617028 0.517652 -0.592717 -0.395480 -0.447191 -0.802257 -116.887353 -128.400179 744.903501
-0.692373 0.720730 -0.034179 0.586170 0.534220 -0.609109 -0.420744 -0.441765 -0.792350 -115.549620 -128.791992 742.619848
-0.700530 0.713620 0.002024 0.557040 0.548591 -0.623502 -0.446054 -0.435654 -0.781820 -114.277054 -129.164718 740.447442
-0.705261 0.707987 0.036896 0.529901 0.561006 -0.635985 -0.470968 -0.428985 -0.770819 -113.075086 -129.516766 738.395554
-0.707055 0.703686 0.069990 0.504949 0.571686 -0.646685 -0.495076 -0.421901 -0.759539 -111.949146 -129.846546 736.473454
-0.706431 0.700550 0.100921 0.482316 0.580832 -0.655748 -0.518002 -0.414565 -0.748204 -110.904664 -130.152468 734.690412
-0.703925 0.698393 0.129369 0.462085 0.588618 -0.663330 -0.539414 -0.407155 -0.737060 -109.947072 -130.432940 733.055700
-0.700076 0.697028 0.155068 0.444289 0.595195 -0.669589 -0.559018 -0.399868 -0.726364 -109.081799 -130.686372 731.578588
-0.695408 0.696271 0.177804 0.428930 0.600689 -0.674679 -0.576564 -0.392911 -0.716376 -108.314277 -130.911174 730.268346
-0.690424 0.695950 0.197405 0.415986 0.605205 -0.678736 -0.591837 -0.386498 -0.707353 -107.649936 -131.105755 729.134245
-0.685585 0.695913 0.213725 0.405424 0.608823 -0.681884 -0.604653 -0.380840 -0.699540 -107.094207 -131.268525 728.185555
-0.681308 0.696028 0.226638 0.397209 0.611604 -0.684226 -0.614853 -0.376146 -0.693160 -106.652520 -131.397892 727.431548
-0.677948 0.696188 0.236026 0.391321 0.613587 -0.685842 -0.622298 -0.372603 -0.688413 -106.330305 -131.492266 726.881494
-0.675792 0.696316 0.241763 0.387759 0.614786 -0.686791 -0.626856 -0.370381 -0.685470 -106.132994 -131.550057 726.544663
-0.675042 0.696364 0.243710 0.386558 0.615192 -0.687104 -0.628403 -0.369616 -0.684466 -106.066017 -131.569675 726.430325
