0.963582 0.064783 0.259447 0.066158 0.882300 -0.466015 -0.259100 0.466208 0.845883 -174.951355 -17.466089 816.683518
0.963767 0.065570 0.258560 0.064568 0.883145 -0.464635 -0.258813 0.464495 0.846912 -174.776538 -17.268184 816.681234
0.964301 0.067914 0.255951 0.059864 0.885624 -0.460529 -0.257953 0.459411 0.849942 -174.259423 -16.684895 816.673254
0.965133 0.071802 0.251719 0.052149 0.889622 -0.453711 -0.256512 0.451018 0.854859 -173.411017 -15.731859 816.657885
0.966189 0.077246 0.245991 0.041528 0.894987 -0.444155 -0.254468 0.439353 0.861519 -172.242324 -14.424717 816.633436
0.967374 0.084273 0.238926 0.028111 0.901530 -0.431803 -0.251788 0.424431 0.869748 -170.764350 -12.779105 816.598214
0.968577 0.092920 0.230706 0.012016 0.909024 -0.416571 -0.248425 0.406254 0.879342 -168.988101 -10.810664 816.550528
0.969671 0.103231 0.221543 -0.006631 0.917205 -0.398361 -0.244323 0.384810 0.890072 -166.924580 -8.535031 816.488685
0.970521 0.115250 0.211675 -0.027697 0.925774 -0.377062 -0.239419 0.360084 0.901675 -164.584795 -5.967845 816.410993
0.970983 0.129013 0.201365 -0.051035 0.934393 -0.352570 -0.233640 0.332063 0.913863 -161.979750 -3.124745 816.315761
0.970908 0.144545 0.190903 -0.076483 0.942689 -0.324789 -0.226909 0.300740 0.926320 -159.120450 -0.021369 816.201296
0.970149 0.161849 0.180599 -0.103866 0.950255 -0.293644 -0.219141 0.266121 0.938700 -156.017901 3.326643 816.065906
0.968559 0.180904 0.170785 -0.132995 0.956652 -0.259092 -0.210252 0.228232 0.950633 -152.683108 6.903655 815.907899
0.965999 0.201656 0.161807 -0.163659 0.961415 -0.221128 -0.200155 0.187129 0.961728 -149.127077 10.694026 815.725583
0.962338 0.224013 0.154023 -0.195635 0.964053 -0.179800 -0.188764 0.142896 0.971570 -145.360812 14.682118 815.517266
0.957461 0.247841 0.147796 -0.228679 0.964066 -0.135210 -0.175996 0.095660 0.979732 -141.395320 18.852293 815.281256
0.951265 0.272958 0.143485 -0.262533 0.960945 -0.087528 -0.161773 0.045593 0.985774 -137.241605 23.188912 815.015861
0.943670 0.299135 0.141438 -0.296923 0.954184 -0.036996 -0.146025 -0.007084 0.989256 -132.910673 27.676336 814.719389
0.934615 0.326090 0.141984 -0.331561 0.943297 0.016071 -0.128692 -0.062097 0.989738 -128.413530 32.298928 814.390148
0.924064 0.353494 0.145420 -0.366149 0.927822 0.071279 -0.109728 -0.119111 0.986799 -123.761180 37.041047 814.026445
0.912007 0.380969 0.152005 -0.400380 0.907343 0.128156 -0.089097 -0.177739 0.980036 -118.964629 41.887056 813.626589
0.898461 0.408095 0.161947 -0.433944 0.881497 0.186157 -0.066786 -0.237531 0.969081 -114.034882 46.821316 813.188888
0.883469 0.434417 0.175397 -0.466530 0.849992 0.244669 -0.042797 -0.297986 0.953610 -108.982945 51.828189 812.711649
0.867106 0.459452 0.192436 -0.497829 0.812617 0.303018 -0.017154 -0.358548 0.933354 -103.819822 56.892035 812.193180
0.849469 0.482703 0.213072 -0.527542 0.769255 0.360480 0.010098 -0.418622 0.908105 -98.556520 61.997217 811.631790
0.830686 0.503666 0.237238 -0.555382 0.719892 0.416300 0.038891 -0.477572 0.877732 -93.204044 67.128095 811.025786
0.810905 0.521847 0.264779 -0.581079 0.664626 0.469701 0.069132 -0.534741 0.842184 -87.773398 72.269032 810.373477
0.790300 0.536774 0.295465 -0.604387 0.603668 0.519905 0.100708 -0.589456 0.801498 -82.275589 77.404387 809.673170
0.769061 0.548011 0.328982 -0.625082 0.537347 0.566154 0.133481 -0.641048 0.755804 -76.721621 82.518524 808.923173
0.747392 0.555175 0.364945 -0.642976 0.466102 0.607726 0.167293 -0.688861 0.705326 -71.122501 87.595803 808.121794
0.725512 0.557945 0.402902 -0.657908 0.390485 0.643955 0.201965 -0.732269 0.650378 -65.489232 92.620585 807.267341
0.703641 0.556074 0.442346 -0.669759 0.311142 0.674250 0.237301 -0.770696 0.591368 -59.832822 97.577233 806.358122
0.682007 0.549400 0.482728 -0.678445 0.228806 0.698112 0.273092 -0.803622 0.528785 -54.164274 102.450106 805.392446
0.660831 0.537850 0.523469 -0.683922 0.144279 0.715146 0.309116 -0.830603 0.463191 -48.494595 107.223568 804.368619
0.640330 0.521446 0.563979 -0.686188 0.058413 0.725075 0.345144 -0.851283 0.395214 -42.834789 111.881979 803.284950
0.620706 0.500305 0.603671 -0.685279 -0.027906 0.727746 0.380941 -0.865399 0.325527 -37.195862 116.409700 802.139746
0.602150 0.474639 0.641976 -0.681271 -0.113787 0.723134 0.416276 -0.872795 0.254841 -31.588820 120.791093 800.931317
0.584829 0.444744 0.678364 -0.674276 -0.198348 0.711344 0.450918 -0.873419 0.183880 -26.024667 125.010520 799.657969
0.568892 0.410999 0.712350 -0.664440 -0.280741 0.692607 0.484646 -0.867332 0.113373 -20.514410 129.052342 798.318011
0.554459 0.373849 0.743514 -0.651941 -0.360172 0.667270 0.517251 -0.854701 0.044027 -15.069052 132.900920 796.909750
0.541625 0.333798 0.771505 -0.636984 -0.435917 0.635789 0.548538 -0.835796 -0.023480 -9.699601 136.540615 795.431495
0.530459 0.291392 0.796055 -0.619794 -0.507341 0.598715 0.578332 -0.810984 -0.088520 -4.417061 139.955789 793.881553
0.520996 0.247204 0.816978 -0.600619 -0.573907 0.556676 0.606482 -0.780719 -0.150528 0.767563 143.130804 792.258233
0.513248 0.201818 0.834174 -0.579716 -0.635186 0.510361 0.632856 -0.745525 -0.209011 5.843266 146.050021 790.559842
0.507195 0.155818 0.847628 -0.557352 -0.690866 0.460503 0.657352 -0.705992 -0.263558 10.799041 148.697800 788.784688
0.502794 0.109771 0.857408 -0.533798 -0.740749 0.407861 0.679895 -0.662753 -0.313848 15.623884 151.058505 786.931079
0.499974 0.064215 0.863656 -0.509326 -0.784753 0.353199 0.700437 -0.616473 -0.359650 20.306789 153.116495 784.997324
0.498645 0.019646 0.866584 -0.484202 -0.822908 0.297273 0.718959 -0.567835 -0.400826 24.836751 154.856133 782.981729
0.498696 -0.023484 0.866459 -0.458682 -0.855348 0.240814 0.735468 -0.517522 -0.437330 29.202764 156.261779 780.882604
0.500000 -0.064783 0.863599 -0.433013 -0.882300 0.184517 0.750000 -0.466208 -0.469202 33.393824 157.317796 778.698256
0.502475 -0.104783 0.858218 -0.406928 -0.904473 0.127820 0.762842 -0.413459 -0.497115 37.560659 157.991941 776.309584
0.506128 -0.144102 0.850334 -0.380068 -0.922312 0.069920 0.774198 -0.358574 -0.521577 41.855438 158.271977 773.608076
0.510947 -0.182515 0.840013 -0.352532 -0.935734 0.011119 0.783999 -0.301812 -0.542453 46.269317 158.172272 770.607926
0.516915 -0.219801 0.827337 -0.324422 -0.944680 -0.048279 0.792180 -0.243450 -0.559627 50.793451 157.707193 767.323323
0.524007 -0.255748 0.812410 -0.295841 -0.949116 -0.107964 0.798683 -0.183770 -0.573005 55.418996 156.891109 763.768460
0.532195 -0.290152 0.795349 -0.266896 -0.949035 -0.167628 0.803452 -0.123065 -0.582512 60.137106 155.738387 759.957530
0.541443 -0.322819 0.776291 -0.237694 -0.944452 -0.226963 0.806437 -0.061633 -0.588099 64.938936 154.263395 755.904722
0.551708 -0.353568 0.755385 -0.208343 -0.935409 -0.285664 0.807596 0.000224 -0.589736 69.815642 152.480501 751.624230
0.562944 -0.382231 0.732798 -0.178952 -0.921971 -0.343432 0.806889 0.062198 -0.587419 74.758379 150.404072 747.130245
0.575098 -0.408653 0.708707 -0.149628 -0.904229 -0.399976 0.804285 0.123983 -0.581166 79.758303 148.048476 742.436959
0.588110 -0.432696 0.683301 -0.120480 -0.882297 -0.455014 0.799757 0.185274 -0.571019 84.806568 145.428081 737.558563
0.601917 -0.454240 0.656782 -0.091614 -0.856308 -0.508274 0.793286 0.245769 -0.557041 89.894329 142.557255 732.509250
0.616450 -0.473180 0.629358 -0.063136 -0.826422 -0.559501 0.784859 0.305169 -0.539322 95.012742 139.450365 727.303211
0.631634 -0.489431 0.601245 -0.035148 -0.792814 -0.608449 0.774469 0.363185 -0.517971 100.152963 136.121780 721.954638
0.647392 -0.502929 0.572665 -0.007752 -0.755681 -0.654894 0.762118 0.419534 -0.493120 105.306145 132.585866 716.477722
0.663641 -0.513627 0.543845 0.018956 -0.715236 -0.698626 0.747811 0.473946 -0.464924 110.463445 128.856993 710.886656
0.680296 -0.521500 0.515010 0.044880 -0.671707 -0.739456 0.731562 0.526163 -0.433554 115.616018 124.949526 705.195631
0.697265 -0.526543 0.486389 0.069932 -0.625338 -0.777214 0.713394 0.575939 -0.399204 120.755019 120.877836 699.418838
0.714457 -0.528770 0.458207 0.094025 -0.576382 -0.811753 0.693333 0.623046 -0.362083 125.871602 116.656288 693.570471
0.731777 -0.528216 0.430687 0.117079 -0.525106 -0.842945 0.671413 0.667272 -0.322417 130.956924 112.299251 687.664720
0.749126 -0.524936 0.404045 0.139018 -0.471782 -0.870687 0.647676 0.708424 -0.280449 136.002140 107.821092 681.715777
0.766406 -0.519004 0.378492 0.159771 -0.416688 -0.894899 0.622169 0.746328 -0.236431 140.998404 103.236180 675.737834
0.783518 -0.510512 0.354228 0.179274 -0.360109 -0.915523 0.594946 0.780832 -0.190631 145.936872 98.558882 669.745083
0.800359 -0.499570 0.331445 0.197469 -0.302330 -0.932525 0.566067 0.811804 -0.143323 150.808699 93.803566 663.751715
0.816828 -0.486305 0.310321 0.214304 -0.243636 -0.945894 0.535598 0.839136 -0.094791 155.605041 88.984600 657.771922
0.832826 -0.470858 0.291022 0.229735 -0.184309 -0.955642 0.503610 0.862741 -0.045325 160.317052 84.116351 651.819897
0.848251 -0.453388 0.273698 0.243723 -0.124630 -0.961804 0.470181 0.882557 0.004783 164.935888 79.213187 645.909830
0.863005 -0.434061 0.258484 0.256236 -0.064871 -0.964435 0.435392 0.898545 0.055238 169.452704 74.289476 640.055914
0.876990 -0.413060 0.245499 0.267251 -0.005299 -0.963612 0.399331 0.910688 0.105744 173.858654 69.359586 634.272340
0.890113 -0.390574 0.234842 0.276752 0.053832 -0.959432 0.362088 0.918996 0.156008 178.144896 64.437885 628.573300
0.902281 -0.366802 0.226596 0.284728 0.112275 -0.952011 0.323759 0.923499 0.205742 182.302583 59.538739 622.972985
0.913404 -0.341949 0.220824 0.291178 0.169798 -0.941480 0.284443 0.924251 0.254662 186.322870 54.676518 617.485589
0.923399 -0.316224 0.217569 0.296108 0.226183 -0.927988 0.244241 0.921327 0.302494 190.196914 49.865588 612.125302
0.932185 -0.289838 0.216854 0.299528 0.281227 -0.911698 0.203260 0.914825 0.348970 193.915869 45.120318 606.906315
0.939683 -0.263006 0.218684 0.301461 0.334742 -0.892787 0.161606 0.904862 0.393838 197.470890 40.455075 601.842822
0.945825 -0.235939 0.223044 0.301931 0.386559 -0.871441 0.119388 0.891575 0.436854 200.853133 35.884228 596.949013
0.950542 -0.208847 0.229898 0.300973 0.436525 -0.847857 0.076716 0.875117 0.477792 204.053752 31.422143 592.239081
0.953775 -0.181935 0.239193 0.298627 0.484506 -0.822238 0.033703 0.855659 0.516441 207.063904 27.083189 587.727217
0.955468 -0.155403 0.250858 0.294939 0.530389 -0.794795 -0.009539 0.833389 0.552604 209.874743 22.881733 583.427613
0.955575 -0.129441 0.264804 0.289962 0.574076 -0.765741 -0.052899 0.808506 0.586106 212.477424 18.832143 579.354460
0.954053 -0.104233 0.280925 0.283754 0.615492 -0.735292 -0.096265 0.781221 0.616788 214.863103 14.948787 575.521951
0.950866 -0.079950 0.299101 0.276380 0.654577 -0.703664 -0.139526 0.751756 0.644512 217.022935 11.246033 571.944277
0.945988 -0.056753 0.319196 0.267907 0.691293 -0.671073 -0.182573 0.720342 0.669160 218.948075 7.738248 568.635630
0.939396 -0.034787 0.341064 0.258410 0.725619 -0.637731 -0.225298 0.687216 0.690633 220.629678 4.439800 565.610201
0.931077 -0.014186 0.364546 0.247967 0.757551 -0.603845 -0.267596 0.652621 0.708857 222.058899 1.365058 562.882184
0.921025 0.004932 0.389473 0.236658 0.787103 -0.569616 -0.309364 0.616802 0.723774 223.226895 -1.471612 560.465768
0.909239 0.022465 0.415668 0.224570 0.814302 -0.535238 -0.350503 0.580006 0.735350 224.124819 -4.055842 558.375146
0.895728 0.038328 0.442947 0.211790 0.839194 -0.500897 -0.390917 0.542479 0.743573 224.743827 -6.373263 556.624510
0.880507 0.052451 0.471121 0.198408 0.861837 -0.466767 -0.430512 0.504466 0.748447 225.075075 -8.409508 555.228052
0.863599 0.064783 0.500000 0.184517 0.882300 -0.433013 -0.469202 0.466208 0.750000 225.109717 -10.150209 554.199963
0.844626 0.075798 0.529963 0.169953 0.900756 -0.399693 -0.507663 0.427660 0.747920 224.944785 -11.707405 553.410870
0.823114 0.085872 0.561346 0.154562 0.917305 -0.366963 -0.546437 0.388815 0.741774 224.684741 -13.204052 552.720143
0.798960 0.094836 0.593860 0.138469 0.931945 -0.335119 -0.585226 0.349978 0.731454 224.331885 -14.642159 552.125089
0.772089 0.102553 0.627185 0.121826 0.944707 -0.304445 -0.623728 0.311466 0.716905 223.888519 -16.023736 551.623013
0.742462 0.108919 0.660975 0.104808 0.955655 -0.275207 -0.661639 0.273606 0.698122 223.356942 -17.350793 551.211221
0.710071 0.113869 0.694862 0.087613 0.964881 -0.247647 -0.698658 0.236726 0.675158 222.739455 -18.625339 550.887019
0.674949 0.117377 0.728468 0.070456 0.972503 -0.221979 -0.734493 0.201149 0.648120 222.038359 -19.849384 550.647714
0.637168 0.119461 0.761411 0.053572 0.978661 -0.198376 -0.768861 0.167189 0.617172 221.255955 -21.024937 550.490610
0.596840 0.120174 0.793310 0.037202 0.983512 -0.176975 -0.801498 0.135138 0.582528 220.394542 -22.154009 550.413016
0.554118 0.119611 0.823800 0.021597 0.987224 -0.157867 -0.832158 0.105269 0.544455 219.456422 -23.238608 550.412235
0.509195 0.117905 0.852537 0.007009 0.989971 -0.141098 -0.860623 0.077822 0.503262 218.443896 -24.280745 550.485575
0.462302 0.115217 0.879205 -0.006317 0.991925 -0.126668 -0.886700 0.053005 0.459297 217.359263 -25.282428 550.630341
0.413707 0.111740 0.903527 -0.018142 0.993254 -0.114530 -0.910229 0.030990 0.412943 216.204824 -26.245669 550.843840
0.363705 0.107686 0.925269 -0.028245 0.994114 -0.104596 -0.931086 0.011908 0.364606 214.982880 -27.172475 551.123377
0.312623 0.103283 0.944245 -0.036425 0.994643 -0.096736 -0.949179 -0.004153 0.314711 213.695732 -28.064858 551.466259
0.260806 0.098765 0.960326 -0.042507 0.994963 -0.090783 -0.964455 -0.017143 0.263691 212.345680 -28.924825 551.869791
0.208615 0.094369 0.973434 -0.046343 0.995170 -0.086544 -0.976899 -0.027058 0.211981 210.935025 -29.754388 552.331279
0.156422 0.090322 0.983552 -0.047822 0.995335 -0.083798 -0.986532 -0.033928 0.160011 209.466067 -30.555556 552.848030
0.104598 0.086838 0.990716 -0.046868 0.995504 -0.082309 -0.993410 -0.037823 0.108197 207.941107 -31.330337 553.417350
0.053512 0.084109 0.995019 -0.043441 0.995699 -0.081830 -0.997622 -0.038846 0.056935 206.362445 -32.080743 554.036544
0.003520 0.082301 0.996601 -0.037543 0.995916 -0.082112 -0.999289 -0.037126 0.006596 204.732383 -32.808782 554.702919
-0.045037 0.081545 0.995652 -0.029212 0.996129 -0.082906 -0.998558 -0.032819 -0.042480 203.053220 -33.516465 555.413780
-0.091845 0.081937 0.992396 -0.018527 0.996296 -0.083974 -0.995601 -0.026099 -0.089987 201.327257 -34.205800 556.166434
-0.136618 0.083534 0.987095 -0.005601 0.996357 -0.085093 -0.990608 -0.017154 -0.135653 199.556796 -34.878797 556.958187
-0.179104 0.086351 0.980033 0.009420 0.996246 -0.086058 -0.983785 -0.006181 -0.179245 197.744135 -35.537467 557.786344
-0.219087 0.090362 0.971512 0.026359 0.995887 -0.086685 -0.975349 0.006617 -0.220568 195.891577 -36.183818 558.648212
-0.256395 0.095500 0.961843 0.045015 0.995207 -0.086813 -0.965523 0.021039 -0.259465 194.001422 -36.819860 559.541096
-0.290896 0.101662 0.951338 0.065164 0.994135 -0.086309 -0.954533 0.036886 -0.295814 192.075969 -37.447603 560.462304
-0.322501 0.108706 0.940306 0.086566 0.992608 -0.085063 -0.942602 0.053966 -0.329528 190.117521 -38.069057 561.409140
-0.351167 0.116463 0.929041 0.108971 0.990575 -0.082987 -0.929950 0.072096 -0.360549 188.128376 -38.686230 562.378910
-0.376891 0.124734 0.917820 0.132121 0.987999 -0.080017 -0.916786 0.091105 -0.388848 186.110837 -39.301133 563.368922
-0.399712 0.133298 0.906897 0.155756 0.984859 -0.076108 -0.903311 0.110834 -0.414421 184.067204 -39.915776 564.376480
-0.419704 0.141917 0.896498 0.179621 0.981154 -0.071227 -0.889711 0.131135 -0.437285 181.999776 -40.532168 565.398891
-0.436979 0.150343 0.886818 0.203465 0.976898 -0.065358 -0.876157 0.151876 -0.457474 179.910855 -41.152318 566.433461
-0.451678 0.158319 0.878022 0.227048 0.972126 -0.058488 -0.862807 0.172935 -0.475034 177.802742 -41.778236 567.477496
-0.463969 0.165585 0.870238 0.250143 0.966885 -0.050610 -0.849801 0.194202 -0.490025 175.677737 -42.411932 568.528302
-0.474042 0.171883 0.863563 0.272538 0.961240 -0.041719 -0.837262 0.215578 -0.502513 173.538140 -43.055415 569.583185
-0.482102 0.176961 0.858057 0.294038 0.955264 -0.031802 -0.825299 0.236970 -0.512568 171.386252 -43.710695 570.639450
-0.488370 0.180572 0.853750 0.314465 0.949040 -0.020843 -0.814006 0.258296 -0.520266 169.224374 -44.379782 571.694405
-0.493071 0.182482 0.850636 0.333659 0.942652 -0.008816 -0.803463 0.279476 -0.525681 167.054806 -45.064686 572.745354
-0.496435 0.182465 0.848681 0.351477 0.936187 0.004317 -0.793736 0.300435 -0.528888 164.879850 -45.767415 573.789604
-0.498689 0.180311 0.847819 0.367792 0.929722 0.018607 -0.784881 0.321100 -0.529958 162.701804 -46.489979 574.824462
-0.500053 0.175819 0.847959 0.382493 0.923328 0.034115 -0.776947 0.341398 -0.528963 160.522971 -47.234389 575.847232
-0.500739 0.168803 0.848980 0.395480 0.917062 0.050920 -0.769971 0.361252 -0.525967 158.345650 -48.002653 576.855222
-0.500941 0.159089 0.850735 0.406667 0.910959 0.069109 -0.763990 0.380585 -0.521032 156.172143 -48.796781 577.845736
-0.500835 0.146514 0.853052 0.415975 0.905032 0.088781 -0.759032 0.399313 -0.514218 154.004750 -49.618784 578.816082
-0.500577 0.130929 0.855734 0.423330 0.899267 0.110045 -0.755125 0.417344 -0.505579 151.845771 -50.470670 579.763565
-0.500292 0.112195 0.858557 0.428666 0.893618 0.133012 -0.752299 0.434579 -0.495164 149.697507 -51.354449 580.685491
-0.500079 0.090184 0.861271 0.431915 0.888003 0.157799 -0.750580 0.450908 -0.483023 147.562258 -52.272131 581.579166
-0.500000 0.064783 0.863599 0.433013 0.882300 0.184517 -0.750000 0.466208 -0.469202 145.442326 -53.225725 582.441896
-0.500091 0.035117 0.865260 0.431736 0.876255 0.213966 -0.750675 0.480567 -0.453369 143.323079 -54.209812 583.286564
-0.500333 0.000548 0.865833 0.427976 0.869451 0.246762 -0.752664 0.494018 -0.435250 141.188139 -55.216845 584.128447
-0.500642 -0.038650 0.864791 0.421833 0.861472 0.282707 -0.755920 0.506332 -0.414985 139.037183 -56.245641 584.968442
-0.500889 -0.082158 0.861603 0.413411 0.851873 0.321564 -0.760396 0.517264 -0.392729 136.869892 -57.295019 585.807444
-0.500912 -0.129610 0.855739 0.402817 0.840199 0.363048 -0.766046 0.526561 -0.368656 134.685943 -58.363797 586.646351
-0.500517 -0.180588 0.846682 0.390163 0.825996 0.406821 -0.772823 0.533965 -0.342966 132.485016 -59.450792 587.486059
-0.499489 -0.234613 0.833947 0.375572 0.808824 0.452492 -0.780677 0.539222 -0.315885 130.266788 -60.554823 588.327464
-0.497596 -0.291147 0.817087 0.359177 0.788275 0.499615 -0.789551 0.542085 -0.287669 128.030940 -61.674708 589.171464
-0.494596 -0.349596 0.795712 0.341126 0.763981 0.547691 -0.799380 0.542324 -0.258606 125.777150 -62.809265 590.018954
-0.490245 -0.409306 0.769499 0.321583 0.735637 0.596174 -0.810089 0.539729 -0.229016 123.505096 -63.957312 590.870832
-0.484301 -0.469579 0.738206 0.300728 0.703001 0.644478 -0.821593 0.534120 -0.199249 121.214457 -65.117667 591.727993
-0.476532 -0.529675 0.701685 0.278760 0.665917 0.691988 -0.833793 0.525356 -0.169679 118.904912 -66.289148 592.591335
-0.466724 -0.588826 0.659888 0.255893 0.624315 0.738071 -0.846574 0.513337 -0.140706 116.576140 -67.470573 593.461753
-0.454684 -0.646252 0.612879 0.232360 0.578222 0.782092 -0.859809 0.498013 -0.112745 114.227819 -68.660761 594.340145
-0.440246 -0.701178 0.560832 0.208403 0.527764 0.823428 -0.873356 0.479390 -0.086218 111.859629 -69.858528 595.227407
-0.423281 -0.752847 0.504038 0.184278 0.473164 0.861485 -0.887060 0.457533 -0.061548 109.471247 -71.062694 596.124436
-0.403694 -0.800545 0.442899 0.160245 0.414745 0.895717 -0.900751 0.432568 -0.039146 107.062354 -72.272077 597.032128
-0.381434 -0.843614 0.377920 0.136567 0.352916 0.925635 -0.914252 0.404680 -0.019404 104.632627 -73.485493 597.951379
-0.356494 -0.881474 0.309703 0.113504 0.288167 0.950830 -0.927377 0.374118 -0.002679 102.181745 -74.701762 598.883087
-0.328913 -0.913635 0.238931 0.091307 0.221056 0.970978 -0.939936 0.341183 0.010713 99.709388 -75.919702 599.828148
-0.298775 -0.939714 0.166349 0.070213 0.152193 0.985854 -0.951737 0.306228 0.020509 97.215233 -77.138130 600.787458
-0.266210 -0.959442 0.092748 0.050441 0.082223 0.995337 -0.962594 0.269647 0.026507 94.698960 -78.355865 601.761914
-0.231394 -0.972676 0.018945 0.032187 0.011809 0.999412 -0.972328 0.231867 0.028575 92.160247 -79.571725 602.752412
-0.194540 -0.979394 -0.054244 0.015615 -0.058386 0.998172 -0.980770 0.193337 0.026652 89.598773 -80.784528 603.759849
-0.155899 -0.979701 -0.126023 0.000862 -0.127718 0.991810 -0.987773 0.154513 0.020756 87.014217 -81.993091 604.785122
-0.115752 -0.973821 -0.195635 -0.011974 -0.195577 0.980615 -0.993206 0.115851 0.010978 84.406258 -83.196233 605.829127
-0.074408 -0.962090 -0.262385 -0.022829 -0.261402 0.964960 -0.996967 0.077790 -0.002514 81.774574 -84.392772 606.892761
-0.032190 -0.944940 -0.325655 -0.031679 -0.324696 0.945288 -0.998980 0.040745 -0.019482 79.118844 -85.581526 607.976920
0.010564 -0.922890 -0.384919 -0.038533 -0.385030 0.922099 -0.999201 0.005091 -0.039629 76.438747 -86.761313 609.082501
0.053512 -0.896524 -0.439751 -0.043441 -0.442055 0.895935 -0.997622 -0.028840 -0.062601 73.733962 -87.930951 610.210400
0.096313 -0.866479 -0.489835 -0.046484 -0.495502 0.867362 -0.994265 -0.060769 -0.088000 71.004167 -89.089258 611.361515
0.138636 -0.833421 -0.534967 -0.047773 -0.545182 0.836955 -0.989191 -0.090475 -0.115396 68.249042 -90.235053 612.536740
0.180163 -0.798034 -0.575051 -0.047447 -0.590987 0.805285 -0.982492 -0.117798 -0.144338 65.468264 -91.367153 613.736974
0.220594 -0.760998 -0.610099 -0.045668 -0.632880 0.772902 -0.974296 -0.142635 -0.174363 62.661513 -92.484376 614.963112
0.259653 -0.722977 -0.640222 -0.042616 -0.670893 0.740329 -0.964761 -0.164945 -0.205010 59.828468 -93.585540 616.216052
0.297091 -0.684607 -0.665620 -0.038483 -0.705113 0.708050 -0.954073 -0.184740 -0.235829 56.968806 -94.669464 617.496689
0.332686 -0.646483 -0.686571 -0.033470 -0.735678 0.676504 -0.942444 -0.202084 -0.266388 54.082208 -95.734965 618.805920
0.366244 -0.609154 -0.703418 -0.027782 -0.762763 0.646081 -0.930104 -0.217081 -0.296281 51.168351 -96.780862 620.144642
0.397601 -0.573119 -0.716553 -0.021623 -0.786570 0.617122 -0.917304 -0.229874 -0.325133 48.226915 -97.805973 621.513752
0.426619 -0.538821 -0.726408 -0.015194 -0.807322 0.589916 -0.904304 -0.240632 -0.352605 45.257579 -98.809115 622.914145
0.453186 -0.506651 -0.733435 -0.008687 -0.825247 0.564706 -0.891374 -0.249545 -0.378392 42.260020 -99.789107 624.346719
0.477212 -0.476948 -0.738098 -0.002286 -0.840575 0.541690 -0.878785 -0.256814 -0.402223 39.233918 -100.744766 625.812370
0.498625 -0.450005 -0.740857 0.003838 -0.853531 0.521028 -0.866809 -0.262641 -0.423864 36.178951 -101.674912 627.311995
0.517364 -0.426073 -0.742156 0.009527 -0.864321 0.502850 -0.855712 -0.267227 -0.443110 33.094799 -102.578361 628.846490
0.533381 -0.405368 -0.742416 0.014637 -0.873135 0.487258 -0.845749 -0.270760 -0.459780 29.981140 -103.453932 630.416751
0.546626 -0.388077 -0.742022 0.019037 -0.880138 0.474336 -0.837161 -0.273411 -0.473718 26.837653 -104.300443 632.023676
0.557050 -0.374369 -0.741312 0.022614 -0.885463 0.464159 -0.830171 -0.275323 -0.484781 23.664016 -105.116712 633.668161
0.564595 -0.364396 -0.740572 0.025265 -0.889213 0.456796 -0.824981 -0.276615 -0.492839 20.459908 -105.901558 635.351101
0.569191 -0.358307 -0.740026 0.026906 -0.891451 0.452318 -0.821765 -0.277366 -0.497765 17.225009 -106.653797 637.073395
0.570746 -0.356244 -0.739824 0.027466 -0.892199 0.450806 -0.820667 -0.277615 -0.499435 13.958997 -107.372249 638.835939
0.567187 -0.359774 -0.740852 0.026188 -0.891207 0.452839 -0.823172 -0.276246 -0.496060 10.583605 -107.939198 640.758872
0.556637 -0.370180 -0.743722 0.022470 -0.888199 0.458910 -0.830452 -0.272157 -0.486086 7.027622 -108.244593 642.953207
0.539198 -0.387174 -0.747905 0.016550 -0.883017 0.469050 -0.842017 -0.265288 -0.469713 3.301307 -108.298747 645.406151
0.514891 -0.410436 -0.752615 0.008759 -0.875371 0.483373 -0.857211 -0.255476 -0.447126 -0.585081 -108.111975 648.104909
0.483694 -0.439594 -0.756834 -0.000474 -0.864850 0.502030 -0.875237 -0.242470 -0.418531 -4.621281 -107.694590 651.036687
0.445587 -0.474190 -0.759339 -0.010609 -0.850935 0.525164 -0.895176 -0.225950 -0.384196 -8.797036 -107.056906 654.188691
0.400603 -0.513653 -0.758734 -0.020991 -0.833012 0.552856 -0.916011 -0.205549 -0.344489 -13.102086 -106.209237 657.548125
0.348882 -0.557261 -0.753486 -0.030842 -0.810396 0.585070 -0.936659 -0.180882 -0.299920 -17.526170 -105.161897 661.102197
0.290719 -0.604108 -0.741981 -0.039270 -0.782355 0.621594 -0.956002 -0.151572 -0.251169 -22.059030 -103.925199 664.838112
0.226611 -0.653085 -0.722583 -0.045283 -0.748146 0.661988 -0.972932 -0.117293 -0.199112 -26.690407 -102.509457 668.743076
0.157298 -0.702856 -0.693722 -0.047818 -0.707064 0.705531 -0.986393 -0.077807 -0.144829 -31.410041 -100.924985 672.804293
0.083789 -0.751860 -0.653977 -0.045778 -0.658496 0.751191 -0.995431 -0.033004 -0.089594 -36.207672 -99.182097 677.008971
0.007379 -0.798325 -0.602182 -0.038092 -0.601985 0.797598 -0.999247 0.017053 -0.034852 -41.073042 -97.291106 681.344315
-0.070360 -0.840305 -0.537528 -0.023772 -0.537298 0.843057 -0.997238 0.072096 0.017828 -45.995890 -95.262327 685.797530
-0.147602 -0.875740 -0.459666 -0.001989 -0.464493 0.885575 -0.989045 0.131626 0.066818 -50.965959 -93.106073 690.355823
-0.222314 -0.902535 -0.368791 0.027858 -0.383982 0.922920 -0.974577 0.194904 0.110507 -55.972987 -90.832657 695.006399
-0.292329 -0.918665 -0.265704 0.066069 -0.296578 0.952720 -0.954033 0.260953 0.147394 -61.006716 -88.452395 699.736464
-0.355431 -0.922285 -0.151853 0.112589 -0.203522 0.972575 -0.927897 0.328586 0.176177 -66.056887 -85.975598 704.533223
-0.409454 -0.911860 -0.029315 0.166959 -0.106482 0.980197 -0.896924 0.396451 0.195843 -71.113240 -83.412582 709.383883
-0.452400 -0.886276 0.099245 0.228306 -0.007519 0.973560 -0.862097 0.463097 0.205743 -76.165515 -80.773660 714.275649
-0.482541 -0.844952 0.230675 0.295338 0.090978 0.951051 -0.824579 0.527048 0.205646 -81.203454 -78.069146 719.195727
-0.498526 -0.787915 0.361472 0.366391 0.186395 0.911600 -0.785640 0.586896 0.195762 -86.216796 -75.309353 724.131322
-0.499465 -0.715848 0.487952 0.439486 0.276020 0.854790 -0.746584 0.641385 0.176743 -91.195284 -72.504596 729.069641
-0.484989 -0.630091 0.606441 0.512421 0.357192 0.780922 -0.708668 0.689491 0.149637 -96.128656 -69.665188 733.997889
-0.455285 -0.532602 0.713478 0.582880 0.427455 0.691037 -0.673028 0.730491 0.115829 -101.006655 -66.801443 738.903272
-0.411087 -0.425865 0.806006 0.648556 0.484707 0.586885 -0.640611 0.764001 0.076941 -105.819020 -63.923675 743.772996
-0.353650 -0.312771 0.881536 0.707272 0.527331 0.470838 -0.612126 0.789998 0.034723 -110.555492 -61.042197 748.594266
-0.284676 -0.196456 0.938277 0.757100 0.554297 0.345765 -0.588012 0.808801 -0.009058 -115.205811 -58.167323 753.354288
-0.206223 -0.080138 0.975218 0.796468 0.565217 0.214870 -0.568429 0.821041 -0.052733 -119.759719 -55.309368 758.040268
-0.120596 0.033067 0.992151 0.824231 0.560357 0.081509 -0.553263 0.827591 -0.094831 -124.206956 -52.478644 762.639412
-0.030224 0.140298 0.989648 0.839728 0.540607 -0.050994 -0.542165 0.829494 -0.134152 -128.537263 -49.685466 767.138925
0.062460 0.239095 0.968985 0.842801 0.507402 -0.179527 -0.534589 0.827875 -0.169817 -132.740380 -46.940147 771.526013
0.155139 0.327499 0.932028 0.833778 0.462611 -0.301339 -0.529854 0.823854 -0.201293 -136.806048 -44.253002 775.787883
0.245702 0.404116 0.881091 0.813441 0.408402 -0.414152 -0.527204 0.818473 -0.228379 -140.724007 -41.634343 779.911739
0.332328 0.468141 0.818781 0.782954 0.347099 -0.516241 -0.525871 0.812629 -0.251183 -144.483999 -39.094486 783.884787
0.413536 0.519343 0.747844 0.743790 0.281036 -0.606461 -0.525133 0.807033 -0.270063 -148.075763 -36.643743 787.694234
0.488214 0.558013 0.671021 0.697636 0.212432 -0.684235 -0.524358 0.802181 -0.285577 -151.489040 -34.292428 791.327284
0.555621 0.584890 0.590922 0.646302 0.143279 -0.749510 -0.523047 0.798357 -0.298407 -154.713572 -32.050856 794.771145
0.615367 0.601075 0.509933 0.591639 0.075264 -0.802682 -0.520852 0.795641 -0.309304 -157.739098 -29.929339 798.013020
0.667379 0.607928 0.430149 0.535455 0.009726 -0.844507 -0.517584 0.793932 -0.319028 -160.555360 -27.938192 801.040117
0.711850 0.606981 0.353332 0.479460 -0.052365 -0.876000 -0.513213 0.792989 -0.328299 -163.152097 -26.087729 803.839641
0.749185 0.599847 0.280901 0.425214 -0.110397 -0.898335 -0.507853 0.792462 -0.337771 -165.519051 -24.388263 806.398798
0.779939 0.588153 0.213942 0.374105 -0.164077 -0.912757 -0.501738 0.791931 -0.348001 -167.645963 -22.850107 808.704793
0.804757 0.573486 0.153234 0.327334 -0.213384 -0.920500 -0.495196 0.790937 -0.359443 -169.522572 -21.483577 810.744832
0.824319 0.557351 0.099286 0.285921 -0.258502 -0.922727 -0.488618 0.789010 -0.372446 -171.138619 -20.298986 812.506121
0.839291 0.541154 0.052379 0.250717 -0.299750 -0.920484 -0.482423 0.785686 -0.387254 -172.483846 -19.306646 813.975866
0.850275 0.526187 0.012609 0.222428 -0.337507 -0.914666 -0.477030 0.780523 -0.404013 -173.547992 -18.516873 815.141273
0.857774 0.513635 -0.020065 0.201644 -0.372140 -0.906008 -0.472825 0.773104 -0.422784 -174.320798 -17.939980 815.989546
0.862151 0.504579 -0.045791 0.188864 -0.403932 -0.895081 -0.470135 0.763046 -0.443547 -174.792006 -17.586281 816.507893
0.863599 0.500000 -0.064783 0.184517 -0.433013 -0.882300 -0.469202 0.750000 -0.466208 -174.951355 -17.466089 816.683518
0.862696 0.499509 -0.079036 0.187234 -0.460649 -0.867609 -0.469786 0.733685 -0.490925 -174.875691 -17.532183 816.594916
0.859993 0.502186 -0.090673 0.195229 -0.487942 -0.850763 -0.471485 0.713948 -0.517668 -174.652789 -17.726893 816.333900
0.855441 0.508125 -0.100149 0.208254 -0.514542 -0.831791 -0.474185 0.690692 -0.545979 -174.288785 -18.044859 815.907652
0.848925 0.517376 -0.107928 0.226036 -0.540012 -0.810737 -0.477739 0.663859 -0.575375 -173.789812 -18.480722 815.323358
0.840274 0.529937 -0.114484 0.248278 -0.563838 -0.787683 -0.481973 0.633446 -0.605350 -173.162006 -19.029124 814.588201
0.829274 0.545743 -0.120285 0.274649 -0.585455 -0.762765 -0.486695 0.599506 -0.635390 -172.411503 -19.684705 813.709365
0.815680 0.564662 -0.125785 0.304779 -0.604262 -0.736191 -0.491707 0.562160 -0.664981 -171.544435 -20.442107 812.694034
0.799230 0.586483 -0.131414 0.338253 -0.619653 -0.708248 -0.496806 0.521602 -0.693625 -170.566940 -21.295971 811.549392
0.779655 0.610913 -0.137560 0.374608 -0.631040 -0.679307 -0.501803 0.478094 -0.720846 -169.485151 -22.240937 810.282623
0.756700 0.637581 -0.144557 0.413326 -0.637881 -0.649823 -0.506524 0.431971 -0.746213 -168.305204 -23.271647 808.900911
0.730129 0.666036 -0.152668 0.453841 -0.639705 -0.620328 -0.510823 0.383632 -0.769341 -167.033233 -24.382741 807.411440
0.699749 0.695762 -0.162072 0.495533 -0.636139 -0.591418 -0.514586 0.333532 -0.789910 -165.675373 -25.568861 805.821393
0.665418 0.726183 -0.172851 0.537742 -0.626928 -0.563733 -0.517738 0.282169 -0.807668 -164.237759 -26.824648 804.137955
0.627060 0.756688 -0.184982 0.579771 -0.611956 -0.537936 -0.520251 0.230071 -0.822439 -162.726527 -28.144743 802.368310
0.584679 0.786648 -0.198331 0.620902 -0.591251 -0.514686 -0.522140 0.177782 -0.834124 -161.147810 -29.523786 800.519641
0.538364 0.815440 -0.212655 0.660410 -0.564998 -0.494607 -0.523472 0.125839 -0.842699 -159.507745 -30.956419 798.599133
0.488301 0.842471 -0.227607 0.697576 -0.533529 -0.478262 -0.524357 0.074763 -0.848210 -157.812465 -32.437282 796.613970
0.434773 0.867206 -0.242747 0.731713 -0.497320 -0.466122 -0.524947 0.025036 -0.850767 -156.068106 -33.961018 794.571335
0.378162 0.889187 -0.257563 0.762178 -0.456969 -0.458545 -0.525431 -0.022905 -0.850528 -154.280803 -35.522266 792.478412
0.318946 0.908056 -0.271492 0.788398 -0.413179 -0.455754 -0.526025 -0.068683 -0.847691 -152.456690 -37.115669 790.342385
0.257686 0.923566 -0.283944 0.809881 -0.366723 -0.457829 -0.526964 -0.111985 -0.842478 -150.601903 -38.735866 788.170439
0.195018 0.935593 -0.294337 0.826238 -0.318417 -0.464695 -0.528488 -0.152568 -0.835119 -148.722576 -40.377499 785.969757
0.131639 0.944136 -0.302122 0.837191 -0.269089 -0.476133 -0.530832 -0.190256 -0.825845 -146.824844 -42.035209 783.747523
0.068281 0.949318 -0.306811 0.842585 -0.219544 -0.491783 -0.534217 -0.224935 -0.814872 -144.914842 -43.703637 781.510922
0.005695 0.951367 -0.308007 0.842393 -0.170534 -0.511168 -0.538834 -0.256551 -0.802396 -142.998706 -45.377424 779.267136
-0.055370 0.950607 -0.305418 0.836713 -0.122739 -0.533710 -0.544835 -0.285099 -0.788589 -141.082569 -47.051210 777.023351
-0.114195 0.947434 -0.298880 0.825767 -0.076740 -0.558767 -0.552330 -0.310613 -0.773596 -139.172568 -48.719638 774.786749
-0.170110 0.942292 -0.288355 0.809889 -0.033012 -0.585654 -0.561376 -0.333161 -0.757536 -137.274836 -50.377348 772.564515
-0.222514 0.935652 -0.273940 0.789515 0.008087 -0.613678 -0.571974 -0.352832 -0.740511 -135.395509 -52.018981 770.363833
-0.270895 0.927983 -0.255856 0.765164 0.046312 -0.642167 -0.584071 -0.369732 -0.722606 -133.540722 -53.639178 768.191887
-0.314843 0.919735 -0.234437 0.737422 0.081527 -0.670494 -0.597563 -0.383980 -0.703902 -131.716609 -55.232581 766.055861
-0.354059 0.911315 -0.210114 0.706920 0.113695 -0.698096 -0.612296 -0.395701 -0.684481 -129.929306 -56.793829 763.962938
-0.388363 0.903074 -0.183389 0.674313 0.142861 -0.724495 -0.628073 -0.405029 -0.664437 -128.184947 -58.317565 761.920303
-0.417695 0.895300 -0.154818 0.640263 0.169137 -0.749304 -0.644666 -0.412105 -0.643875 -126.489667 -59.798428 759.935139
-0.442110 0.888211 -0.124982 0.605416 0.192686 -0.772233 -0.661823 -0.417078 -0.622926 -124.849601 -61.231061 758.014631
-0.461776 0.881952 -0.094467 0.570392 0.213700 -0.793086 -0.679276 -0.420111 -0.601740 -123.270885 -62.610105 756.165963
-0.476958 0.876604 -0.063842 0.535764 0.232389 -0.811758 -0.696755 -0.421379 -0.580493 -121.759652 -63.930199 754.396317
-0.488012 0.872188 -0.033641 0.502055 0.248967 -0.828225 -0.713993 -0.421074 -0.559385 -120.322039 -65.185986 752.712879
-0.495363 0.868675 -0.004355 0.469724 0.263637 -0.842529 -0.730736 -0.419403 -0.538634 -118.964179 -66.372106 751.122833
-0.499493 0.865997 0.023585 0.439171 0.276586 -0.854769 -0.746750 -0.416594 -0.518473 -117.692208 -67.483200 749.633362
-0.500925 0.864056 0.049805 0.410729 0.287979 -0.865084 -0.761824 -0.412886 -0.499148 -116.512261 -68.513910 748.251649
-0.500202 0.862741 0.073993 0.384672 0.297954 -0.873642 -0.775774 -0.408535 -0.480910 -115.430472 -69.458876 746.984880
-0.497875 0.861931 0.095893 0.361221 0.306624 -0.880625 -0.788441 -0.403803 -0.464008 -114.452976 -70.312740 745.840238
-0.494484 0.861505 0.115299 0.340548 0.314074 -0.886219 -0.799695 -0.398957 -0.448688 -113.585909 -71.070142 744.824907
-0.490547 0.861352 0.132048 0.322787 0.320362 -0.890605 -0.809427 -0.394260 -0.435186 -112.835405 -71.725723 743.946071
-0.486543 0.861370 0.146005 0.308047 0.325526 -0.893946 -0.817547 -0.389967 -0.423725 -112.207600 -72.274125 743.210914
-0.482902 0.861475 0.157056 0.296420 0.329579 -0.896389 -0.823979 -0.386313 -0.414513 -111.708627 -72.709988 742.626620
-0.479990 0.861600 0.165094 0.287992 0.332516 -0.898050 -0.828656 -0.383509 -0.407738 -111.344623 -73.027954 742.200373
-0.478101 0.861694 0.170010 0.282855 0.334312 -0.899015 -0.831512 -0.381732 -0.403570 -111.121721 -73.222664 741.939356
-0.477442 0.861728 0.171679 0.281116 0.334923 -0.899333 -0.832480 -0.381117 -0.402152 -111.046057 -73.288758 741.850754
