0.996195 -0.000000 0.087156 0.000000 1.000000 0.000000 -0.087156 0.000000 0.996195 -216.129870 -0.000000 786.662311
0.996283 0.001111 0.086130 -0.001257 0.999998 0.001640 -0.086128 -0.001742 0.996283 -215.952681 0.184872 786.597820
0.996531 0.004413 0.083111 -0.004971 0.999966 0.006506 -0.083080 -0.006897 0.996519 -215.428379 0.729288 786.406990
0.996887 0.009883 0.078218 -0.011053 0.999833 0.014540 -0.078062 -0.015359 0.996830 -214.567860 1.617948 786.093786
0.997279 0.017519 0.071605 -0.019403 0.999481 0.025705 -0.071117 -0.027024 0.997102 -213.382021 2.835553 785.662176
0.997610 0.027339 0.063458 -0.029914 0.998753 0.039982 -0.062286 -0.041784 0.997183 -211.881759 4.366803 785.116125
0.997764 0.039377 0.053997 -0.042468 0.997450 0.057361 -0.051601 -0.059526 0.996892 -210.077970 6.196398 784.459600
0.997612 0.053669 0.043477 -0.056938 0.995339 0.077837 -0.039097 -0.080126 0.996018 -207.981550 8.309038 783.696565
0.997010 0.070253 0.032180 -0.073184 0.992150 0.101398 -0.024804 -0.103450 0.994325 -205.603396 10.689424 782.830988
0.995808 0.089161 0.020423 -0.091050 0.987583 0.128022 -0.008755 -0.129345 0.991561 -202.954405 13.322255 781.866834
0.993850 0.110406 0.008549 -0.110369 0.981306 0.157663 0.009018 -0.157637 0.987456 -200.045473 16.192233 780.808070
0.990979 0.133983 -0.003070 -0.130958 0.972963 0.190246 0.028477 -0.188128 0.981732 -196.887497 19.284057 779.658661
0.987041 0.159853 -0.014039 -0.152616 0.962178 0.225660 0.049581 -0.220593 0.974105 -193.491373 22.582427 778.422573
0.981888 0.187942 -0.023946 -0.175130 0.948561 0.263746 0.072283 -0.254775 0.964295 -189.867999 26.072045 777.103772
0.975383 0.218131 -0.032363 -0.198269 0.931716 0.304294 0.096529 -0.290387 0.952028 -186.028269 29.737609 775.706225
0.967400 0.250253 -0.038859 -0.221787 0.911249 0.347038 0.122257 -0.327106 0.937046 -181.983082 33.563821 774.233897
0.957834 0.284084 -0.043003 -0.245427 0.886781 0.391645 0.149394 -0.364577 0.919111 -177.743333 37.535381 772.690754
0.946598 0.319346 -0.044378 -0.268920 0.857953 0.437720 0.177858 -0.402411 0.898016 -173.319919 41.636988 771.080763
0.933630 0.355699 -0.042589 -0.291987 0.824446 0.484801 0.207555 -0.440190 0.873587 -168.723736 45.853343 769.407890
0.918892 0.392745 -0.037274 -0.314346 0.785987 0.532363 0.238380 -0.477467 0.845695 -163.965682 50.169147 767.676100
0.902376 0.430032 -0.028119 -0.335711 0.742366 0.579820 0.270216 -0.513775 0.814259 -159.056653 54.569100 765.889359
0.884103 0.467056 -0.014863 -0.355801 0.693444 0.626531 0.302932 -0.548630 0.779255 -154.007545 59.037901 764.051634
0.864126 0.503268 0.002683 -0.374338 0.639168 0.671815 0.336388 -0.581537 0.740714 -148.829255 63.560251 762.166891
0.842528 0.538089 0.024635 -0.391059 0.579579 0.714956 0.370432 -0.612004 0.698736 -143.532679 68.120851 760.239095
0.819423 0.570914 0.051020 -0.405712 0.514820 0.755221 0.404900 -0.639545 0.653482 -138.128714 72.704400 758.272212
0.794955 0.601132 0.081775 -0.418068 0.445142 0.791876 0.439620 -0.663693 0.605182 -132.628257 77.295600 756.270210
0.769294 0.628139 0.116741 -0.427924 0.370906 0.824203 0.474413 -0.684011 0.554131 -127.042203 81.879149 754.237053
0.742637 0.651352 0.155662 -0.435102 0.292581 0.851518 0.509094 -0.700098 0.500686 -121.381451 86.439749 752.176707
0.715203 0.670229 0.198189 -0.439458 0.210741 0.873192 0.543472 -0.711605 0.445260 -115.656895 90.962099 750.093139
0.687226 0.684282 0.243883 -0.440886 0.126056 0.888667 0.577356 -0.718239 0.388319 -109.879433 95.430900 747.990315
0.658956 0.693095 0.292224 -0.439314 0.039281 0.897474 0.610557 -0.719775 0.330371 -104.059962 99.830853 745.872201
0.630653 0.696336 0.342626 -0.434713 -0.048760 0.899248 0.642885 -0.716058 0.271956 -98.209377 104.146657 743.742762
0.602577 0.693767 0.394446 -0.427092 -0.137187 0.893740 0.674161 -0.707012 0.213636 -92.338576 108.363012 741.605965
0.574991 0.685256 0.447001 -0.416502 -0.225093 0.880829 0.704210 -0.692645 0.155984 -86.458454 112.464619 739.465776
0.548147 0.670781 0.499588 -0.403033 -0.311556 0.860522 0.732871 -0.673043 0.099568 -80.579909 116.436179 737.326160
0.522288 0.650429 0.551504 -0.386813 -0.395666 0.832961 0.759994 -0.648375 0.044942 -74.713837 120.262391 735.191085
0.497642 0.624403 0.602057 -0.368005 -0.476550 0.798419 0.785445 -0.618887 -0.007368 -68.871135 123.927955 733.064515
0.474414 0.593007 0.650595 -0.346805 -0.553385 0.757292 0.809109 -0.584899 -0.056876 -63.062698 127.417573 730.950417
0.452784 0.556645 0.696515 -0.323435 -0.625429 0.710090 0.830889 -0.546795 -0.103145 -57.299425 130.715943 728.852757
0.432907 0.515807 0.739280 -0.298142 -0.692029 0.657425 0.850707 -0.505015 -0.145800 -51.592210 133.807767 726.775501
0.414908 0.471055 0.778434 -0.271190 -0.752640 0.599991 0.868509 -0.460044 -0.184531 -45.951952 136.677745 724.722615
0.398877 0.423008 0.813610 -0.242857 -0.806837 0.538548 0.884261 -0.412405 -0.219098 -40.389546 139.310576 722.698064
0.384874 0.372327 0.844538 -0.213428 -0.854321 0.473904 0.897953 -0.362642 -0.249341 -34.915888 141.690962 720.705816
0.372927 0.319695 0.871046 -0.183191 -0.894920 0.406889 0.909597 -0.311308 -0.275174 -29.541877 143.803602 718.749836
0.363028 0.265802 0.893062 -0.152431 -0.928596 0.338341 0.919225 -0.258958 -0.296590 -24.278407 145.633197 716.834089
0.355143 0.211325 0.910613 -0.121425 -0.955432 0.269083 0.926892 -0.206134 -0.313654 -19.136375 147.164447 714.962543
0.349203 0.156918 0.923815 -0.090440 -0.975632 0.199906 0.932672 -0.153357 -0.326503 -14.126679 148.382052 713.139163
0.345118 0.103195 0.932869 -0.059723 -0.989508 0.131555 0.936657 -0.101116 -0.335334 -9.260215 149.270712 711.367915
0.342769 0.050720 0.938049 -0.029507 -0.997467 0.064715 0.938956 -0.049862 -0.340405 -4.547878 149.815128 709.652764
0.342020 -0.000000 0.939693 -0.000000 -1.000000 0.000000 0.939693 -0.000000 -0.342020 -0.000567 150.000000 707.997678
0.342744 -0.049589 0.938119 0.029162 -0.997563 -0.063385 0.938976 0.049083 -0.340463 4.550961 149.751120 706.341058
0.344919 -0.098792 0.933419 0.058391 -0.990261 -0.126385 0.936815 0.098096 -0.335791 9.275915 149.016960 704.621315
0.348543 -0.147339 0.925640 0.087568 -0.978129 -0.188667 0.933193 0.146815 -0.328017 14.163351 147.816240 702.842434
0.353608 -0.194961 0.914850 0.116570 -0.961229 -0.249902 0.928102 0.195012 -0.317172 19.202325 146.167680 701.008397
0.360101 -0.241397 0.901141 0.145278 -0.939649 -0.309766 0.921532 0.242463 -0.303298 24.381894 144.090000 699.123188
0.367998 -0.286391 0.884623 0.173570 -0.913504 -0.367945 0.913483 0.288947 -0.286459 29.691114 141.601920 697.190790
0.377272 -0.329699 0.865427 0.201326 -0.882937 -0.424135 0.903955 0.334247 -0.266730 35.119041 138.722160 695.215186
0.387887 -0.371089 0.843704 0.228427 -0.848112 -0.478045 0.892953 0.378152 -0.244205 40.654732 135.469440 693.200360
0.399800 -0.410338 0.819623 0.254758 -0.809220 -0.529397 0.880487 0.420459 -0.218990 46.287243 131.862480 691.150293
0.412963 -0.447242 0.793370 0.280204 -0.766474 -0.577931 0.866572 0.460969 -0.191206 52.005630 127.920000 689.068971
0.427320 -0.481612 0.765145 0.304653 -0.720105 -0.623406 0.851225 0.499498 -0.160991 57.798949 123.660720 686.960375
0.442809 -0.513276 0.735165 0.327999 -0.670369 -0.665599 0.834468 0.535867 -0.128491 63.656257 119.103360 684.828489
0.459362 -0.542082 0.703657 0.350138 -0.617534 -0.704312 0.816327 0.569911 -0.093868 69.566610 114.266640 682.677297
0.476904 -0.567898 0.670861 0.370971 -0.561887 -0.739367 0.796833 0.601477 -0.057293 75.519064 109.169280 680.510781
0.495358 -0.590611 0.637024 0.390405 -0.503728 -0.770611 0.776018 0.630426 -0.018948 81.502676 103.830000 678.332924
0.514636 -0.610133 0.602402 0.408352 -0.443369 -0.797917 0.753922 0.656629 0.020975 87.506502 98.267520 676.147710
0.534651 -0.626395 0.567254 0.424729 -0.381130 -0.821185 0.730584 0.679977 0.062277 93.519597 92.500560 673.959122
0.555308 -0.639355 0.531844 0.439462 -0.317339 -0.840339 0.706050 0.700372 0.104751 99.531020 86.547840 671.771144
0.576508 -0.648991 0.496436 0.452480 -0.252329 -0.855331 0.680368 0.717733 0.148186 105.529824 80.428080 669.587757
0.598149 -0.655305 0.461294 0.463723 -0.186433 -0.866143 0.653588 0.731996 0.192365 111.505068 74.160000 667.412946
0.620128 -0.658322 0.426678 0.473137 -0.119987 -0.872780 0.625766 0.743112 0.237069 117.445807 67.762320 665.250694
0.642334 -0.658089 0.392842 0.480676 -0.053323 -0.875276 0.596957 0.751049 0.282076 123.341098 61.253760 663.104984
0.664659 -0.654677 0.360036 0.486300 0.013233 -0.873692 0.567221 0.755793 0.327165 129.179996 54.653040 660.979799
0.686991 -0.648176 0.328498 0.489981 0.079360 -0.868113 0.536620 0.757344 0.372114 134.951559 47.978880 658.879122
0.709217 -0.638698 0.298456 0.491697 0.144748 -0.858651 0.505218 0.755720 0.416704 140.644841 41.250000 656.806936
0.731223 -0.626374 0.270126 0.491435 0.209097 -0.845441 0.473079 0.750956 0.460719 146.248901 34.485120 654.767225
0.752897 -0.611353 0.243709 0.489190 0.272122 -0.828639 0.440272 0.743100 0.503948 151.752793 27.702960 652.763972
0.774124 -0.593801 0.219392 0.484968 0.333553 -0.808423 0.406864 0.732218 0.546186 157.145575 20.922240 650.801160
0.794793 -0.573899 0.197341 0.478781 0.393136 -0.784993 0.372925 0.718390 0.587233 162.416302 14.161680 648.882772
0.814794 -0.551843 0.177708 0.470650 0.450636 -0.758561 0.338525 0.701710 0.626901 167.554031 7.440000 647.012792
0.834018 -0.527838 0.160624 0.460607 0.505840 -0.729361 0.303735 0.682285 0.665006 172.547818 0.775920 645.195202
0.852361 -0.502103 0.146198 0.448689 0.558553 -0.697636 0.268626 0.660235 0.701377 177.386720 -5.811840 643.433986
0.869718 -0.474862 0.134521 0.434943 0.608605 -0.663644 0.233269 0.635693 0.735853 182.059792 -12.304560 641.733127
0.885993 -0.446347 0.125661 0.419425 0.655849 -0.627651 0.197735 0.608800 0.768286 186.556091 -18.683520 640.096608
0.901090 -0.416793 0.119665 0.402196 0.700158 -0.589929 0.162094 0.579708 0.798539 190.864673 -24.930000 638.528412
0.914921 -0.386438 0.116556 0.383326 0.741435 -0.550759 0.126415 0.548580 0.826486 194.974594 -31.025280 637.032523
0.927399 -0.355522 0.116339 0.362893 0.779602 -0.510420 0.090768 0.515582 0.852019 198.874912 -36.950640 635.612924
0.938448 -0.324279 0.118993 0.340980 0.814609 -0.469197 0.055218 0.480891 0.875040 202.554681 -42.687360 634.273597
0.947992 -0.292943 0.124480 0.317675 0.846427 -0.427368 0.019831 0.444686 0.895467 206.002959 -48.216720 633.018527
0.955966 -0.261742 0.132739 0.293076 0.875053 -0.385211 -0.015328 0.407152 0.913232 209.208802 -53.520000 631.851696
0.962310 -0.230896 0.143691 0.267283 0.900507 -0.342997 -0.050198 0.368476 0.928281 212.161265 -58.578480 630.777087
0.966969 -0.200616 0.157237 0.240401 0.922828 -0.300990 -0.084720 0.328848 0.940575 214.849405 -63.373440 629.798684
0.969899 -0.171103 0.173261 0.212541 0.942081 -0.259442 -0.118835 0.288458 0.950090 217.262279 -67.886160 628.920469
0.971061 -0.142545 0.191631 0.183816 0.958346 -0.218596 -0.152489 0.247495 0.956814 219.388943 -72.097920 628.146427
0.970422 -0.115117 0.212199 0.154344 0.971726 -0.178682 -0.185630 0.206148 0.960752 221.218453 -75.990000 627.480540
0.967961 -0.088981 0.234806 0.124242 0.982338 -0.139912 -0.218209 0.164602 0.961920 222.739865 -79.543680 626.926791
0.963661 -0.064281 0.259277 0.093634 0.990318 -0.102487 -0.250179 0.123040 0.960350 223.942236 -82.740240 626.489164
0.957515 -0.041147 0.285432 0.062642 0.995812 -0.066587 -0.281497 0.081638 0.956083 224.814621 -85.560960 626.171642
0.949523 -0.019688 0.313079 0.031389 0.998983 -0.032376 -0.312123 0.040569 0.949175 225.346078 -87.987120 625.978207
0.939693 -0.000000 0.342020 0.000000 1.000000 -0.000000 -0.342020 0.000000 0.939693 225.525662 -90.000000 625.912844
0.927775 0.018398 0.372686 -0.032010 0.999026 0.030369 -0.371764 -0.040106 0.927460 225.469732 -91.752480 625.933201
0.913399 0.035877 0.405481 -0.065060 0.996170 0.058414 -0.401833 -0.079736 0.912235 225.303744 -93.411840 625.993615
0.896412 0.052216 0.440136 -0.098907 0.991561 0.083806 -0.432045 -0.118657 0.894012 225.030407 -94.980960 626.093102
0.876689 0.067221 0.476337 -0.133281 0.985367 0.106246 -0.462225 -0.156631 0.872820 224.652425 -96.462720 626.230676
0.854140 0.080734 0.513739 -0.167890 0.977788 0.125475 -0.492198 -0.193425 0.848722 224.172505 -97.860000 626.405353
0.828706 0.092631 0.551966 -0.202419 0.969055 0.141279 -0.521798 -0.228807 0.821812 223.593353 -99.175680 626.616147
0.800371 0.102831 0.590619 -0.236537 0.959421 0.153499 -0.550868 -0.262560 0.792216 222.917677 -100.412640 626.862073
0.769160 0.111296 0.629290 -0.269905 0.949156 0.162029 -0.579261 -0.294475 0.760093 222.148181 -101.573760 627.142146
0.735141 0.118029 0.667561 -0.302176 0.938541 0.166827 -0.606842 -0.324362 0.725625 221.287573 -102.661920 627.455382
0.698424 0.123078 0.705022 -0.333006 0.927854 0.167911 -0.633491 -0.352050 0.689021 220.338559 -103.680000 627.800795
0.659166 0.126531 0.741276 -0.362058 0.917371 0.165363 -0.659101 -0.377387 0.650511 219.303845 -104.630880 628.177400
0.617564 0.128516 0.775950 -0.389010 0.907351 0.159326 -0.683583 -0.400247 0.610342 218.186137 -105.517440 628.584213
0.573857 0.129193 0.808701 -0.413561 0.898035 0.150000 -0.706863 -0.420526 0.568773 216.988141 -106.342560 629.020247
0.528320 0.128750 0.839227 -0.435438 0.889634 0.137638 -0.728884 -0.438148 0.526074 215.712565 -107.109120 629.484519
0.481259 0.127398 0.867271 -0.454400 0.882329 0.122542 -0.749607 -0.453062 0.482519 214.362114 -107.820000 629.976043
0.433010 0.125363 0.892629 -0.470244 0.876262 0.105049 -0.769007 -0.465241 0.438382 212.939494 -108.478080 630.493834
0.383929 0.122877 0.915150 -0.482812 0.871537 0.085531 -0.787078 -0.474683 0.393935 211.447413 -109.086240 631.036908
0.334386 0.120171 0.934743 -0.491989 0.868218 0.064381 -0.803824 -0.481411 0.349443 209.888576 -109.647360 631.604278
0.284760 0.117471 0.951374 -0.497711 0.866326 0.042002 -0.819265 -0.485470 0.305162 208.265689 -110.164320 632.194960
0.235430 0.114984 0.965066 -0.499961 0.865844 0.018805 -0.833434 -0.486922 0.261333 206.581459 -110.640000 632.807970
0.186769 0.112895 0.975896 -0.498772 0.866720 -0.004809 -0.846371 -0.485851 0.218185 204.838592 -111.077280 633.442322
0.139136 0.111364 0.983992 -0.494227 0.868867 -0.028451 -0.858126 -0.482357 0.175930 203.039795 -111.479040 634.097030
0.092870 0.110515 0.989526 -0.486454 0.872172 -0.051753 -0.868757 -0.476552 0.134759 201.187774 -111.848160 634.771111
0.048286 0.110436 0.992710 -0.475621 0.876500 -0.074373 -0.878324 -0.468563 0.094848 199.285234 -112.187520 635.463579
0.005665 0.111177 0.993784 -0.461940 0.881700 -0.096005 -0.886893 -0.458525 0.056352 197.334884 -112.500000 636.173448
-0.034748 0.112749 0.993016 -0.445651 0.887610 -0.116375 -0.894532 -0.446583 0.019404 195.339428 -112.788480 636.899735
-0.072744 0.115121 0.990684 -0.427028 0.894067 -0.135249 -0.901308 -0.432888 -0.015878 193.301573 -113.055840 637.641453
-0.108158 0.118226 0.987079 -0.406362 0.900908 -0.152431 -0.907288 -0.417598 -0.049398 191.224025 -113.304960 638.397619
-0.140870 0.121959 0.982487 -0.383964 0.907980 -0.167764 -0.912539 -0.400873 -0.081080 189.109491 -113.538720 639.167246
-0.170802 0.126186 0.977192 -0.360155 0.915141 -0.181124 -0.917123 -0.382876 -0.110861 186.960677 -113.760000 639.949351
-0.197918 0.130742 0.971460 -0.335259 0.922266 -0.192424 -0.921103 -0.363775 -0.138701 184.780289 -113.971680 640.742947
-0.222227 0.135439 0.965542 -0.309601 0.929248 -0.201605 -0.924534 -0.343735 -0.164572 182.571035 -114.176640 641.547050
-0.243774 0.140071 0.959664 -0.283500 0.936002 -0.208632 -0.927471 -0.322924 -0.188463 180.335619 -114.377760 642.360675
-0.262643 0.144418 0.954024 -0.257263 0.942463 -0.213492 -0.929965 -0.301507 -0.210378 178.076748 -114.577920 643.182836
-0.278951 0.148250 0.948793 -0.231184 0.948587 -0.216187 -0.932062 -0.279651 -0.230336 175.797129 -114.780000 644.012550
-0.292841 0.151335 0.944109 -0.205540 0.954349 -0.216730 -0.933808 -0.257519 -0.248368 173.499468 -114.986880 644.848830
-0.304483 0.153439 0.940078 -0.180587 0.959741 -0.215140 -0.935242 -0.235272 -0.264516 171.186471 -115.201440 645.690692
-0.314065 0.154333 0.936773 -0.156563 0.964771 -0.211435 -0.936403 -0.213068 -0.278838 168.860844 -115.426560 646.537151
-0.321789 0.153791 0.934238 -0.133681 0.969456 -0.205634 -0.937327 -0.191061 -0.291401 166.525294 -115.665120 647.387222
-0.327867 0.151600 0.932481 -0.112135 0.973818 -0.197748 -0.938045 -0.169399 -0.302283 164.182528 -115.920000 648.239919
-0.332515 0.147556 0.931483 -0.092098 0.977883 -0.187783 -0.938590 -0.148228 -0.311571 161.835251 -116.194080 649.094258
-0.335949 0.141465 0.931196 -0.073721 0.981674 -0.175730 -0.938991 -0.127685 -0.319364 159.486170 -116.490240 649.949253
-0.338381 0.133147 0.931542 -0.057140 0.985205 -0.161573 -0.939273 -0.107902 -0.325767 157.137991 -116.811360 650.803921
-0.340013 0.122434 0.932417 -0.042473 0.988478 -0.145284 -0.939461 -0.089001 -0.330895 154.793420 -117.160320 651.657275
-0.341031 0.109171 0.933691 -0.029827 0.991477 -0.126822 -0.939579 -0.071100 -0.334868 152.455164 -117.540000 652.508330
-0.341606 0.093213 0.935209 -0.019297 0.994164 -0.106138 -0.939645 -0.054304 -0.337814 150.125929 -117.953280 653.356102
-0.341886 0.074430 0.936789 -0.010970 0.996475 -0.083175 -0.939677 -0.038713 -0.339865 147.808422 -118.403040 654.199606
-0.341993 0.052702 0.938223 -0.004926 0.998312 -0.057873 -0.939690 -0.024414 -0.341156 145.505348 -118.892160 655.037857
-0.342018 0.027923 0.939278 -0.001244 0.999544 -0.030167 -0.939692 -0.011486 -0.341828 143.219414 -119.423520 655.869868
-0.342020 -0.000000 0.939693 -0.000000 1.000000 0.000000 -0.939693 -0.000000 -0.342020 140.953326 -120.000000 656.694657
-0.342018 -0.031948 0.939150 -0.001447 0.999439 0.033472 -0.939692 0.010089 -0.341872 138.690471 -120.611760 657.518269
-0.341984 -0.068566 0.937201 -0.005708 0.997468 0.070892 -0.939688 0.018895 -0.341509 136.412130 -121.246080 658.347517
-0.341842 -0.109551 0.933350 -0.012666 0.993629 0.111987 -0.939672 0.026460 -0.341052 134.117852 -121.901520 659.182566
-0.341473 -0.154557 0.927097 -0.022199 0.987438 0.156440 -0.939630 0.032839 -0.340614 131.807185 -122.576640 660.023580
-0.340721 -0.203190 0.917945 -0.034182 0.978398 0.203884 -0.939543 0.038090 -0.340306 129.479679 -123.270000 660.870723
-0.339403 -0.255001 0.905417 -0.048480 0.966016 0.253895 -0.939391 0.042278 -0.340231 127.134883 -123.980160 661.724159
-0.337314 -0.309486 0.889066 -0.064949 0.949816 0.305991 -0.939149 0.045471 -0.340487 124.772346 -124.705680 662.584052
-0.334233 -0.366080 0.868489 -0.083428 0.929358 0.359630 -0.938791 0.047743 -0.341163 122.391616 -125.445120 663.450567
-0.329930 -0.424166 0.843345 -0.103743 0.904249 0.414212 -0.938288 0.049170 -0.342343 119.992242 -126.197040 664.323868
-0.324174 -0.483071 0.813359 -0.125697 0.874162 0.469085 -0.937610 0.049829 -0.344101 117.573774 -126.960000 665.204118
-0.316740 -0.542082 0.778346 -0.149075 0.838848 0.523555 -0.936724 0.049798 -0.346508 115.135760 -127.732560 666.091482
-0.307413 -0.600450 0.738212 -0.173642 0.798150 0.576893 -0.935599 0.049160 -0.349625 112.677750 -128.513280 666.986125
-0.295998 -0.657403 0.692969 -0.199140 0.752009 0.628351 -0.934199 0.047993 -0.353508 110.199292 -129.300720 667.888210
-0.282322 -0.712166 0.642739 -0.225294 0.700477 0.677181 -0.932490 0.046378 -0.358207 107.699935 -130.093440 668.797901
-0.266245 -0.763975 0.587756 -0.251812 0.643717 0.722647 -0.930432 0.044397 -0.363764 105.179228 -130.890000 669.715364
-0.247659 -0.812092 0.528368 -0.278387 0.582007 0.764048 -0.927990 0.042133 -0.370215 102.636721 -131.688960 670.640761
-0.226498 -0.855830 0.465031 -0.304705 0.515734 0.800733 -0.925123 0.039667 -0.377588 100.071961 -132.488880 671.574257
-0.202736 -0.894568 0.398304 -0.330449 0.445391 0.832124 -0.921793 0.037083 -0.385906 97.484499 -133.288320 672.516016
-0.176396 -0.927768 0.328832 -0.355301 0.371562 0.857731 -0.917958 0.034466 -0.395178 94.873882 -134.085840 673.466203
-0.147542 -0.954992 0.257337 -0.378953 0.294912 0.877167 -0.913579 0.031900 -0.405409 92.239661 -134.880000 674.424981
-0.116287 -0.975911 0.184593 -0.401114 0.216168 0.890157 -0.908617 0.029471 -0.416589 89.581383 -135.669360 675.392515
-0.082790 -0.990320 0.111412 -0.421510 0.136101 0.896552 -0.903036 0.027264 -0.428698 86.898598 -136.452480 676.368969
-0.047249 -0.998136 0.038620 -0.439899 0.055505 0.896331 -0.896804 0.025362 -0.441701 84.190855 -137.227920 677.354507
-0.009901 -0.999407 -0.032967 -0.456068 -0.024827 0.889599 -0.889890 0.023843 -0.455552 81.457703 -137.994240 678.349293
0.028983 -0.994304 -0.102566 -0.469846 -0.104118 0.876586 -0.882272 0.022784 -0.470188 78.698690 -138.750000 679.353491
0.069105 -0.983114 -0.169442 -0.481104 -0.181634 0.857641 -0.873936 0.022252 -0.485532 75.913366 -139.493760 680.367266
0.110146 -0.966235 -0.232934 -0.489756 -0.256696 0.833214 -0.864874 0.022305 -0.501494 73.101280 -140.224080 681.390782
0.151774 -0.944155 -0.292467 -0.495767 -0.328700 0.803848 -0.855090 0.022992 -0.517969 70.261980 -140.939520 682.424203
0.193648 -0.917441 -0.347566 -0.499149 -0.397126 0.770157 -0.844601 0.024348 -0.534842 67.395015 -141.638640 683.467693
0.235430 -0.886722 -0.397866 -0.499961 -0.461550 0.732810 -0.833434 0.026392 -0.551988 64.499935 -142.320000 684.521416
0.276788 -0.852665 -0.443115 -0.498307 -0.521645 0.692515 -0.821632 0.029128 -0.569274 61.576288 -142.982160 685.585536
0.317403 -0.815964 -0.483175 -0.494337 -0.577186 0.649990 -0.809251 0.032542 -0.586561 58.623623 -143.623680 686.660218
0.356977 -0.777316 -0.518023 -0.488236 -0.628045 0.605958 -0.796362 0.036605 -0.603711 55.641490 -144.243120 687.745626
0.395235 -0.737407 -0.547741 -0.480227 -0.674187 0.561118 -0.783052 0.041267 -0.620585 52.629437 -144.839040 688.841924
0.431931 -0.696898 -0.572511 -0.470559 -0.715664 0.516140 -0.769422 0.046463 -0.637049 49.587013 -145.410000 689.949275
0.466849 -0.656413 -0.592599 -0.459504 -0.752599 0.471647 -0.755585 0.052114 -0.652975 46.513767 -145.954560 691.067845
0.499804 -0.616530 -0.608347 -0.447353 -0.785183 0.428210 -0.741668 0.058125 -0.668244 43.409248 -146.471280 692.197798
0.530644 -0.577774 -0.620157 -0.434408 -0.813653 0.386340 -0.727809 0.064392 -0.682750 40.273005 -146.958720 693.339297
0.559249 -0.540611 -0.628475 -0.420975 -0.838288 0.346487 -0.714158 0.070800 -0.696395 37.104587 -147.415440 694.492507
0.585525 -0.505453 -0.633780 -0.407362 -0.859391 0.309037 -0.700868 0.077228 -0.709098 33.903543 -147.840000 695.657592
0.609409 -0.472655 -0.636567 -0.393871 -0.877277 0.274317 -0.688103 0.083554 -0.720786 30.669422 -148.230960 696.834715
0.630856 -0.442519 -0.637336 -0.380798 -0.892266 0.242597 -0.676028 0.089653 -0.731402 27.401772 -148.586880 698.024043
0.649841 -0.415300 -0.636579 -0.368424 -0.904668 0.214100 -0.664808 0.095400 -0.740897 24.100143 -148.906320 699.225737
0.666351 -0.391213 -0.634767 -0.357017 -0.914776 0.189005 -0.654611 0.100679 -0.749232 20.764084 -149.187840 700.439963
0.680379 -0.370441 -0.632343 -0.346827 -0.922859 0.167459 -0.645597 0.105378 -0.756373 17.393144 -149.430000 701.666885
0.691921 -0.353141 -0.629712 -0.338082 -0.929153 0.149586 -0.637923 0.109393 -0.762291 13.986871 -149.631360 702.906667
0.700964 -0.339454 -0.627232 -0.330993 -0.933855 0.135495 -0.631738 0.112632 -0.766956 10.544814 -149.790480 704.159474
0.707488 -0.329513 -0.625206 -0.325745 -0.937119 0.125289 -0.627177 0.115017 -0.770338 7.066523 -149.905920 705.425468
0.711452 -0.323447 -0.623874 -0.322501 -0.939049 0.119078 -0.624364 0.116482 -0.772400 3.551547 -149.976240 706.704815
0.712792 -0.321394 -0.623405 -0.321394 -0.939693 0.116978 -0.623405 0.116978 -0.773099 -0.000567 -150.000000 707.997678
0.709725 -0.325089 -0.624986 -0.323920 -0.938408 0.120279 -0.625593 0.117080 -0.771314 -3.685891 -149.822400 709.339027
0.700607 -0.335992 -0.629492 -0.331278 -0.934521 0.130098 -0.631985 0.117389 -0.766038 -7.592080 -149.299200 710.760763
0.685455 -0.353824 -0.636365 -0.343022 -0.927847 0.146407 -0.642252 0.117931 -0.757367 -11.706957 -148.444800 712.258456
0.664178 -0.378296 -0.644795 -0.358555 -0.918034 0.169270 -0.655978 0.118769 -0.745377 -16.018342 -147.273600 713.827672
0.636616 -0.409076 -0.653741 -0.377126 -0.904577 0.198789 -0.672679 0.119990 -0.730141 -20.514057 -145.800000 715.463978
0.602595 -0.445762 -0.661948 -0.397832 -0.886839 0.235045 -0.691816 0.121708 -0.711743 -25.181923 -144.038400 717.162943
0.561976 -0.487844 -0.667975 -0.419619 -0.864072 0.278028 -0.712813 0.124050 -0.690297 -30.009763 -142.003200 718.920133
0.514718 -0.534666 -0.670222 -0.441287 -0.835442 0.327569 -0.735072 0.127155 -0.665958 -34.985398 -139.708800 720.731116
0.460924 -0.585391 -0.666983 -0.461510 -0.800072 0.383268 -0.757996 0.131162 -0.638936 -40.096649 -137.169600 722.591459
0.400906 -0.638967 -0.656502 -0.478861 -0.757081 0.444433 -0.781003 0.136197 -0.609495 -45.331339 -134.400000 724.496730
0.335222 -0.694111 -0.637053 -0.491863 -0.705649 0.510029 -0.803553 0.142370 -0.577956 -50.677288 -131.414400 726.442496
0.264715 -0.749291 -0.607033 -0.499040 -0.645085 0.578640 -0.825158 0.149759 -0.544690 -56.122318 -128.227200 728.424325
0.190538 -0.802745 -0.565063 -0.498987 -0.574899 0.648462 -0.845403 0.158402 -0.510100 -61.654251 -124.852800 730.437784
0.114149 -0.852505 -0.510103 -0.490453 -0.494884 0.717319 -0.863960 0.168300 -0.474604 -67.260908 -121.305600 732.478440
0.037297 -0.896457 -0.441559 -0.472417 -0.405190 0.782715 -0.880585 0.179407 -0.438614 -72.930111 -117.600000 734.541862
-0.038023 -0.932415 -0.359383 -0.444179 -0.306390 0.841921 -0.895131 0.191642 -0.402509 -78.649682 -113.750400 736.623615
-0.109636 -0.958231 -0.264146 -0.405422 -0.199526 0.892089 -0.907531 0.204896 -0.366613 -84.407442 -109.771200 738.719268
-0.175278 -0.971906 -0.157088 -0.356282 -0.086126 0.930401 -0.917791 0.219046 -0.331176 -90.191212 -105.676800 740.824389
-0.232694 -0.971722 -0.040125 -0.297370 0.031807 0.954232 -0.925972 0.233976 -0.296362 -95.988815 -101.481600 742.934543
-0.279759 -0.956371 0.084195 -0.229790 0.151850 0.961321 -0.932165 0.249591 -0.262246 -101.788071 -97.200000 745.045300
-0.314596 -0.925070 0.212778 -0.155109 0.271245 0.949930 -0.936467 0.265841 -0.228819 -107.576804 -92.846400 747.152226
-0.335685 -0.877652 0.342114 -0.075301 0.387028 0.918988 -0.938960 0.282729 -0.196007 -113.342833 -88.435200 749.250889
-0.341960 -0.814625 0.468454 0.007338 0.496177 0.868191 -0.939686 0.300324 -0.163695 -119.073980 -83.980800 751.336857
-0.332885 -0.737184 0.588002 0.090304 0.595778 0.798056 -0.938634 0.318759 -0.131755 -124.758068 -79.497600 753.405695
-0.308489 -0.647181 0.697130 0.171010 0.683201 0.709924 -0.935730 0.338220 -0.100085 -130.382918 -75.000000 755.452973
-0.269380 -0.547041 0.792579 0.246932 0.756252 0.605895 -0.930838 0.358929 -0.068637 -135.936351 -70.502400 757.474258
-0.216714 -0.439638 0.871639 0.315738 0.813305 0.488717 -0.923767 0.381121 -0.037445 -141.406189 -66.019200 759.465116
-0.152131 -0.328141 0.932298 0.375412 0.853399 0.361630 -0.914288 0.405011 -0.006641 -146.780253 -61.564800 761.421115
-0.077664 -0.215835 0.973336 0.424358 0.876275 0.228172 -0.902158 0.430764 0.023536 -152.046366 -57.153600 763.337824
0.004372 -0.105939 0.994363 0.461471 0.882374 0.091979 -0.887145 0.458467 0.052746 -157.192348 -52.800000 765.210808
0.091511 -0.001432 0.995803 0.486173 0.872783 -0.043422 -0.869058 0.488106 0.080565 -162.206022 -48.518400 767.035636
0.181257 0.095098 0.978827 0.498420 0.849132 -0.174793 -0.847776 0.519549 0.106512 -167.075208 -44.323200 768.807875
0.271215 0.181566 0.945239 0.498671 0.813465 -0.299336 -0.823268 0.552547 0.130082 -171.787729 -40.228800 770.523092
0.359192 0.256465 0.897333 0.487830 0.768091 -0.414799 -0.795615 0.586738 0.150781 -176.331406 -36.249600 772.176855
0.443288 0.318899 0.837735 0.467164 0.715427 -0.519540 -0.765019 0.621666 0.168162 -180.694061 -32.400000 773.764732
0.521950 0.368567 0.769237 0.438215 0.657848 -0.612539 -0.731803 0.656806 0.181852 -184.863515 -28.694400 775.282289
0.594014 0.405721 0.694650 0.402692 0.597562 -0.693368 -0.696410 0.691600 0.191579 -188.827589 -25.147200 776.725094
0.658703 0.431085 0.616665 0.362379 0.536506 -0.762131 -0.659388 0.725484 0.197182 -192.574106 -21.772800 778.088714
0.715618 0.445768 0.537757 0.319043 0.476279 -0.819372 -0.621372 0.757925 0.198614 -196.090887 -18.585600 779.368718
0.764697 0.451159 0.460102 0.274366 0.418102 -0.865976 -0.583062 0.788446 0.195939 -199.365753 -15.600000 780.560672
0.806170 0.448832 0.385539 0.229879 0.362818 -0.903061 -0.545203 0.816648 0.189316 -202.386527 -12.830400 781.660144
0.840492 0.440452 0.315555 0.186936 0.310909 -0.931875 -0.508555 0.842222 0.178980 -205.141029 -10.291200 782.662700
0.868288 0.427703 0.251288 0.146685 0.262542 -0.953706 -0.473876 0.864952 0.165224 -207.617081 -7.996800 783.563910
0.890283 0.412228 0.193555 0.110077 0.217625 -0.969805 -0.441903 0.884708 0.148371 -209.802506 -5.961600 784.359339
0.907244 0.395590 0.142891 0.077872 0.175873 -0.981328 -0.413334 0.901431 0.128754 -211.685123 -4.200000 785.044556
0.919921 0.379245 0.099590 0.050670 0.136881 -0.989291 -0.388815 0.915116 0.106704 -213.252756 -2.726400 785.615128
0.929004 0.364537 0.063753 0.028937 0.100191 -0.994547 -0.368937 0.925783 0.082529 -214.493226 -1.555200 786.066622
0.935071 0.352696 0.035330 0.013045 0.065363 -0.997776 -0.354221 0.933452 0.056518 -215.394353 -0.700800 786.394605
0.938552 0.344849 0.014158 0.003306 0.032037 -0.999481 -0.345123 0.938111 0.028928 -215.943961 -0.177600 786.594646
0.939693 0.342020 0.000000 0.000000 -0.000000 -1.000000 -0.342020 0.939693 -0.000000 -216.129870 -0.000000 786.662311
0.938982 0.343847 -0.009075 0.002066 -0.032022 -0.999485 -0.343961 0.938480 -0.030778 -216.040862 -0.094720 786.629915
0.936841 0.349426 -0.015152 0.008154 -0.065130 -0.997843 -0.349660 0.934697 -0.063865 -215.778650 -0.373760 786.534478
0.933196 0.358877 -0.018762 0.018092 -0.099057 -0.994917 -0.358912 0.928114 -0.098932 -215.350451 -0.829440 786.378626
0.927899 0.372270 -0.020453 0.031702 -0.133439 -0.990550 -0.371481 0.918482 -0.135620 -214.763481 -1.454080 786.164987
0.920743 0.389617 -0.020784 0.048791 -0.167827 -0.984608 -0.387108 0.905557 -0.173535 -214.024958 -2.240000 785.896186
0.911473 0.410859 -0.020314 0.069144 -0.201698 -0.977004 -0.405508 0.889108 -0.212251 -213.142098 -3.179520 785.574851
0.899802 0.435858 -0.019589 0.092511 -0.234476 -0.967710 -0.426377 0.868936 -0.251304 -212.122118 -4.264960 785.203609
0.885426 0.464386 -0.019132 0.118602 -0.265551 -0.956774 -0.449393 0.844884 -0.290203 -210.972235 -5.488640 784.785086
0.868035 0.496124 -0.019419 0.147080 -0.294299 -0.944328 -0.474219 0.816853 -0.328431 -209.699666 -6.842880 784.321908
0.847330 0.530657 -0.020871 0.177553 -0.320109 -0.930594 -0.500507 0.784814 -0.365458 -208.311627 -8.320000 783.816704
0.823040 0.567483 -0.023829 0.209574 -0.342411 -0.915878 -0.527905 0.748811 -0.400748 -206.815336 -9.912320 783.272098
0.794939 0.606017 -0.028545 0.242637 -0.360697 -0.900569 -0.556056 0.708972 -0.433774 -205.218008 -11.612160 782.690719
0.762857 0.645611 -0.035161 0.276184 -0.374546 -0.885120 -0.584612 0.665509 -0.464032 -203.526862 -13.411840 782.075192
0.726696 0.685568 -0.043704 0.309610 -0.383648 -0.870032 -0.613233 0.618718 -0.491054 -201.749114 -15.303680 781.428144
0.686444 0.725170 -0.054078 0.342274 -0.387817 -0.855831 -0.641595 0.568970 -0.514421 -199.891981 -17.280000 780.752203
0.642182 0.763700 -0.066063 0.373509 -0.387004 -0.843041 -0.669397 0.516711 -0.533776 -197.962679 -19.333120 780.049995
0.594097 0.800473 -0.079324 0.402646 -0.381300 -0.832158 -0.696366 0.462443 -0.548836 -195.968426 -21.455360 779.324146
0.542476 0.834860 -0.093421 0.429022 -0.370933 -0.823619 -0.722260 0.406715 -0.559396 -193.916438 -23.639040 778.577283
0.487715 0.866318 -0.107831 0.452008 -0.356259 -0.817782 -0.746875 0.350104 -0.565336 -191.813932 -25.876480 777.812034
0.430306 0.894405 -0.121968 0.471029 -0.337742 -0.814900 -0.770045 0.293206 -0.566623 -189.668125 -28.160000 777.031024
0.370832 0.918804 -0.135217 0.485577 -0.315937 -0.815107 -0.791643 0.236610 -0.563309 -187.486234 -30.481920 776.236881
0.309955 0.939325 -0.146959 0.495238 -0.291458 -0.818408 -0.811583 0.180890 -0.555528 -185.275476 -32.834560 775.432230
0.248392 0.955916 -0.156606 0.499703 -0.264952 -0.824680 -0.829818 0.126587 -0.543486 -183.043067 -35.210240 774.619700
0.186901 0.968655 -0.163633 0.498780 -0.237070 -0.833676 -0.846337 0.074198 -0.527454 -180.796224 -37.601280 773.801916
0.126256 0.977737 -0.167598 0.492404 -0.208436 -0.845040 -0.861161 0.024165 -0.507758 -178.542165 -40.000000 772.981506
0.067221 0.983463 -0.168171 0.480639 -0.179625 -0.858325 -0.874339 -0.023132 -0.484765 -176.288105 -42.398720 772.161095
0.010529 0.986213 -0.165145 0.463676 -0.151141 -0.873019 -0.885943 -0.067382 -0.458874 -174.041263 -44.789760 771.343311
-0.043143 0.986425 -0.158446 0.441827 -0.123404 -0.888572 -0.896062 -0.108341 -0.430505 -171.808854 -47.165440 770.530781
-0.093193 0.984567 -0.148131 0.415516 -0.096743 -0.904427 -0.904799 -0.145837 -0.400087 -169.598095 -49.518080 769.726130
-0.139114 0.981116 -0.134385 0.385257 -0.071393 -0.920044 -0.912263 -0.179764 -0.368050 -167.416204 -51.840000 768.931987
-0.180508 0.976529 -0.117505 0.351643 -0.047500 -0.934928 -0.918566 -0.210082 -0.334815 -165.270397 -54.123520 768.150977
-0.217094 0.971231 -0.097886 0.315322 -0.025128 -0.948652 -0.923820 -0.236812 -0.300795 -163.167891 -56.360960 767.385728
-0.248714 0.965591 -0.075992 0.276975 -0.004278 -0.960868 -0.928131 -0.260029 -0.266381 -161.115903 -58.544640 766.638865
-0.275334 0.959923 -0.052339 0.237296 0.015104 -0.971320 -0.931602 -0.279857 -0.231944 -159.121650 -60.666880 765.913016
-0.297041 0.954470 -0.027467 0.196971 0.033102 -0.979850 -0.934328 -0.296465 -0.197836 -157.192348 -62.720000 765.210808
-0.314030 0.949411 -0.001918 0.156658 0.049824 -0.986395 -0.936399 -0.310058 -0.164379 -155.335215 -64.696320 764.534867
-0.326600 0.944863 0.023782 0.116974 0.065376 -0.990981 -0.937896 -0.320873 -0.131876 -153.557467 -66.588160 763.887819
-0.335135 0.940887 0.049146 0.078479 0.079859 -0.993712 -0.938896 -0.329171 -0.100604 -151.866321 -68.387840 763.272292
-0.340088 0.937499 0.073732 0.041672 0.093353 -0.994761 -0.939470 -0.335233 -0.070816 -150.268994 -70.087680 762.690913
-0.341966 0.934676 0.097157 0.006981 0.105914 -0.994351 -0.939686 -0.339356 -0.042744 -148.772702 -71.680000 762.146307
-0.341312 0.932374 0.119095 -0.025234 0.117569 -0.992744 -0.939611 -0.341841 -0.016600 -147.384664 -73.157120 761.641103
-0.338689 0.930532 0.139281 -0.054680 0.128314 -0.990225 -0.939308 -0.342994 0.007423 -146.112094 -74.511360 761.177925
-0.334660 0.929083 0.157505 -0.081126 0.138117 -0.987088 -0.938841 -0.343116 0.029150 -144.962211 -75.735040 760.759402
-0.329776 0.927960 0.173606 -0.104393 0.146921 -0.983624 -0.938270 -0.342499 0.048421 -143.942231 -76.820480 760.388160
-0.324562 0.927102 0.187461 -0.124345 0.154649 -0.980113 -0.937655 -0.341418 0.065087 -143.059371 -77.760000 760.066825
-0.319504 0.926459 0.198977 -0.140876 0.161208 -0.976814 -0.937055 -0.340127 0.079009 -142.320848 -78.545920 759.798024
-0.315034 0.925991 0.208074 -0.153898 0.166495 -0.973958 -0.936520 -0.338852 0.090056 -141.733879 -79.170560 759.584385
-0.311524 0.925670 0.214681 -0.163325 0.170401 -0.971745 -0.936097 -0.337785 0.098101 -141.305679 -79.626240 759.428533
-0.309271 0.925480 0.218717 -0.169067 0.172820 -0.970335 -0.935825 -0.337075 0.103020 -141.043468 -79.905280 759.333096
-0.308489 0.925417 0.220088 -0.171010 0.173648 -0.969846 -0.935730 -0.336824 0.104687 -140.954460 -80.000000 759.300700
