0.984808 0.000000 -0.173648 -0.000000 1.000000 0.000000 0.173648 0.000000 0.984808 -229.145195 -0.000000 727.740592
0.984627 0.001524 -0.174662 -0.001257 0.999998 0.001640 0.174664 -0.001395 0.984627 -228.957352 0.184872 727.724158
0.984077 0.006048 -0.177639 -0.004971 0.999966 0.006506 0.177672 -0.005519 0.984074 -228.401525 0.729288 727.675530
0.983123 0.013521 -0.182445 -0.011053 0.999833 0.014540 0.182612 -0.012278 0.983108 -227.489264 1.617948 727.595717
0.981704 0.023916 -0.188904 -0.019403 0.999481 0.025705 0.189421 -0.021569 0.981659 -226.232123 2.835553 727.485732
0.979738 0.037222 -0.196795 -0.029914 0.998753 0.039982 0.198037 -0.033285 0.979629 -224.641653 4.366803 727.346583
0.977122 0.053441 -0.205857 -0.042468 0.997450 0.057361 0.208398 -0.047306 0.976899 -222.729405 6.196398 727.179283
0.973738 0.072578 -0.215793 -0.056938 0.995339 0.077837 0.220436 -0.063506 0.973332 -220.506931 8.309038 726.984842
0.969457 0.094634 -0.226267 -0.073184 0.992150 0.101398 0.234086 -0.081743 0.968773 -217.985783 10.689424 726.764270
0.964142 0.119600 -0.236908 -0.091050 0.987583 0.128022 0.249278 -0.101861 0.963060 -215.177513 13.322255 726.518578
0.957651 0.147444 -0.247315 -0.110369 0.981306 0.157663 0.265938 -0.123690 0.956022 -212.093672 16.192233 726.248777
0.949842 0.178109 -0.257056 -0.130958 0.972963 0.190246 0.283991 -0.147040 0.947485 -208.745812 19.284057 725.955878
0.940576 0.211500 -0.265678 -0.152616 0.962178 0.225660 0.303356 -0.171703 0.937280 -205.145485 22.582427 725.640890
0.929723 0.247478 -0.272708 -0.175130 0.948561 0.263746 0.323951 -0.197451 0.925240 -201.304243 26.072045 725.304825
0.917164 0.285856 -0.277663 -0.198269 0.931716 0.304294 0.345688 -0.224036 0.911212 -197.233638 29.737609 724.948693
0.902795 0.326387 -0.280060 -0.221787 0.911249 0.347038 0.368473 -0.251190 0.895059 -192.945220 33.563821 724.573505
0.886531 0.368764 -0.279421 -0.245427 0.886781 0.391645 0.392210 -0.278628 0.876663 -188.450542 37.535381 724.180272
0.868311 0.412616 -0.275289 -0.268920 0.857953 0.437720 0.416795 -0.306046 0.855931 -183.761156 41.636988 723.770003
0.848098 0.457508 -0.267238 -0.291987 0.824446 0.484801 0.442124 -0.333129 0.832797 -178.888614 45.853343 723.343711
0.825884 0.502940 -0.254886 -0.314346 0.785987 0.532363 0.468084 -0.359548 0.807231 -173.844466 50.169147 722.902405
0.801691 0.548354 -0.237907 -0.335711 0.742366 0.579820 0.494560 -0.384968 0.779237 -168.640265 54.569100 722.447097
0.775573 0.593137 -0.216043 -0.355801 0.693444 0.626531 0.521433 -0.409053 0.748855 -163.287563 59.037901 721.978796
0.747618 0.636633 -0.189119 -0.374338 0.639168 0.671815 0.548578 -0.431466 0.716169 -157.797912 63.560251 721.498514
0.717945 0.678152 -0.157050 -0.391059 0.579579 0.714956 0.575872 -0.451883 0.681303 -152.182862 68.120851 721.007261
0.686706 0.716987 -0.119852 -0.405712 0.514820 0.755221 0.603185 -0.469990 0.644420 -146.453966 72.704400 720.506047
0.654085 0.752425 -0.077644 -0.418068 0.445142 0.791876 0.630390 -0.485494 0.605726 -140.622776 77.295600 719.995884
0.620294 0.783770 -0.030656 -0.427924 0.370906 0.824203 0.657356 -0.498129 0.565465 -134.700843 81.879149 719.477782
0.585569 0.810356 0.020771 -0.435102 0.292581 0.851518 0.683956 -0.507660 0.523914 -128.699719 86.439749 718.952752
0.550172 0.831568 0.076194 -0.439458 0.210741 0.873192 0.710062 -0.513890 0.481383 -122.630956 90.962099 718.421804
0.514378 0.846860 0.135068 -0.440886 0.126056 0.888667 0.735550 -0.516661 0.438209 -116.506105 95.430900 717.885949
0.478479 0.855770 0.196761 -0.439314 0.039281 0.897474 0.760303 -0.515863 0.394747 -110.336719 99.830853 717.346198
0.442773 0.857938 0.260564 -0.434713 -0.048760 0.899248 0.784204 -0.511433 0.351368 -104.134349 104.146657 716.803560
0.407559 0.853116 0.325712 -0.427092 -0.137187 0.893740 0.807148 -0.503361 0.308447 -97.910546 108.363012 716.259048
0.373135 0.841176 0.391398 -0.416502 -0.225093 0.880829 0.829033 -0.491686 0.266361 -91.676863 112.464619 715.713672
0.339788 0.822121 0.456795 -0.403033 -0.311556 0.860522 0.849770 -0.476499 0.225479 -85.444852 116.436179 715.168441
0.307791 0.796078 0.521080 -0.386813 -0.395666 0.832961 0.869276 -0.457938 0.186151 -79.226063 120.262391 714.624368
0.277397 0.763307 0.583450 -0.368005 -0.476550 0.798419 0.887481 -0.436192 0.148707 -73.032049 123.927955 714.082462
0.248835 0.724184 0.643147 -0.346805 -0.553385 0.757292 0.904327 -0.411488 0.113449 -66.874362 127.417573 713.543734
0.222306 0.679199 0.699478 -0.323435 -0.625429 0.710090 0.919766 -0.384093 0.080640 -60.764553 130.715943 713.009195
0.197977 0.628939 0.751825 -0.298142 -0.692029 0.657425 0.933765 -0.354306 0.050507 -54.714173 133.807767 712.479855
0.175983 0.574072 0.799669 -0.271190 -0.752640 0.599991 0.946301 -0.322451 0.023231 -48.734776 136.677745 711.956726
0.156422 0.515333 0.842594 -0.242857 -0.806837 0.538548 0.957368 -0.288871 -0.001055 -42.837912 139.310576 711.440817
0.139352 0.453499 0.880295 -0.213428 -0.854321 0.473904 0.966969 -0.253919 -0.022262 -37.035133 141.690962 710.933140
0.124798 0.389374 0.912586 -0.183191 -0.894920 0.406889 0.975124 -0.217957 -0.040355 -31.337991 143.803602 710.434704
0.112746 0.323768 0.939395 -0.152431 -0.928596 0.338341 0.981862 -0.181339 -0.055343 -25.758038 145.633197 709.946522
0.103144 0.257476 0.960764 -0.121425 -0.955432 0.269083 0.987227 -0.144416 -0.067283 -20.306826 147.164447 709.469603
0.095911 0.191263 0.976842 -0.090440 -0.975632 0.199906 0.991273 -0.107518 -0.076276 -14.995905 148.382052 709.004957
0.090934 0.125849 0.987873 -0.059723 -0.989508 0.131555 0.994064 -0.070962 -0.082463 -9.836829 149.270712 708.553596
0.088070 0.061897 0.994189 -0.029507 -0.997467 0.064715 0.995677 -0.035035 -0.086021 -4.841148 149.815128 708.116531
0.087156 -0.000000 0.996195 -0.000000 -1.000000 0.000000 0.996195 -0.000000 -0.087156 -0.020414 150.000000 707.694771
0.088040 -0.060602 0.994272 0.029162 -0.997563 -0.063385 0.995690 0.034576 -0.086059 4.804789 149.751120 707.272621
0.090700 -0.120815 0.988523 0.058391 -0.990261 -0.126385 0.994165 0.069184 -0.082762 9.813846 149.016960 706.834385
0.095138 -0.180317 0.978997 0.087568 -0.978129 -0.188667 0.991605 0.103678 -0.077267 14.995155 147.816240 706.381079
0.101349 -0.238791 0.965768 0.116570 -0.961229 -0.249902 0.987998 0.137907 -0.069583 20.337114 146.167680 705.913719
0.109320 -0.295925 0.948935 0.145278 -0.939649 -0.309766 0.983333 0.171723 -0.059731 25.828121 144.090000 705.433318
0.119032 -0.351418 0.928621 0.173570 -0.913504 -0.367945 0.977602 0.204978 -0.047741 31.456575 141.601920 704.940892
0.130456 -0.404975 0.904973 0.201326 -0.882937 -0.424135 0.970798 0.237525 -0.033653 37.210875 138.722160 704.437456
0.143557 -0.456317 0.878161 0.228427 -0.848112 -0.478045 0.962919 0.269222 -0.017517 43.079417 135.469440 703.924025
0.158290 -0.505179 0.848374 0.254758 -0.809220 -0.529397 0.953961 0.299929 0.000606 49.050601 131.862480 703.401614
0.174606 -0.551310 0.815824 0.280204 -0.766474 -0.577931 0.943927 0.329507 0.020648 55.112824 127.920000 702.871238
0.192446 -0.594481 0.780741 0.304653 -0.720105 -0.623406 0.932819 0.357827 0.042529 61.254486 123.660720 702.333912
0.211744 -0.634480 0.743371 0.327999 -0.670369 -0.665599 0.920642 0.384762 0.066162 67.463983 119.103360 701.790652
0.232428 -0.671115 0.703975 0.350138 -0.617534 -0.704312 0.907403 0.410191 0.091451 73.729715 114.266640 701.242471
0.254419 -0.704221 0.662830 0.370971 -0.561887 -0.739367 0.893113 0.434000 0.118291 80.040080 109.169280 700.690386
0.277630 -0.733652 0.620222 0.390405 -0.503728 -0.770611 0.877784 0.456083 0.146572 86.383476 103.830000 700.135411
0.301971 -0.759291 0.576447 0.408352 -0.443369 -0.797917 0.861430 0.476341 0.176173 92.748302 98.267520 699.578561
0.327344 -0.781042 0.531807 0.424729 -0.381130 -0.821185 0.844068 0.494684 0.206971 99.122954 92.500560 699.020851
0.353647 -0.798839 0.486610 0.439462 -0.317339 -0.840339 0.825716 0.511030 0.238833 105.495833 86.547840 698.463296
0.380772 -0.812640 0.441167 0.452480 -0.252329 -0.855331 0.806396 0.525305 0.271624 111.855335 80.428080 697.906912
0.408607 -0.822431 0.395788 0.463723 -0.186433 -0.866143 0.786130 0.537448 0.305202 118.189860 74.160000 697.352713
0.437037 -0.828222 0.350781 0.473137 -0.119987 -0.872780 0.764944 0.547405 0.339424 124.487805 67.762320 696.801714
0.465943 -0.830051 0.306450 0.480676 -0.053323 -0.875276 0.742865 0.555132 0.374140 130.737569 61.253760 696.254930
0.495204 -0.827983 0.263092 0.486300 0.013233 -0.873692 0.719920 0.560597 0.409201 136.927550 54.653040 695.713377
0.524695 -0.822105 0.220995 0.489981 0.079360 -0.868113 0.696142 0.563778 0.444456 143.046147 47.978880 695.178069
0.554291 -0.812530 0.180436 0.491697 0.144748 -0.858651 0.671562 0.564662 0.479751 149.081757 41.250000 694.650022
0.583866 -0.799392 0.141679 0.491435 0.209097 -0.845441 0.646214 0.563250 0.514934 155.022779 34.485120 694.130250
0.613292 -0.782850 0.104974 0.489190 0.272122 -0.828639 0.620134 0.559549 0.549853 160.857611 27.702960 693.619768
0.642442 -0.763079 0.070553 0.484968 0.333553 -0.808423 0.593358 0.553581 0.584358 166.574651 20.922240 693.119592
0.671191 -0.740277 0.038630 0.478781 0.393136 -0.784993 0.565925 0.545375 0.618300 172.162298 14.161680 692.630736
0.699414 -0.714655 0.009399 0.470650 0.450636 -0.758561 0.537874 0.534972 0.651534 177.608949 7.440000 692.154216
0.726988 -0.686441 -0.016965 0.460607 0.505840 -0.729361 0.509245 0.522422 0.683919 182.903004 0.775920 691.691046
0.753792 -0.655876 -0.040313 0.448689 0.558553 -0.697636 0.480080 0.507784 0.715317 188.032860 -5.811840 691.242242
0.779709 -0.623211 -0.060515 0.434943 0.608605 -0.663644 0.450420 0.491129 0.745597 192.986916 -12.304560 690.808818
0.804626 -0.588707 -0.077467 0.419425 0.655849 -0.627651 0.420309 0.472532 0.774631 197.753569 -18.683520 690.391790
0.828433 -0.552631 -0.091090 0.402196 0.700158 -0.589929 0.389790 0.452081 0.802301 202.321219 -24.930000 689.992172
0.851027 -0.515254 -0.101326 0.383326 0.741435 -0.550759 0.358907 0.429870 0.828491 206.678263 -31.025280 689.610980
0.872307 -0.476850 -0.108144 0.362893 0.779602 -0.510420 0.327703 0.405998 0.853098 210.813100 -36.950640 689.249229
0.892179 -0.437693 -0.111539 0.340980 0.814609 -0.469197 0.296224 0.380575 0.876022 214.714127 -42.687360 688.907933
0.910557 -0.398054 -0.111525 0.317675 0.846427 -0.427368 0.264514 0.353714 0.897173 218.369744 -48.216720 688.588108
0.927360 -0.358202 -0.108145 0.293076 0.875053 -0.385211 0.232616 0.325534 0.916470 221.768348 -53.520000 688.290769
0.942512 -0.318397 -0.101462 0.267283 0.900507 -0.342997 0.200576 0.296160 0.933841 224.898338 -58.578480 688.016930
0.955948 -0.278892 -0.091559 0.240401 0.922828 -0.300990 0.168437 0.265720 0.949222 227.748112 -63.373440 687.767608
0.967607 -0.239931 -0.078544 0.212541 0.942081 -0.259442 0.136243 0.234344 0.962559 230.306068 -67.886160 687.543815
0.977440 -0.201744 -0.062540 0.183816 0.958346 -0.218596 0.104036 0.202169 0.973809 232.560604 -72.097920 687.346569
0.985401 -0.164550 -0.043692 0.154344 0.971726 -0.178682 0.071859 0.169329 0.982936 234.500119 -75.990000 687.176883
0.991455 -0.128551 -0.022159 0.124242 0.982338 -0.139912 0.039753 0.135964 0.989916 236.113011 -79.543680 687.035774
0.995576 -0.093936 0.001886 0.093634 0.990318 -0.102487 0.007760 0.102210 0.994733 237.387678 -82.740240 686.924255
0.997745 -0.060874 0.028254 0.062642 0.995812 -0.066587 -0.024082 0.068207 0.997381 238.312519 -85.560960 686.843342
0.997952 -0.029518 0.056746 0.031389 0.998983 -0.032376 -0.055733 0.034091 0.997864 238.875931 -87.987120 686.794050
0.996195 -0.000000 0.087156 0.000000 1.000000 -0.000000 -0.087156 0.000000 0.996195 239.066313 -90.000000 686.777393
0.992382 0.028151 0.119942 -0.032010 0.999026 0.030369 -0.118971 -0.033977 0.992316 239.007020 -91.752480 686.782581
0.986278 0.055292 0.155561 -0.065060 0.996170 0.058414 -0.151735 -0.067734 0.986098 238.831052 -93.411840 686.797976
0.977689 0.081147 0.193751 -0.098907 0.991561 0.083806 -0.185315 -0.101099 0.977465 238.541279 -94.980960 686.823328
0.966450 0.105470 0.234204 -0.133281 0.985367 0.106246 -0.219571 -0.133896 0.966365 238.140569 -96.462720 686.858385
0.952426 0.128045 0.276568 -0.167890 0.977788 0.125475 -0.254359 -0.165938 0.952768 237.631793 -97.860000 686.902897
0.935520 0.148694 0.320457 -0.202419 0.969055 0.141279 -0.289533 -0.197036 0.936668 237.017818 -99.175680 686.956613
0.915675 0.167283 0.365454 -0.236537 0.959421 0.153499 -0.324946 -0.226999 0.918086 236.301514 -100.412640 687.019282
0.892876 0.183719 0.411121 -0.269905 0.949156 0.162029 -0.360450 -0.255636 0.897065 235.485750 -101.573760 687.090652
0.867154 0.197958 0.457009 -0.302176 0.938541 0.166827 -0.395896 -0.282762 0.873677 234.573396 -102.661920 687.170473
0.838585 0.210001 0.502667 -0.333006 0.927854 0.167911 -0.431140 -0.308199 0.848016 233.567319 -103.680000 687.258493
0.807293 0.219895 0.547653 -0.362058 0.917371 0.165363 -0.466038 -0.331779 0.820202 232.470389 -104.630880 687.354462
0.773445 0.227729 0.591542 -0.389010 0.907351 0.159326 -0.500453 -0.353346 0.790375 231.285475 -105.517440 687.458128
0.737253 0.233631 0.633936 -0.413561 0.898035 0.150000 -0.534252 -0.372759 0.758700 230.015446 -106.342560 687.569241
0.698967 0.237764 0.674473 -0.435438 0.889634 0.137638 -0.567309 -0.389896 0.725356 228.663172 -107.109120 687.687550
0.658873 0.240319 0.712835 -0.454400 0.882329 0.122542 -0.599506 -0.404651 0.690544 227.231520 -107.820000 687.812803
0.617290 0.241505 0.748752 -0.470244 0.876262 0.105049 -0.630733 -0.416942 0.654474 225.723361 -108.478080 687.944750
0.574558 0.241547 0.782009 -0.482812 0.871537 0.085531 -0.660890 -0.426706 0.617370 224.141563 -109.086240 688.083140
0.531037 0.240675 0.812450 -0.491989 0.868218 0.064381 -0.689889 -0.433905 0.579465 222.488996 -109.647360 688.227721
0.487099 0.239117 0.839975 -0.497711 0.866326 0.042002 -0.717648 -0.438524 0.540997 220.768528 -110.164320 688.378242
0.443116 0.237090 0.864544 -0.499961 0.865844 0.018805 -0.744102 -0.440570 0.502206 218.983028 -110.640000 688.534453
0.399462 0.234796 0.886172 -0.498772 0.866720 -0.004809 -0.769192 -0.440077 0.463331 217.135366 -111.077280 688.696102
0.356494 0.232412 0.904929 -0.494227 0.868867 -0.028451 -0.792875 -0.437098 0.424611 215.228410 -111.479040 688.862940
0.314557 0.230090 0.920930 -0.486454 0.872172 -0.051753 -0.815118 -0.431711 0.386275 213.265030 -111.848160 689.034713
0.273968 0.227946 0.934335 -0.475621 0.876500 -0.074373 -0.835898 -0.424014 0.348548 211.248094 -112.187520 689.211172
0.235016 0.226064 0.945337 -0.461940 0.881700 -0.096005 -0.855207 -0.414126 0.311642 209.180472 -112.500000 689.392066
0.197958 0.224491 0.954157 -0.445651 0.887610 -0.116375 -0.873045 -0.402184 0.275755 207.065033 -112.788480 689.577142
0.163011 0.223238 0.961037 -0.427028 0.894067 -0.135249 -0.889424 -0.388342 0.241071 204.904645 -113.055840 689.766152
0.130350 0.222279 0.966230 -0.406362 0.900908 -0.152431 -0.904367 -0.372769 0.207760 202.702178 -113.304960 689.958843
0.100112 0.221557 0.969995 -0.383964 0.907980 -0.167764 -0.917905 -0.355648 0.175970 200.460501 -113.538720 690.154964
0.072387 0.220982 0.972588 -0.360155 0.915141 -0.181124 -0.930080 -0.337171 0.145832 198.182483 -113.760000 690.354265
0.047224 0.220439 0.974257 -0.335259 0.922266 -0.192424 -0.940942 -0.317541 0.117458 195.870992 -113.971680 690.556494
0.024632 0.219789 0.975236 -0.309601 0.929248 -0.201605 -0.950547 -0.296968 0.090937 193.528899 -114.176640 690.761401
0.004579 0.218877 0.975742 -0.283500 0.936002 -0.208632 -0.958961 -0.275667 0.066338 191.159071 -114.377760 690.968734
-0.013002 0.217533 0.975966 -0.257263 0.942463 -0.213492 -0.966254 -0.253856 0.043710 188.764379 -114.577920 691.178242
-0.028211 0.215578 0.976079 -0.231184 0.948587 -0.216187 -0.972501 -0.231753 0.023078 186.347690 -114.780000 691.389675
-0.041176 0.212830 0.976221 -0.205540 0.954349 -0.216730 -0.977782 -0.209576 0.004449 183.911874 -114.986880 691.602781
-0.052050 0.209104 0.976507 -0.180587 0.959741 -0.215140 -0.982181 -0.187543 -0.012193 181.459801 -115.201440 691.817310
-0.061005 0.204220 0.977022 -0.156563 0.964771 -0.211435 -0.985782 -0.165864 -0.026882 178.994338 -115.426560 692.033010
-0.068226 0.198001 0.977825 -0.133681 0.969456 -0.205634 -0.988673 -0.144746 -0.039673 176.518356 -115.665120 692.249630
-0.073911 0.190278 0.978944 -0.112135 0.973818 -0.197748 -0.990940 -0.124390 -0.050639 174.034723 -115.920000 692.466920
-0.078259 0.180892 0.980384 -0.092098 0.977883 -0.187783 -0.992670 -0.104987 -0.059869 171.546309 -116.194080 692.684628
-0.081473 0.169692 0.982124 -0.073721 0.981674 -0.175730 -0.993945 -0.086720 -0.067470 169.055981 -116.490240 692.902504
-0.083750 0.156537 0.984115 -0.057140 0.985205 -0.161573 -0.994847 -0.069764 -0.073566 166.566610 -116.811360 693.120295
-0.085277 0.141298 0.986287 -0.042473 0.988478 -0.145284 -0.995452 -0.054280 -0.078293 164.081065 -117.160320 693.337752
-0.086230 0.123853 0.988547 -0.029827 0.991477 -0.126822 -0.995829 -0.040422 -0.081801 161.602214 -117.540000 693.554624
-0.086768 0.104092 0.990776 -0.019297 0.994164 -0.106138 -0.996042 -0.028329 -0.084253 159.132926 -117.953280 693.770658
-0.087031 0.081913 0.992832 -0.010970 0.996475 -0.083175 -0.996145 -0.018130 -0.085825 156.676071 -118.403040 693.985605
-0.087131 0.057225 0.994552 -0.004926 0.998312 -0.057873 -0.996185 -0.009942 -0.086702 154.234517 -118.892160 694.199214
-0.087154 0.029944 0.995745 -0.001244 0.999544 -0.030167 -0.996194 -0.003868 -0.087077 151.811134 -119.423520 694.411232
-0.087156 -0.000000 0.996195 -0.000000 1.000000 0.000000 -0.996195 -0.000000 -0.087156 149.408790 -120.000000 694.621410
-0.087154 -0.033471 0.995632 -0.001447 0.999439 0.033472 -0.996194 0.001477 -0.087153 147.009874 -120.611760 694.831288
-0.087122 -0.071120 0.993656 -0.005708 0.997468 0.070892 -0.996181 0.000505 -0.087307 144.594540 -121.246080 695.042602
-0.086989 -0.112666 0.989818 -0.012666 0.993629 0.111987 -0.996129 -0.002795 -0.087862 142.162311 -121.901520 695.255395
-0.086643 -0.157790 0.983664 -0.022199 0.987438 0.156440 -0.995992 -0.008282 -0.089057 139.712708 -122.576640 695.469707
-0.085939 -0.206125 0.974745 -0.034182 0.978398 0.203884 -0.995714 -0.015797 -0.091129 137.245253 -123.270000 695.685582
-0.084706 -0.257255 0.962624 -0.048480 0.966016 0.253895 -0.995226 -0.025162 -0.094299 134.759469 -123.980160 695.903060
-0.082751 -0.310709 0.946896 -0.064949 0.949816 0.305991 -0.994452 -0.036179 -0.098778 132.254876 -124.705680 696.122183
-0.079867 -0.365963 0.927196 -0.083428 0.929358 0.359630 -0.993308 -0.048632 -0.104757 129.730996 -125.445120 696.342994
-0.075841 -0.422439 0.903213 -0.103743 0.904249 0.414212 -0.991708 -0.062288 -0.112404 127.187353 -126.197040 696.565534
-0.070457 -0.479508 0.874705 -0.125697 0.874162 0.469085 -0.989564 -0.076897 -0.121863 124.623466 -126.960000 696.789845
-0.063505 -0.536500 0.841507 -0.149075 0.838848 0.523555 -0.986785 -0.092200 -0.133250 122.038859 -127.732560 697.015969
-0.054787 -0.592713 0.803548 -0.173642 0.798150 0.576893 -0.983284 -0.107923 -0.146648 119.433053 -128.513280 697.243947
-0.044123 -0.647424 0.760852 -0.199140 0.752009 0.628351 -0.978977 -0.123791 -0.162109 116.805569 -129.300720 697.473822
-0.031356 -0.699903 0.713549 -0.225294 0.700477 0.677181 -0.973786 -0.139525 -0.179649 114.155931 -130.093440 697.705636
-0.016359 -0.749434 0.661877 -0.251812 0.643717 0.722647 -0.967638 -0.154846 -0.199247 111.483658 -130.890000 697.939429
0.000961 -0.795325 0.606183 -0.278387 0.582007 0.764048 -0.960469 -0.169488 -0.220849 108.788274 -131.688960 698.175245
0.020659 -0.836935 0.546913 -0.304705 0.515734 0.800733 -0.952223 -0.183190 -0.244364 106.069300 -132.488880 698.413124
0.042749 -0.873684 0.484612 -0.330449 0.445391 0.832124 -0.942855 -0.195712 -0.269668 103.326258 -133.288320 698.653109
0.067200 -0.905076 0.419907 -0.355301 0.371562 0.857731 -0.932333 -0.206833 -0.296605 100.558670 -134.085840 698.895242
0.093937 -0.930708 0.353496 -0.378953 0.294912 0.877167 -0.920636 -0.216357 -0.324992 97.766057 -134.880000 699.139564
0.122842 -0.950286 0.286124 -0.401114 0.216168 0.890157 -0.907754 -0.224117 -0.354618 94.947942 -135.669360 699.386117
0.153754 -0.963632 0.218571 -0.421510 0.136101 0.896552 -0.893694 -0.229978 -0.385255 92.103846 -136.452480 699.634943
0.186471 -0.970690 0.151625 -0.439899 0.055505 0.896331 -0.878475 -0.233839 -0.416655 89.233291 -137.227920 699.886084
0.220757 -0.971525 0.086062 -0.456068 -0.024827 0.889599 -0.862130 -0.235635 -0.448562 86.335799 -137.994240 700.139582
0.256344 -0.966321 0.022623 -0.469846 -0.104118 0.876586 -0.844708 -0.235337 -0.480712 83.410892 -138.750000 700.395478
0.292941 -0.955375 -0.038003 -0.481104 -0.181634 0.857641 -0.826271 -0.232955 -0.512842 80.458091 -139.493760 700.653815
0.330239 -0.939084 -0.095201 -0.489756 -0.256696 0.833214 -0.806896 -0.228535 -0.544693 77.476919 -140.224080 700.914633
0.367916 -0.917934 -0.148441 -0.495767 -0.328700 0.803848 -0.786672 -0.222156 -0.576016 74.466896 -140.939520 701.177976
0.405649 -0.892482 -0.197296 -0.499149 -0.397126 0.770157 -0.765702 -0.213933 -0.606575 71.427546 -141.638640 701.443885
0.443116 -0.863338 -0.241444 -0.499961 -0.461550 0.732810 -0.744102 -0.204008 -0.636155 68.358390 -142.320000 701.712401
0.480010 -0.831150 -0.280677 -0.498307 -0.521645 0.692515 -0.721997 -0.192551 -0.664563 65.258949 -142.982160 701.983567
0.516037 -0.796583 -0.314898 -0.494337 -0.577186 0.649990 -0.699526 -0.179753 -0.691630 62.128746 -143.623680 702.257425
0.550927 -0.760303 -0.344120 -0.488236 -0.628045 0.605958 -0.676834 -0.165827 -0.717214 58.967302 -144.243120 702.534015
0.584437 -0.722961 -0.368458 -0.480227 -0.674187 0.561118 -0.654076 -0.150994 -0.741205 55.774140 -144.839040 702.813381
0.616355 -0.685177 -0.388123 -0.470559 -0.715664 0.516140 -0.631412 -0.135491 -0.763519 52.548780 -145.410000 703.095563
0.646501 -0.647535 -0.403404 -0.459504 -0.752599 0.471647 -0.609009 -0.119554 -0.784101 49.290745 -145.954560 703.380604
0.674731 -0.610567 -0.414664 -0.447353 -0.785183 0.428210 -0.587037 -0.103425 -0.802926 45.999557 -146.471280 703.668546
0.700934 -0.574752 -0.422317 -0.434408 -0.813653 0.386340 -0.565669 -0.087341 -0.819994 42.674737 -146.958720 703.959430
0.725030 -0.540515 -0.426820 -0.420975 -0.838288 0.346487 -0.545079 -0.071533 -0.835327 39.315808 -147.415440 704.253298
0.746972 -0.508219 -0.428656 -0.407362 -0.859391 0.309037 -0.525442 -0.056224 -0.848970 35.922290 -147.840000 704.550192
0.766738 -0.478175 -0.428323 -0.393871 -0.877277 0.274317 -0.506930 -0.041625 -0.860982 32.493707 -148.230960 704.850154
0.784329 -0.450644 -0.426319 -0.380798 -0.892266 0.242597 -0.489715 -0.027935 -0.871435 29.029580 -148.586880 705.153226
0.799763 -0.425840 -0.423129 -0.368424 -0.904668 0.214100 -0.473964 -0.015338 -0.880411 25.529430 -148.906320 705.459450
0.813071 -0.403941 -0.419222 -0.357017 -0.914776 0.189005 -0.459841 -0.004005 -0.887992 21.992779 -149.187840 705.768867
0.824289 -0.385093 -0.415032 -0.346827 -0.922859 0.167459 -0.447504 0.005910 -0.894263 18.419150 -149.430000 706.081519
0.833451 -0.369421 -0.410960 -0.338082 -0.929153 0.149586 -0.437104 0.014266 -0.899298 14.808063 -149.631360 706.397448
0.840585 -0.357039 -0.407357 -0.330993 -0.933855 0.135495 -0.428789 0.020937 -0.903162 11.159042 -149.790480 706.716696
0.845706 -0.348053 -0.404524 -0.325745 -0.937119 0.125289 -0.422695 0.025814 -0.905904 7.471607 -149.905920 707.039305
0.848807 -0.342574 -0.402704 -0.322501 -0.939049 0.119078 -0.418952 0.028798 -0.907552 3.745281 -149.976240 707.365316
0.849853 -0.340719 -0.402070 -0.321394 -0.939693 0.116978 -0.417679 0.029809 -0.908105 -0.020414 -150.000000 707.694771
0.847457 -0.344315 -0.404060 -0.323920 -0.938408 0.120279 -0.420586 0.028952 -0.906790 -3.927330 -149.822400 708.036582
0.840304 -0.354925 -0.409777 -0.331278 -0.934521 0.130098 -0.429121 0.026428 -0.902860 -8.068392 -149.299200 708.398878
0.828326 -0.372291 -0.418660 -0.343022 -0.927847 0.146407 -0.442959 0.022337 -0.896264 -12.430689 -148.444800 708.780530
0.811326 -0.396145 -0.429906 -0.358555 -0.918034 0.169270 -0.461724 0.016812 -0.886864 -17.001310 -147.273600 709.180407
0.789026 -0.426193 -0.442491 -0.377126 -0.904577 0.198789 -0.484989 0.010025 -0.874463 -21.767344 -145.800000 709.597381
0.761117 -0.462073 -0.455180 -0.397832 -0.886839 0.235045 -0.512280 0.002189 -0.858816 -26.715882 -144.038400 710.030322
0.727317 -0.503328 -0.466552 -0.419619 -0.864072 0.278028 -0.543074 -0.006440 -0.839660 -31.834011 -142.003200 710.478101
0.687430 -0.549358 -0.475022 -0.441287 -0.835442 0.327569 -0.576807 -0.015559 -0.816733 -37.108823 -139.708800 710.939587
0.641403 -0.599391 -0.478888 -0.461510 -0.800072 0.383268 -0.612872 -0.024818 -0.789793 -42.527404 -137.169600 711.413651
0.589384 -0.652445 -0.476384 -0.478861 -0.757081 0.444433 -0.650629 -0.033820 -0.758642 -48.076846 -134.400000 711.899165
0.531774 -0.707308 -0.465760 -0.491863 -0.705649 0.510029 -0.689411 -0.042130 -0.723145 -53.744238 -131.414400 712.394997
0.469262 -0.762520 -0.445372 -0.499040 -0.645085 0.578640 -0.728528 -0.049275 -0.683242 -59.516668 -128.227200 712.900019
0.402852 -0.816390 -0.413785 -0.498987 -0.574899 0.648462 -0.767282 -0.054761 -0.638967 -65.381227 -124.852800 713.413102
0.333869 -0.867016 -0.369885 -0.490453 -0.494884 0.717319 -0.804977 -0.058079 -0.590457 -71.325002 -121.305600 713.933115
0.263939 -0.912344 -0.312992 -0.472417 -0.405190 0.782715 -0.840927 -0.058726 -0.537953 -77.335085 -117.600000 714.458929
0.194950 -0.950245 -0.242960 -0.444179 -0.306390 0.841921 -0.874471 -0.056215 -0.481809 -83.398563 -113.750400 714.989414
0.128986 -0.978611 -0.160259 -0.405422 -0.199526 0.892089 -0.904984 -0.050094 -0.422487 -89.502527 -109.771200 715.523442
0.068237 -0.995482 -0.066021 -0.356282 -0.086126 0.930401 -0.931884 -0.039965 -0.360549 -95.634066 -105.676800 716.059882
0.014895 -0.999169 0.037946 -0.297370 0.031807 0.954232 -0.954646 -0.025497 -0.296649 -101.780268 -101.481600 716.597605
-0.028964 -0.988383 0.149201 -0.229790 0.151850 0.961321 -0.972809 -0.006441 -0.231519 -107.928224 -97.200000 717.135482
-0.061501 -0.962354 0.264750 -0.155109 0.271245 0.949930 -0.985981 0.017356 -0.165951 -114.065022 -92.846400 717.672382
-0.081226 -0.920923 0.381187 -0.075301 0.387028 0.918988 -0.993847 0.045942 -0.100783 -120.177753 -88.435200 718.207176
-0.087100 -0.864597 0.494859 0.007338 0.496177 0.868191 -0.996173 0.079251 -0.036872 -126.253504 -83.980800 718.738736
-0.078606 -0.794566 0.602067 0.090304 0.595778 0.798056 -0.992807 0.117101 0.024921 -132.279367 -79.497600 719.265930
-0.055793 -0.712667 0.699280 0.171010 0.683201 0.709924 -0.983688 0.159193 0.083756 -138.242429 -75.000000 719.787631
-0.019283 -0.621298 0.783337 0.246932 0.756252 0.605895 -0.968841 0.205114 0.138836 -144.129780 -70.502400 720.302707
0.029758 -0.523299 0.851630 0.315738 0.813305 0.488717 -0.948380 0.254348 0.189428 -149.928510 -66.019200 720.810030
0.089688 -0.421784 0.902250 0.375412 0.853399 0.361630 -0.922509 0.306281 0.234882 -155.625707 -61.564800 721.308471
0.158478 -0.319971 0.934079 0.424358 0.876275 0.228172 -0.891518 0.360224 0.274652 -161.208462 -57.153600 721.796898
0.233833 -0.220990 0.946829 0.461471 0.882374 0.091979 -0.855784 0.415426 0.308309 -166.663863 -52.800000 722.274184
0.313321 -0.127714 0.941020 0.486173 0.872783 -0.043422 -0.815761 0.471104 0.335553 -171.979000 -48.518400 722.739198
0.394501 -0.042612 0.917907 0.498420 0.849132 -0.174793 -0.771976 0.526459 0.356222 -177.140963 -44.323200 723.190812
0.475051 0.032369 0.879363 0.498671 0.813465 -0.299336 -0.725020 0.580712 0.370295 -182.136839 -40.228800 723.627894
0.552873 0.095867 0.827732 0.487830 0.768091 -0.414799 -0.675539 0.633124 0.377890 -186.953719 -36.249600 724.049317
0.626184 0.147133 0.765666 0.467164 0.715427 -0.519540 -0.624220 0.683020 0.379254 -191.578693 -32.400000 724.453949
0.693570 0.186014 0.695959 0.438215 0.657848 -0.612539 -0.571776 0.729818 0.374749 -195.998848 -28.694400 724.840663
0.754018 0.212897 0.621396 0.402692 0.597562 -0.693368 -0.518938 0.773043 0.364840 -200.201276 -25.147200 725.208328
0.806920 0.228627 0.544618 0.362379 0.536506 -0.762131 -0.466435 0.812337 0.350068 -204.173064 -21.772800 725.555814
0.852057 0.234413 0.468028 0.319043 0.476279 -0.819372 -0.414983 0.847472 0.331028 -207.901303 -18.585600 725.881993
0.889549 0.231721 0.393711 0.274366 0.418102 -0.865976 -0.365277 0.878348 0.308346 -211.373081 -15.600000 726.185734
0.919809 0.222174 0.323404 0.229879 0.362818 -0.903061 -0.317973 0.904987 0.282650 -214.575489 -12.830400 726.465908
0.943477 0.207460 0.258480 0.186936 0.310909 -0.931875 -0.273691 0.927521 0.254553 -217.495614 -10.291200 726.721386
0.961350 0.189263 0.199962 0.146685 0.262542 -0.953706 -0.233000 0.946177 0.224632 -220.120547 -7.996800 726.951038
0.974321 0.169203 0.148559 0.110077 0.217625 -0.969805 -0.196424 0.961254 0.193411 -222.437378 -5.961600 727.153734
0.983309 0.148803 0.104698 0.077872 0.175873 -0.981328 -0.164438 0.973101 0.161350 -224.433194 -4.200000 727.328346
0.989209 0.129473 0.068580 0.050670 0.136881 -0.989291 -0.137474 0.982090 0.128844 -226.095086 -2.726400 727.473742
0.992837 0.112505 0.040221 0.028937 0.100191 -0.994547 -0.115921 0.988587 0.096218 -227.410142 -1.555200 727.588795
0.994888 0.099083 0.019498 0.013045 0.065363 -0.997776 -0.100138 0.992930 0.063736 -228.365453 -0.700800 727.672374
0.995896 0.090297 0.006189 0.003306 0.032037 -0.999481 -0.090449 0.995399 0.031607 -228.948108 -0.177600 727.723349
0.996195 0.087156 0.000000 0.000000 -0.000000 -1.000000 -0.087156 0.996195 -0.000000 -229.145195 -0.000000 727.740592
0.996010 0.089234 -0.000800 0.002066 -0.032022 -0.999485 -0.089214 0.995496 -0.032079 -229.050835 -0.094720 727.732337
0.995418 0.095603 0.001894 0.008154 -0.065130 -0.997843 -0.095273 0.993287 -0.065611 -228.772857 -0.373760 727.708017
0.994291 0.106435 0.007483 0.018092 -0.099057 -0.994917 -0.105153 0.989373 -0.100417 -228.318911 -0.829440 727.668302
0.992428 0.121864 0.015345 0.031702 -0.133439 -0.990550 -0.118665 0.983536 -0.136292 -227.696648 -1.454080 727.613861
0.989560 0.141965 0.024839 0.048791 -0.167827 -0.984608 -0.135612 0.975541 -0.173001 -226.913719 -2.240000 727.545363
0.985368 0.166741 0.035313 0.069144 -0.201698 -0.977004 -0.155784 0.965150 -0.210276 -225.977774 -3.179520 727.463479
0.979497 0.196109 0.046120 0.092511 -0.234476 -0.967710 -0.178963 0.952136 -0.247811 -224.896464 -4.264960 727.368877
0.971567 0.229891 0.056630 0.118602 -0.265551 -0.956774 -0.204915 0.936287 -0.285266 -223.677441 -5.488640 727.262226
0.961194 0.267802 0.066247 0.147080 -0.294299 -0.944328 -0.233396 0.917426 -0.322266 -222.328354 -6.842880 727.144196
0.947998 0.309451 0.074428 0.177553 -0.320109 -0.930594 -0.264148 0.895416 -0.358407 -220.856855 -8.320000 727.015457
0.931628 0.354340 0.080704 0.209574 -0.342411 -0.915878 -0.296898 0.870171 -0.393260 -219.270594 -9.912320 726.876677
0.911770 0.401872 0.084697 0.242637 -0.360697 -0.900569 -0.331364 0.841663 -0.426381 -217.577223 -11.612160 726.728526
0.888172 0.451365 0.086137 0.276184 -0.374546 -0.885120 -0.367250 0.809929 -0.457321 -215.784391 -13.411840 726.571673
0.860651 0.502072 0.084879 0.309610 -0.383648 -0.870032 -0.404255 0.775073 -0.485633 -213.899750 -15.303680 726.406789
0.829111 0.553200 0.080907 0.342274 -0.387817 -0.855831 -0.442069 0.737271 -0.510889 -211.930950 -17.280000 726.234541
0.793553 0.603943 0.074340 0.373509 -0.387004 -0.843041 -0.480379 0.696765 -0.532687 -209.885643 -19.333120 726.055600
0.754086 0.653508 0.065429 0.402646 -0.381300 -0.832158 -0.518874 0.653863 -0.550665 -207.771479 -21.455360 725.870634
0.710927 0.701148 0.054545 0.429022 -0.370933 -0.823619 -0.557247 0.608934 -0.564514 -205.596108 -23.639040 725.680314
0.664402 0.746185 0.042163 0.452008 -0.356259 -0.817782 -0.595196 0.562394 -0.573981 -203.367183 -25.876480 725.485308
0.614946 0.788042 0.028841 0.471029 -0.337742 -0.814900 -0.632435 0.514704 -0.578883 -201.092352 -28.160000 725.286287
0.563089 0.826257 0.015186 0.485577 -0.315937 -0.815107 -0.668690 0.466351 -0.579112 -198.779268 -30.481920 725.083918
0.509446 0.860500 0.001830 0.495238 -0.291458 -0.818408 -0.703707 0.417841 -0.574635 -196.435580 -32.834560 724.878872
0.454701 0.890581 -0.010606 0.499703 -0.264952 -0.824680 -0.737254 0.369683 -0.565500 -194.068940 -35.210240 724.671818
0.399581 0.916445 -0.021542 0.498780 -0.237070 -0.833676 -0.769125 0.322376 -0.551833 -191.686999 -37.601280 724.463425
0.344838 0.938167 -0.030470 0.492404 -0.208436 -0.845040 -0.799140 0.276399 -0.533834 -189.297407 -40.000000 724.254363
0.291226 0.955940 -0.036975 0.480639 -0.179625 -0.858325 -0.827148 0.232195 -0.511773 -186.907815 -42.398720 724.045300
0.239469 0.970048 -0.040753 0.463676 -0.151141 -0.873019 -0.853030 0.190164 -0.485981 -184.525873 -44.789760 723.836908
0.190245 0.980854 -0.041624 0.441827 -0.123404 -0.888572 -0.876696 0.150656 -0.456845 -182.159234 -47.165440 723.629853
0.144162 0.988764 -0.039533 0.415516 -0.096743 -0.904427 -0.898089 0.113957 -0.424794 -179.815546 -49.518080 723.424807
0.101737 0.994211 -0.034547 0.385257 -0.071393 -0.920044 -0.917184 0.080293 -0.390290 -177.502462 -51.840000 723.222439
0.063385 0.997628 -0.026845 0.351643 -0.047500 -0.934928 -0.933986 0.049821 -0.353819 -175.227631 -54.123520 723.023417
0.029406 0.999428 -0.016699 0.315322 -0.025128 -0.948652 -0.948529 0.022630 -0.315880 -172.998705 -56.360960 722.828411
-0.000021 0.999990 -0.004458 0.276975 -0.004278 -0.960868 -0.960877 -0.001255 -0.276972 -170.823335 -58.544640 722.638091
-0.024836 0.999647 0.009476 0.237296 0.015104 -0.971320 -0.971120 -0.021875 -0.237587 -168.709171 -60.666880 722.453125
-0.045097 0.998678 0.024673 0.196971 0.033102 -0.979850 -0.979372 -0.039329 -0.198203 -166.663863 -62.720000 722.274184
-0.060972 0.997310 0.040691 0.156658 0.049824 -0.986395 -0.985769 -0.053768 -0.159275 -164.695064 -64.696320 722.101936
-0.072726 0.995716 0.057104 0.116974 0.065376 -0.990981 -0.990469 -0.065391 -0.121227 -162.810423 -66.588160 721.937052
-0.080711 0.994023 0.073509 0.078479 0.079859 -0.993712 -0.993643 -0.074435 -0.084456 -161.017591 -68.387840 721.780199
-0.085347 0.992319 0.089549 0.041672 0.093353 -0.994761 -0.995479 -0.081168 -0.049319 -159.324220 -70.087680 721.632049
-0.087105 0.990660 0.104910 0.006981 0.105914 -0.994351 -0.996175 -0.085881 -0.016142 -157.737959 -71.680000 721.493269
-0.086493 0.989080 0.119333 -0.025234 0.117569 -0.992744 -0.995933 -0.088877 0.014789 -156.266460 -73.157120 721.364529
-0.084037 0.987599 0.132614 -0.054680 0.128314 -0.990225 -0.994961 -0.090467 0.043219 -154.917373 -74.511360 721.246499
-0.080266 0.986230 0.144594 -0.081126 0.138117 -0.987088 -0.993467 -0.090960 0.068922 -153.698349 -75.735040 721.139849
-0.075697 0.984985 0.155158 -0.104393 0.146921 -0.983624 -0.991651 -0.090655 0.091704 -152.617040 -76.820480 721.045246
-0.070820 0.983877 0.164228 -0.124345 0.154649 -0.980113 -0.989708 -0.089832 0.111388 -151.681095 -77.760000 720.963362
-0.066089 0.982922 0.171747 -0.140876 0.161208 -0.976814 -0.987819 -0.088752 0.127816 -150.898166 -78.545920 720.894864
-0.061910 0.982140 0.177676 -0.153898 0.166495 -0.973958 -0.986145 -0.087642 0.140841 -150.275903 -79.170560 720.840423
-0.058629 0.981554 0.181975 -0.163325 0.170401 -0.971745 -0.984829 -0.086694 0.150322 -149.821957 -79.626240 720.800708
-0.056524 0.981187 0.184601 -0.169067 0.172820 -0.970335 -0.983982 -0.086057 0.156118 -149.543979 -79.905280 720.776388
-0.055793 0.981060 0.185494 -0.171010 0.173648 -0.969846 -0.983688 -0.085832 0.158083 -149.449619 -80.000000 720.768133
