0.866025 -0.000000 0.500000 0.000000 1.000000 0.000000 -0.500000 0.000000 0.866025 -162.634560 -0.000000 870.632295
0.866540 0.000271 0.499107 -0.001257 0.999998 0.001640 -0.499106 -0.002048 0.866539 -162.501227 0.184872 870.498963
0.868052 0.001085 0.496471 -0.004971 0.999966 0.006506 -0.496448 -0.008116 0.868029 -162.106697 0.729288 870.104432
0.870496 0.002466 0.492169 -0.011053 0.999833 0.014540 -0.492051 -0.018097 0.870378 -161.459167 1.617948 869.456903
0.873786 0.004456 0.486289 -0.019403 0.999481 0.025705 -0.485923 -0.031896 0.873420 -160.566839 2.835553 868.564574
0.877819 0.007119 0.478940 -0.029914 0.998753 0.039982 -0.478058 -0.049423 0.876937 -159.437910 4.366803 867.435646
0.882474 0.010531 0.470243 -0.042468 0.997450 0.057361 -0.468440 -0.070590 0.880671 -158.080582 6.196398 866.078317
0.887620 0.014777 0.460339 -0.056938 0.995339 0.077837 -0.457043 -0.095301 0.884324 -156.503052 8.309038 864.500788
0.893115 0.019951 0.449385 -0.073184 0.992150 0.101398 -0.443835 -0.123448 0.887565 -154.713522 10.689424 862.711258
0.898809 0.026143 0.437561 -0.091050 0.987583 0.128022 -0.428781 -0.154907 0.890028 -152.720190 13.322255 860.717925
0.904545 0.033442 0.425065 -0.110369 0.981306 0.157663 -0.411846 -0.189527 0.891326 -150.531255 16.192233 858.528991
0.910167 0.041923 0.412115 -0.130958 0.972963 0.190246 -0.392997 -0.227125 0.891048 -148.154919 19.284057 856.152654
0.915517 0.051649 0.398951 -0.152616 0.962178 0.225660 -0.372206 -0.267482 0.888772 -145.599378 22.582427 853.597114
0.920441 0.062660 0.385826 -0.175130 0.948561 0.263746 -0.349453 -0.310332 0.884068 -142.872835 26.072045 850.870571
0.924792 0.074971 0.373013 -0.198269 0.931716 0.304294 -0.324729 -0.355366 0.876508 -139.983487 29.737609 847.981223
0.928431 0.088565 0.360795 -0.221787 0.911249 0.347038 -0.298038 -0.402220 0.865674 -136.939535 33.563821 844.937271
0.931230 0.103391 0.349459 -0.245427 0.886781 0.391645 -0.269401 -0.450478 0.851171 -133.749177 37.535381 841.746913
0.933076 0.119360 0.339298 -0.268920 0.857953 0.437720 -0.238856 -0.499670 0.832633 -130.420615 41.636988 838.418350
0.933873 0.136340 0.330595 -0.291987 0.824446 0.484801 -0.206460 -0.549272 0.809737 -126.962046 45.853343 834.959781
0.933542 0.154162 0.323624 -0.314346 0.785987 0.532363 -0.172294 -0.598713 0.782213 -123.381670 50.169147 831.379406
0.932028 0.172611 0.318637 -0.335711 0.742366 0.579820 -0.136462 -0.647378 0.749853 -119.687688 54.569100 827.685424
0.929294 0.191435 0.315856 -0.355801 0.693444 0.626531 -0.099088 -0.694614 0.712526 -115.888298 59.037901 823.886034
0.925328 0.210348 0.315471 -0.374338 0.639168 0.671815 -0.060324 -0.739742 0.670181 -111.991700 63.560251 819.989436
0.920141 0.229030 0.317625 -0.391059 0.579579 0.714956 -0.020343 -0.782070 0.622858 -108.006094 68.120851 816.003830
0.913768 0.247140 0.322414 -0.405712 0.514820 0.755221 0.020660 -0.820903 0.570694 -103.939679 72.704400 811.937415
0.906265 0.264322 0.329875 -0.418068 0.445142 0.791876 0.062469 -0.855560 0.513922 -99.800655 77.295600 807.798391
0.897713 0.280212 0.339990 -0.427924 0.370906 0.824203 0.104847 -0.885387 0.452877 -95.597221 81.879149 803.594956
0.888210 0.294451 0.352677 -0.435102 0.292581 0.851518 0.147544 -0.909777 0.387990 -91.337576 86.439749 799.335312
0.877875 0.306696 0.367795 -0.439458 0.210741 0.873192 0.190295 -0.928184 0.319784 -87.029920 90.962099 795.027656
0.866839 0.316629 0.385144 -0.440886 0.126056 0.888667 0.232828 -0.940136 0.248867 -82.682454 95.430900 790.680189
0.855250 0.323968 0.404466 -0.439314 0.039281 0.897474 0.274865 -0.945252 0.175918 -78.303375 99.830853 786.301111
0.843261 0.328476 0.425459 -0.434713 -0.048760 0.899248 0.316126 -0.943253 0.101676 -73.900884 104.146657 781.898620
0.831033 0.329970 0.447776 -0.427092 -0.137187 0.893740 0.356337 -0.933970 0.026920 -69.483181 108.363012 777.480916
0.818731 0.328329 0.471042 -0.416502 -0.225093 0.880829 0.395230 -0.917351 -0.047541 -65.058464 112.464619 773.056200
0.806514 0.323493 0.494860 -0.403033 -0.311556 0.860522 0.432550 -0.893468 -0.120896 -60.634933 116.436179 768.632669
0.794541 0.315474 0.518826 -0.386813 -0.395666 0.832961 0.468060 -0.862510 -0.192344 -56.220788 120.262391 764.218524
0.782961 0.304348 0.542536 -0.368005 -0.476550 0.798419 0.501543 -0.824786 -0.261118 -51.824229 123.927955 759.821965
0.771909 0.290258 0.565603 -0.346805 -0.553385 0.757292 0.532806 -0.780714 -0.326500 -47.453454 127.417573 755.451190
0.761510 0.273406 0.587666 -0.323435 -0.625429 0.710090 0.561686 -0.730813 -0.387841 -43.116664 130.715943 751.114400
0.751872 0.254051 0.608397 -0.298142 -0.692029 0.657425 0.588048 -0.675688 -0.444573 -38.822058 133.807767 746.819793
0.743082 0.232497 0.627515 -0.271190 -0.752640 0.599991 0.611789 -0.616018 -0.496222 -34.577835 136.677745 742.575570
0.735210 0.209085 0.644787 -0.242857 -0.806837 0.538548 0.632840 -0.552537 -0.542417 -30.392194 139.310576 738.389930
0.728306 0.184184 0.660035 -0.213428 -0.854321 0.473904 0.651167 -0.486017 -0.582897 -26.273337 141.690962 734.271073
0.722399 0.158178 0.673142 -0.183191 -0.894920 0.406889 0.666769 -0.417250 -0.617512 -22.229461 143.803602 730.227197
0.717497 0.131458 0.684045 -0.152431 -0.928596 0.338341 0.679679 -0.347028 -0.646226 -18.268767 145.633197 726.266502
0.713590 0.104409 0.692739 -0.121425 -0.955432 0.269083 0.689960 -0.276131 -0.669109 -14.399453 147.164447 722.397189
0.710650 0.077404 0.699275 -0.090440 -0.975632 0.199906 0.697708 -0.205305 -0.686333 -10.629720 148.382052 718.627456
0.708632 0.050793 0.703748 -0.059723 -0.989508 0.131555 0.703047 -0.135254 -0.698163 -6.967768 149.270712 714.965503
0.707475 0.024896 0.706300 -0.029507 -0.997467 0.064715 0.706123 -0.066625 -0.704948 -3.421794 149.815128 711.419530
0.707107 -0.000000 0.707107 -0.000000 -1.000000 0.000000 0.707107 -0.000000 -0.707107 0.000000 150.000000 707.997736
0.707460 -0.024199 0.706339 0.029162 -0.997563 -0.063385 0.706151 0.065441 -0.705030 3.424967 149.751120 704.572769
0.708517 -0.048079 0.704054 0.058391 -0.990261 -0.126385 0.703273 0.130657 -0.698810 6.980435 149.016960 701.017301
0.710271 -0.071488 0.700288 0.087568 -0.978129 -0.188667 0.698460 0.195328 -0.688477 10.658168 147.816240 697.339568
0.712711 -0.094280 0.695094 0.116570 -0.961229 -0.249902 0.691704 0.259135 -0.674088 14.449932 146.167680 693.547803
0.715818 -0.116311 0.688532 0.145278 -0.939649 -0.309766 0.683007 0.321765 -0.655720 18.347493 144.090000 689.650243
0.719574 -0.137444 0.680678 0.173570 -0.913504 -0.367945 0.672374 0.382909 -0.633478 22.342613 141.601920 685.655122
0.723952 -0.157550 0.671618 0.201326 -0.882937 -0.424135 0.659819 0.442268 -0.607485 26.427060 138.722160 681.570676
0.728923 -0.176506 0.661451 0.228427 -0.848112 -0.478045 0.645362 0.499551 -0.577890 30.592597 135.469440 677.405139
0.734452 -0.194199 0.650282 0.254758 -0.809220 -0.529397 0.629030 0.554481 -0.544860 34.830990 131.862480 673.166746
0.740501 -0.210525 0.638230 0.280204 -0.766474 -0.577931 0.610855 0.606793 -0.508584 39.134003 127.920000 668.863732
0.747027 -0.225392 0.625420 0.304653 -0.720105 -0.623406 0.590879 0.656237 -0.469272 43.493403 123.660720 664.504333
0.753983 -0.238719 0.611983 0.327999 -0.670369 -0.665599 0.569146 0.702580 -0.427146 47.900953 119.103360 660.096783
0.761318 -0.250439 0.598060 0.350138 -0.617534 -0.704312 0.545709 0.745609 -0.382451 52.348418 114.266640 655.649317
0.768978 -0.260495 0.583794 0.370971 -0.561887 -0.739367 0.520627 0.785128 -0.335443 56.827565 109.169280 651.170171
0.776906 -0.268846 0.569332 0.390405 -0.503728 -0.770611 0.493964 0.820963 -0.286391 61.330157 103.830000 646.667579
0.785040 -0.275464 0.554826 0.408352 -0.443369 -0.797917 0.465790 0.852961 -0.235576 65.847959 98.267520 642.149776
0.793317 -0.280336 0.540426 0.424729 -0.381130 -0.821185 0.436181 0.880994 -0.183290 70.372738 92.500560 637.624998
0.801669 -0.283463 0.526284 0.439462 -0.317339 -0.840339 0.405216 0.904956 -0.129830 74.896257 86.547840 633.101479
0.810029 -0.284859 0.512550 0.452480 -0.252329 -0.855331 0.372980 0.924762 -0.075501 79.410281 80.428080 628.587455
0.818326 -0.284553 0.499372 0.463723 -0.186433 -0.866143 0.339563 0.940357 -0.020609 83.906576 74.160000 624.091159
0.826486 -0.282590 0.486891 0.473137 -0.119987 -0.872780 0.305059 0.951707 0.034536 88.376907 67.762320 619.620829
0.834437 -0.279024 0.475247 0.480676 -0.053323 -0.875276 0.269565 0.958802 0.089626 92.813038 61.253760 615.184697
0.842104 -0.273927 0.464570 0.486300 0.013233 -0.873692 0.233180 0.961659 0.144354 97.206735 54.653040 610.791000
0.849411 -0.267380 0.454982 0.489981 0.079360 -0.868113 0.196008 0.960318 0.198420 101.549763 47.978880 606.447973
0.856283 -0.259476 0.446600 0.491697 0.144748 -0.858651 0.158155 0.954840 0.251529 105.833886 41.250000 602.163850
0.862645 -0.250320 0.439526 0.491435 0.209097 -0.845441 0.119727 0.945314 0.303393 110.050870 34.485120 597.946866
0.868423 -0.240026 0.433853 0.489190 0.272122 -0.828639 0.080834 0.931846 0.353736 114.192479 27.702960 593.805257
0.873543 -0.228718 0.429664 0.484968 0.333553 -0.808423 0.041585 0.914566 0.402293 118.250479 20.922240 589.747257
0.877932 -0.216525 0.427027 0.478781 0.393136 -0.784993 0.002090 0.893623 0.448814 122.216634 14.161680 585.781101
0.881521 -0.203584 0.425998 0.470650 0.450636 -0.758561 -0.037539 0.869184 0.493062 126.082710 7.440000 581.915025
0.884241 -0.190038 0.426618 0.460607 0.505840 -0.729361 -0.077194 0.841434 0.534817 129.840472 0.775920 578.157264
0.886027 -0.176033 0.428915 0.448689 0.558553 -0.697636 -0.116765 0.810574 0.573877 133.481684 -5.811840 574.516052
0.886816 -0.161716 0.432903 0.434943 0.608605 -0.663644 -0.156145 0.776819 0.610058 136.998111 -12.304560 570.999625
0.886549 -0.147238 0.438580 0.419425 0.655849 -0.627651 -0.195228 0.740394 0.643197 140.381519 -18.683520 567.616217
0.885169 -0.132747 0.445930 0.402196 0.700158 -0.589929 -0.233910 0.701539 0.673149 143.623672 -24.930000 564.374063
0.882625 -0.118392 0.454924 0.383326 0.741435 -0.550759 -0.272091 0.660498 0.699792 146.716336 -31.025280 561.281399
0.878869 -0.104318 0.465517 0.362893 0.779602 -0.510420 -0.309673 0.617526 0.723025 149.651276 -36.950640 558.346460
0.873858 -0.090663 0.477652 0.340980 0.814609 -0.469197 -0.346561 0.572881 0.742767 152.420256 -42.687360 555.577480
0.867554 -0.077564 0.491258 0.317675 0.846427 -0.427368 -0.382666 0.526825 0.758961 155.015041 -48.216720 552.982695
0.859922 -0.065149 0.506251 0.293076 0.875053 -0.385211 -0.417901 0.479622 0.771571 157.427397 -53.520000 550.570339
0.850934 -0.053538 0.522537 0.267283 0.900507 -0.342997 -0.452185 0.431533 0.780582 159.649088 -58.578480 548.348648
0.840568 -0.042843 0.540010 0.240401 0.922828 -0.300990 -0.485441 0.382821 0.785999 161.671880 -63.373440 546.325856
0.828805 -0.033164 0.558553 0.212541 0.942081 -0.259442 -0.517598 0.333743 0.787850 163.487537 -67.886160 544.510199
0.815635 -0.024593 0.578044 0.183816 0.958346 -0.218596 -0.548590 0.284549 0.786181 165.087824 -72.097920 542.909912
0.801051 -0.017210 0.598349 0.154344 0.971726 -0.178682 -0.578356 0.235484 0.781058 166.464507 -75.990000 541.533229
0.785052 -0.011080 0.619331 0.124242 0.982338 -0.139912 -0.606842 0.186785 0.772563 167.609350 -79.543680 540.388385
0.767644 -0.006260 0.640846 0.093634 0.990318 -0.102487 -0.634000 0.138678 0.760797 168.514119 -82.740240 539.483617
0.748838 -0.002790 0.662747 0.062642 0.995812 -0.066587 -0.659786 0.091378 0.745877 169.170578 -85.560960 538.827157
0.728651 -0.000698 0.684885 0.031389 0.998983 -0.032376 -0.684165 0.045089 0.727932 169.570493 -87.987120 538.427243
0.707107 -0.000000 0.707107 0.000000 1.000000 -0.000000 -0.707107 0.000000 0.707107 169.705627 -90.000000 538.292108
0.683736 -0.000276 0.729730 -0.032010 0.999026 0.030369 -0.729027 -0.044123 0.683061 169.663540 -91.752480 538.334195
0.657999 -0.001183 0.753018 -0.065060 0.996170 0.058414 -0.750203 -0.087428 0.655402 169.538637 -93.411840 538.459099
0.629835 -0.002823 0.776724 -0.098907 0.991561 0.083806 -0.770406 -0.129607 0.624241 169.332954 -94.980960 538.664782
0.599206 -0.005272 0.800578 -0.133281 0.985367 0.106246 -0.789423 -0.170365 0.589735 169.048527 -96.462720 538.949208
0.566102 -0.008575 0.824291 -0.167890 0.977788 0.125475 -0.807057 -0.209422 0.552088 168.687394 -97.860000 539.310342
0.530541 -0.012746 0.847563 -0.202419 0.969055 0.141279 -0.823136 -0.246517 0.511543 168.251590 -99.175680 539.746146
0.492576 -0.017766 0.870088 -0.236537 0.959421 0.153499 -0.837508 -0.281418 0.468385 167.743152 -100.412640 540.254584
0.452290 -0.023582 0.891559 -0.269905 0.949156 0.162029 -0.850050 -0.313921 0.422929 167.164116 -101.573760 540.833620
0.409801 -0.030111 0.911678 -0.302176 0.938541 0.166827 -0.860670 -0.343853 0.375516 166.516519 -102.661920 541.481216
0.365262 -0.037236 0.930160 -0.333006 0.927854 0.167911 -0.869305 -0.371080 0.326510 165.802398 -103.680000 542.195338
0.318859 -0.044814 0.946742 -0.362058 0.917371 0.165363 -0.875924 -0.395503 0.276286 165.023789 -104.630880 542.973947
0.270808 -0.052676 0.961191 -0.389010 0.907351 0.159326 -0.880530 -0.417060 0.225227 164.182728 -105.517440 543.815008
0.221358 -0.060633 0.973306 -0.413561 0.898035 0.150000 -0.883158 -0.435725 0.173712 163.281251 -106.342560 544.716484
0.170780 -0.068482 0.982926 -0.435438 0.889634 0.137638 -0.883871 -0.451510 0.122112 162.321396 -107.109120 545.676340
0.119371 -0.076010 0.989936 -0.454400 0.882329 0.122542 -0.882763 -0.464455 0.070786 161.305199 -107.820000 546.692537
0.067444 -0.083002 0.994265 -0.470244 0.876262 0.105049 -0.879955 -0.474632 0.020068 160.234696 -108.478080 547.763040
0.015325 -0.089246 0.995892 -0.482812 0.871537 0.085531 -0.875590 -0.482139 -0.029733 159.111923 -109.086240 548.885812
-0.036654 -0.094541 0.994846 -0.491989 0.868218 0.064381 -0.869829 -0.487094 -0.078337 157.938918 -109.647360 550.058818
-0.088156 -0.098703 0.991204 -0.497711 0.866326 0.042002 -0.862851 -0.489630 -0.125498 156.717716 -110.164320 551.280019
-0.138852 -0.101572 0.985090 -0.499961 0.865844 0.018805 -0.854845 -0.489895 -0.171006 155.450355 -110.640000 552.547381
-0.188422 -0.103012 0.976671 -0.498772 0.866720 -0.004809 -0.846004 -0.488042 -0.214688 154.138870 -111.077280 553.858866
-0.236560 -0.102923 0.966150 -0.494227 0.868867 -0.028451 -0.836528 -0.484228 -0.256407 152.785298 -111.479040 555.212438
-0.282983 -0.101239 0.953767 -0.486454 0.872172 -0.051753 -0.826610 -0.478608 -0.296059 151.391675 -111.848160 556.606061
-0.327434 -0.097934 0.939785 -0.475621 0.876500 -0.074373 -0.816438 -0.471334 -0.333576 149.960038 -112.187520 558.037697
-0.369683 -0.093020 0.924490 -0.461940 0.881700 -0.096005 -0.806192 -0.462550 -0.368920 148.492424 -112.500000 559.505312
-0.409538 -0.086549 0.908179 -0.445651 0.887610 -0.116375 -0.796036 -0.452391 -0.402080 146.990869 -112.788480 561.006867
-0.446837 -0.078611 0.891155 -0.427028 0.894067 -0.135249 -0.786120 -0.440982 -0.433071 145.457409 -113.055840 562.540327
-0.481461 -0.069336 0.873720 -0.406362 0.900908 -0.152431 -0.776573 -0.428436 -0.461928 143.894080 -113.304960 564.103655
-0.513328 -0.058883 0.856170 -0.383964 0.907980 -0.167764 -0.767507 -0.414856 -0.488700 142.302920 -113.538720 565.694815
-0.542392 -0.047447 0.838784 -0.360155 0.915141 -0.181124 -0.759012 -0.400332 -0.513454 140.685965 -113.760000 567.311771
-0.568650 -0.035246 0.821824 -0.335259 0.922266 -0.192424 -0.751158 -0.384946 -0.536263 139.045251 -113.971680 568.952485
-0.592131 -0.022519 0.805527 -0.309601 0.929248 -0.201605 -0.743995 -0.368769 -0.557208 137.382815 -114.176640 570.614921
-0.612900 -0.009526 0.790103 -0.283500 0.936002 -0.208632 -0.737551 -0.351865 -0.576377 135.700693 -114.377760 572.297043
-0.631056 0.003464 0.775730 -0.257263 0.942463 -0.213492 -0.731836 -0.334292 -0.593856 134.000921 -114.577920 573.996815
-0.646722 0.016175 0.762554 -0.231184 0.948587 -0.216187 -0.726846 -0.316103 -0.609733 132.285537 -114.780000 575.712199
-0.660049 0.028324 0.750689 -0.205540 0.954349 -0.216730 -0.722557 -0.297349 -0.624095 130.556576 -114.986880 577.441160
-0.671206 0.039633 0.740210 -0.180587 0.959741 -0.215140 -0.718937 -0.278075 -0.637027 128.816075 -115.201440 579.181661
-0.680381 0.049826 0.731163 -0.156563 0.964771 -0.211435 -0.715940 -0.258329 -0.648611 127.066070 -115.426560 580.931665
-0.687771 0.058636 0.723556 -0.133681 0.969456 -0.205634 -0.713513 -0.238155 -0.658925 125.308599 -115.665120 582.689137
-0.693583 0.065805 0.717365 -0.112135 0.973818 -0.197748 -0.711595 -0.217597 -0.668045 123.545697 -115.920000 584.452039
-0.698026 0.071087 0.712535 -0.092098 0.977883 -0.187783 -0.710125 -0.196700 -0.676041 121.779401 -116.194080 586.218335
-0.701308 0.074249 0.708981 -0.073721 0.981674 -0.175730 -0.709036 -0.175508 -0.682982 120.011747 -116.490240 587.985989
-0.703631 0.075071 0.706588 -0.057140 0.985205 -0.161573 -0.708264 -0.154062 -0.688932 118.244772 -116.811360 589.752964
-0.705190 0.073350 0.705214 -0.042473 0.988478 -0.145284 -0.707745 -0.132406 -0.693949 116.480512 -117.160320 591.517224
-0.706162 0.068894 0.704690 -0.029827 0.991477 -0.126822 -0.707422 -0.110576 -0.698089 114.721004 -117.540000 593.276732
-0.706712 0.061530 0.704821 -0.019297 0.994164 -0.106138 -0.707238 -0.088610 -0.701400 112.968284 -117.953280 595.029451
-0.706979 0.051096 0.705386 -0.010970 0.996475 -0.083175 -0.707149 -0.066541 -0.703926 111.224389 -118.403040 596.773346
-0.707081 0.037446 0.706140 -0.004926 0.998312 -0.057873 -0.707115 -0.044399 -0.705703 109.491356 -118.892160 598.506380
-0.707105 0.020452 0.706813 -0.001244 0.999544 -0.030167 -0.707107 -0.022211 -0.706757 107.771219 -119.423520 600.226516
-0.707107 -0.000000 0.707107 -0.000000 1.000000 0.000000 -0.707107 0.000000 -0.707107 106.066017 -120.000000 601.931719
-0.707105 -0.024691 0.706678 -0.001447 0.999439 0.033472 -0.707108 0.022646 -0.706743 104.363247 -120.611760 603.634488
-0.707072 -0.054156 0.705065 -0.005708 0.997468 0.070892 -0.707118 0.046101 -0.705591 102.648825 -121.246080 605.348911
-0.706937 -0.088104 0.701768 -0.012666 0.993629 0.111987 -0.707164 0.070279 -0.703549 100.922409 -121.901520 607.075326
-0.706584 -0.126198 0.696285 -0.022199 0.987438 0.156440 -0.707281 0.095081 -0.700509 99.183662 -122.576640 608.814074
-0.705866 -0.168055 0.688121 -0.034182 0.978398 0.203884 -0.707520 0.120393 -0.696362 97.432243 -123.270000 610.565492
-0.704608 -0.213242 0.676798 -0.048480 0.966016 0.253895 -0.707939 0.146085 -0.691000 95.667814 -123.980160 612.329922
-0.702612 -0.261272 0.661871 -0.064949 0.949816 0.305991 -0.708603 0.172005 -0.684322 93.890034 -124.705680 614.107701
-0.699668 -0.311604 0.642937 -0.083428 0.929358 0.359630 -0.709581 0.197982 -0.676238 92.098565 -125.445120 615.899171
-0.695555 -0.363645 0.619650 -0.103743 0.904249 0.414212 -0.710943 0.223823 -0.666680 90.293067 -126.197040 617.704669
-0.690052 -0.416753 0.591730 -0.125697 0.874162 0.469085 -0.712761 0.249315 -0.655602 88.473200 -126.960000 619.524535
-0.682941 -0.470248 0.558981 -0.149075 0.838848 0.523555 -0.715101 0.274227 -0.642986 86.638626 -127.732560 621.359110
-0.674012 -0.523416 0.521290 -0.173642 0.798150 0.576893 -0.718022 0.298315 -0.628850 84.789004 -128.513280 623.208731
-0.663075 -0.575527 0.478644 -0.199140 0.752009 0.628351 -0.721578 0.321327 -0.613249 82.923996 -129.300720 625.073740
-0.649958 -0.625842 0.431134 -0.225294 0.700477 0.677181 -0.725808 0.343007 -0.596279 81.043262 -130.093440 626.954474
-0.634518 -0.673633 0.378954 -0.251812 0.643717 0.722647 -0.730738 0.363107 -0.578078 79.146462 -130.890000 628.851274
-0.616641 -0.718199 0.322404 -0.278387 0.582007 0.764048 -0.736379 0.381390 -0.558826 77.233257 -131.688960 630.764478
-0.596251 -0.758881 0.261886 -0.304705 0.515734 0.800733 -0.742724 0.397640 -0.538742 75.303308 -132.488880 632.694427
-0.573308 -0.795082 0.197895 -0.330449 0.445391 0.832124 -0.749748 0.411669 -0.518080 73.356276 -133.288320 634.641460
-0.547814 -0.826278 0.131014 -0.355301 0.371562 0.857731 -0.757404 0.423328 -0.497124 71.391820 -134.085840 636.605916
-0.519813 -0.852035 0.061893 -0.378953 0.294912 0.877167 -0.765630 0.432508 -0.476181 69.409602 -134.880000 638.588134
-0.489390 -0.872021 -0.008760 -0.401114 0.216168 0.890157 -0.774342 0.439148 -0.455570 67.409281 -135.669360 640.588454
-0.456673 -0.886012 -0.080202 -0.421510 0.136101 0.896552 -0.783440 0.443237 -0.435617 65.390520 -136.452480 642.607216
-0.421828 -0.893900 -0.151669 -0.439899 0.055505 0.896331 -0.792812 0.444816 -0.416639 63.352978 -137.227920 644.644758
-0.385057 -0.895694 -0.222403 -0.456068 -0.024827 0.889599 -0.802330 0.443977 -0.398938 61.296315 -137.994240 646.701421
-0.346597 -0.891516 -0.291666 -0.469846 -0.104118 0.876586 -0.811859 0.440860 -0.382789 59.220193 -138.750000 648.777543
-0.306711 -0.881600 -0.358761 -0.481104 -0.181634 0.857641 -0.821260 0.435649 -0.368432 57.124272 -139.493760 650.873464
-0.265685 -0.866280 -0.423050 -0.489756 -0.256696 0.833214 -0.830392 0.428564 -0.356065 55.008212 -140.224080 652.989523
-0.223823 -0.845978 -0.483968 -0.495767 -0.328700 0.803848 -0.839117 0.419855 -0.345838 52.871675 -140.939520 655.126061
-0.181439 -0.821194 -0.541036 -0.499149 -0.397126 0.770157 -0.847308 0.409794 -0.337844 50.714321 -141.638640 657.283415
-0.138852 -0.792489 -0.593870 -0.499961 -0.461550 0.732810 -0.854845 0.398664 -0.332126 48.535809 -142.320000 659.461926
-0.096382 -0.760467 -0.642184 -0.498307 -0.521645 0.692515 -0.861627 0.386751 -0.328669 46.335802 -142.982160 661.661933
-0.054340 -0.725762 -0.685797 -0.494337 -0.577186 0.649990 -0.867570 0.374335 -0.327407 44.113960 -143.623680 663.883776
-0.013026 -0.689017 -0.724628 -0.488236 -0.628045 0.605958 -0.872614 0.361683 -0.328222 41.869942 -144.243120 666.127794
0.027272 -0.650877 -0.758693 -0.480227 -0.674187 0.561118 -0.876720 0.349042 -0.330956 39.603410 -144.839040 668.394325
0.066291 -0.611968 -0.788099 -0.470559 -0.715664 0.516140 -0.879875 0.336631 -0.335409 37.314025 -145.410000 670.683711
0.103785 -0.572888 -0.813036 -0.459504 -0.752599 0.471647 -0.882091 0.324643 -0.341353 35.001446 -145.954560 672.996289
0.139534 -0.534202 -0.833762 -0.447353 -0.785183 0.428210 -0.883406 0.313236 -0.348536 32.665335 -146.471280 675.332401
0.173342 -0.496428 -0.850595 -0.434408 -0.813653 0.386340 -0.883879 0.302536 -0.356692 30.305352 -146.958720 677.692384
0.205035 -0.460039 -0.863901 -0.420975 -0.838288 0.346487 -0.883595 0.292638 -0.365543 27.921158 -147.415440 680.076578
0.234467 -0.425458 -0.874077 -0.407362 -0.859391 0.309037 -0.882656 0.283607 -0.374814 25.512413 -147.840000 682.485323
0.261507 -0.393059 -0.881543 -0.393871 -0.877277 0.274317 -0.881181 0.275479 -0.384229 23.078777 -148.230960 684.918958
0.286048 -0.363170 -0.886727 -0.380798 -0.892266 0.242597 -0.879300 0.268269 -0.393526 20.619913 -148.586880 687.377823
0.307996 -0.336072 -0.890053 -0.368424 -0.904668 0.214100 -0.877156 0.261975 -0.402451 18.135479 -148.906320 689.862257
0.327269 -0.312011 -0.891933 -0.357017 -0.914776 0.189005 -0.874891 0.256580 -0.410771 15.625137 -149.187840 692.372599
0.343792 -0.291199 -0.892754 -0.346827 -0.922859 0.167459 -0.872650 0.252060 -0.418267 13.088547 -149.430000 694.909189
0.357495 -0.273823 -0.892871 -0.338082 -0.929153 0.149586 -0.870573 0.248388 -0.424742 10.525369 -149.631360 697.472366
0.368306 -0.260049 -0.892595 -0.330993 -0.933855 0.135495 -0.868789 0.245539 -0.430018 7.935265 -149.790480 700.062470
0.376146 -0.250031 -0.892188 -0.325745 -0.937119 0.125289 -0.867413 0.243499 -0.433940 5.317896 -149.905920 702.679840
0.380927 -0.243915 -0.891852 -0.322501 -0.939049 0.119078 -0.866538 0.242263 -0.436372 2.672920 -149.976240 705.324816
0.382546 -0.241845 -0.891723 -0.321394 -0.939693 0.116978 -0.866236 0.241845 -0.437203 0.000000 -150.000000 707.997736
0.378842 -0.245151 -0.892401 -0.323920 -0.938408 0.120279 -0.866923 0.243500 -0.434917 -2.773160 -149.822400 710.770895
0.367877 -0.254901 -0.894255 -0.331278 -0.934521 0.130098 -0.868862 0.248387 -0.428231 -5.712518 -149.299200 713.710253
0.349806 -0.270833 -0.896819 -0.343022 -0.927847 0.146407 -0.871764 0.256415 -0.417468 -8.808910 -148.444800 716.806646
0.324721 -0.292658 -0.899393 -0.358555 -0.918034 0.169270 -0.875211 0.267516 -0.403039 -12.053172 -147.273600 720.050908
0.292684 -0.320039 -0.901061 -0.377126 -0.904577 0.198789 -0.878699 0.281631 -0.385450 -15.436141 -145.800000 723.433877
0.253762 -0.352562 -0.900725 -0.397832 -0.886839 0.235045 -0.881666 0.298692 -0.365307 -18.948652 -144.038400 726.946387
0.208076 -0.389711 -0.897123 -0.419619 -0.864072 0.278028 -0.883529 0.318599 -0.343323 -22.581540 -142.003200 730.579276
0.155838 -0.430834 -0.888874 -0.441287 -0.835442 0.327569 -0.883731 0.341201 -0.320315 -26.325642 -139.708800 734.323378
0.097396 -0.475113 -0.874518 -0.461510 -0.800072 0.383268 -0.881773 0.366269 -0.297193 -30.171794 -137.169600 738.169530
0.033278 -0.521542 -0.852577 -0.478861 -0.757081 0.444433 -0.877260 0.393476 -0.274940 -34.110831 -134.400000 742.108567
-0.035782 -0.568910 -0.821621 -0.491863 -0.705649 0.510029 -0.869937 0.422375 -0.254576 -38.133590 -131.414400 746.131326
-0.108813 -0.615798 -0.780354 -0.499040 -0.645085 0.578640 -0.859720 0.452391 -0.237114 -42.230906 -128.227200 750.228642
-0.184597 -0.660590 -0.727698 -0.498987 -0.574899 0.648462 -0.846721 0.482816 -0.223502 -46.393615 -124.852800 754.391351
-0.261671 -0.701505 -0.662886 -0.490453 -0.494884 0.717319 -0.831255 0.512816 -0.214559 -50.612554 -121.305600 758.610290
-0.338349 -0.736645 -0.585555 -0.472417 -0.405190 0.782715 -0.813844 0.541457 -0.210908 -54.878557 -117.600000 762.876293
-0.412759 -0.764064 -0.495819 -0.444179 -0.306390 0.841921 -0.795195 0.567742 -0.212915 -59.182462 -113.750400 767.180197
-0.482903 -0.781860 -0.394335 -0.405422 -0.199526 0.892089 -0.776168 0.590665 -0.220632 -63.515103 -109.771200 771.512839
-0.546731 -0.788273 -0.282331 -0.356282 -0.086126 0.930401 -0.757726 0.609268 -0.233759 -67.867317 -105.676800 775.865053
-0.602225 -0.781797 -0.161614 -0.297370 0.031807 0.954232 -0.740875 0.622721 -0.251638 -72.229939 -101.481600 780.227675
-0.647498 -0.761285 -0.034523 -0.229790 0.151850 0.961321 -0.726597 0.630386 -0.273258 -76.593807 -97.200000 784.591542
-0.680889 -0.726049 0.096139 -0.155109 0.271245 0.949930 -0.715773 0.631885 -0.297304 -80.949754 -92.846400 788.947490
-0.701055 -0.675937 0.227225 -0.075301 0.387028 0.918988 -0.709120 0.627151 -0.322227 -85.288618 -88.435200 793.286354
-0.707050 -0.611378 0.355383 0.007338 0.496177 0.868191 -0.707126 0.616462 -0.346335 -89.601234 -83.980800 797.598969
-0.698380 -0.533402 0.477229 0.090304 0.595778 0.798056 -0.710008 0.600442 -0.367911 -93.878438 -79.497600 801.876174
-0.675042 -0.443608 0.589517 0.171010 0.683201 0.709924 -0.717686 0.580042 -0.385328 -98.111066 -75.000000 806.108802
-0.637531 -0.344097 0.689313 0.246932 0.756252 0.605895 -0.729780 0.556490 -0.397165 -102.289954 -70.502400 810.287690
-0.586810 -0.237378 0.774148 0.315738 0.813305 0.488717 -0.745629 0.531212 -0.402307 -106.405938 -66.019200 814.403673
-0.524272 -0.126232 0.842143 0.375412 0.853399 0.361630 -0.764333 0.505743 -0.400025 -110.449853 -61.564800 818.447589
-0.451656 -0.013564 0.892089 0.424358 0.876275 0.228172 -0.784810 0.481621 -0.390018 -114.412536 -57.153600 822.410272
-0.370961 0.097743 0.923490 0.461471 0.882374 0.091979 -0.805874 0.460284 -0.372432 -118.284822 -52.800000 826.282558
-0.284343 0.204985 0.936552 0.486173 0.872783 -0.043422 -0.826308 0.442980 -0.347828 -122.057548 -48.518400 830.055284
-0.194011 0.305759 0.932133 0.498420 0.849132 -0.174793 -0.844948 0.430682 -0.317137 -125.721549 -44.323200 833.719285
-0.102124 0.398071 0.911652 0.498671 0.813465 -0.299336 -0.860754 0.424045 -0.281581 -129.267661 -40.228800 837.265397
-0.010703 0.480402 0.876983 0.487830 0.768091 -0.414799 -0.872873 0.423379 -0.242575 -132.686721 -36.249600 840.684456
0.078444 0.551748 0.830314 0.467164 0.715427 -0.519540 -0.880684 0.428648 -0.201636 -135.969563 -32.400000 843.967299
0.163775 0.611614 0.774020 0.438215 0.657848 -0.612539 -0.883824 0.439506 -0.160280 -139.107024 -28.694400 847.104760
0.244044 0.659991 0.710531 0.402692 0.597562 -0.693368 -0.882203 0.455338 -0.119942 -142.089940 -25.147200 850.087676
0.318318 0.697298 0.642221 0.362379 0.536506 -0.762131 -0.875988 0.475327 -0.081906 -144.909146 -21.772800 852.906882
0.385967 0.724316 0.571311 0.319043 0.476279 -0.819372 -0.865587 0.498523 -0.047260 -147.555479 -18.585600 855.553215
0.446638 0.742100 0.499801 0.274366 0.418102 -0.865976 -0.851609 0.523906 -0.016866 -150.019775 -15.600000 858.017510
0.500225 0.751910 0.429426 0.229879 0.362818 -0.903061 -0.834823 0.550450 0.008642 -152.292868 -12.830400 860.290604
0.546820 0.755123 0.361631 0.186936 0.310909 -0.931875 -0.816114 0.577170 0.028852 -154.365596 -10.291200 862.363332
0.586668 0.753175 0.297571 0.146685 0.262542 -0.953706 -0.796432 0.603158 0.043545 -156.228794 -7.996800 864.226530
0.620114 0.747499 0.238125 0.110077 0.217625 -0.969805 -0.776750 0.627602 0.052670 -157.873299 -5.961600 865.871034
0.647560 0.739487 0.183917 0.077872 0.175873 -0.981328 -0.758025 0.649790 0.056303 -159.289945 -4.200000 867.287680
0.669411 0.730457 0.135354 0.050670 0.136881 -0.989291 -0.741162 0.669101 0.054618 -160.469568 -2.726400 868.467304
0.686044 0.721635 0.092659 0.028937 0.100191 -0.994547 -0.726984 0.684985 0.047854 -161.403006 -1.555200 869.400742
0.697761 0.714145 0.055905 0.013045 0.065363 -0.997776 -0.716212 0.696939 0.036291 -162.081093 -0.700800 870.078829
0.704761 0.709002 0.025057 0.003306 0.032037 -0.999481 -0.709437 0.704478 0.020234 -162.494666 -0.177600 870.492401
0.707107 0.707107 0.000000 0.000000 -0.000000 -1.000000 -0.707107 0.707107 -0.000000 -162.634560 -0.000000 870.632295
0.705643 0.708250 -0.021232 0.002066 -0.032022 -0.999485 -0.708565 0.705235 -0.024060 -162.567583 -0.094720 870.565318
0.701294 0.711708 -0.040723 0.008154 -0.065130 -0.997843 -0.712826 0.699450 -0.051478 -162.370271 -0.373760 870.368007
0.694080 0.717491 -0.058814 0.018092 -0.099057 -0.994917 -0.719670 0.689489 -0.081734 -162.048057 -0.829440 870.045793
0.683968 0.725558 -0.075852 0.031702 -0.133439 -0.990550 -0.728823 0.675099 -0.114270 -161.606370 -1.454080 869.604106
0.670877 0.735817 -0.092175 0.048791 -0.167827 -0.984608 -0.739961 0.656054 -0.148493 -161.050640 -2.240000 869.048376
0.654700 0.748118 -0.108111 0.069144 -0.201698 -0.977004 -0.752720 0.632169 -0.183779 -160.386300 -3.179520 868.384035
0.635303 0.762249 -0.123960 0.092511 -0.234476 -0.967710 -0.766702 0.603322 -0.219480 -159.618778 -4.264960 867.616513
0.612547 0.777940 -0.139984 0.118602 -0.265551 -0.956774 -0.781486 0.569467 -0.254928 -158.753505 -5.488640 866.751241
0.586293 0.794858 -0.156401 0.147080 -0.294299 -0.944328 -0.796635 0.530650 -0.289453 -157.795913 -6.842880 865.793649
0.556418 0.812615 -0.173365 0.177553 -0.320109 -0.930594 -0.811710 0.487018 -0.322397 -156.751431 -8.320000 864.749167
0.522826 0.830775 -0.190960 0.209574 -0.342411 -0.915878 -0.826276 0.438825 -0.353130 -155.625491 -9.912320 863.623227
0.485460 0.848862 -0.209191 0.242637 -0.360697 -0.900569 -0.839914 0.386433 -0.381069 -154.423523 -11.612160 862.421258
0.444315 0.866378 -0.227975 0.276184 -0.374546 -0.885120 -0.852236 0.330309 -0.405696 -153.150957 -13.411840 861.148692
0.399447 0.882817 -0.247138 0.309610 -0.383648 -0.870032 -0.862893 0.271015 -0.426576 -151.813224 -15.303680 859.810959
0.350979 0.897684 -0.266415 0.342274 -0.387817 -0.855831 -0.871586 0.209192 -0.443369 -150.415754 -17.280000 858.413490
0.299116 0.910519 -0.285457 0.373509 -0.387004 -0.843041 -0.878078 0.145546 -0.455846 -148.963979 -19.333120 856.961715
0.244138 0.920912 -0.303840 0.402646 -0.381300 -0.832158 -0.882198 0.080821 -0.463891 -147.463329 -21.455360 855.461065
0.186410 0.928525 -0.321079 0.429022 -0.370933 -0.823619 -0.883850 0.015781 -0.467503 -145.919234 -23.639040 853.916970
0.126377 0.933111 -0.336649 0.452008 -0.356259 -0.817782 -0.883016 -0.048820 -0.466797 -144.337125 -25.876480 852.334861
0.064554 0.934521 -0.350006 0.471029 -0.337742 -0.814900 -0.879753 -0.112258 -0.461989 -142.722433 -28.160000 850.720168
0.001525 0.932714 -0.360613 0.485577 -0.315937 -0.815107 -0.874192 -0.173862 -0.453387 -141.080587 -30.481920 849.078323
-0.062076 0.927765 -0.367966 0.495238 -0.291458 -0.818408 -0.866537 -0.233034 -0.441372 -139.417020 -32.834560 847.414755
-0.125577 0.919852 -0.371621 0.499703 -0.264952 -0.824680 -0.857046 -0.289261 -0.426381 -137.737160 -35.210240 845.734896
-0.188288 0.909257 -0.371214 0.498780 -0.237070 -0.833676 -0.846030 -0.342125 -0.408882 -136.046440 -37.601280 844.044175
-0.249516 0.896344 -0.366483 0.492404 -0.208436 -0.845040 -0.833835 -0.391309 -0.389355 -134.350288 -40.000000 842.348024
-0.308589 0.881544 -0.357285 0.480639 -0.179625 -0.858325 -0.820829 -0.436595 -0.368274 -132.654137 -42.398720 840.651873
-0.364873 0.865336 -0.343601 0.463676 -0.151141 -0.873019 -0.807386 -0.477861 -0.346088 -130.963417 -44.789760 838.961152
-0.417793 0.848217 -0.325540 0.441827 -0.123404 -0.888572 -0.793875 -0.515072 -0.323208 -129.283557 -47.165440 837.281293
-0.466846 0.830688 -0.303336 0.415516 -0.096743 -0.904427 -0.780642 -0.548269 -0.299999 -127.619990 -49.518080 835.617725
-0.511619 0.813221 -0.277338 0.385257 -0.071393 -0.920044 -0.767999 -0.577559 -0.276773 -125.978144 -51.840000 833.975880
-0.551799 0.796252 -0.247995 0.351643 -0.047500 -0.934928 -0.756218 -0.603098 -0.253786 -124.363452 -54.123520 832.361187
-0.587177 0.780153 -0.215836 0.315322 -0.025128 -0.948652 -0.745517 -0.625084 -0.231244 -122.781343 -56.360960 830.779078
-0.617656 0.765230 -0.181449 0.276975 -0.004278 -0.960868 -0.736061 -0.643743 -0.209307 -121.237248 -58.544640 829.234983
-0.643249 0.751713 -0.145459 0.237296 0.015104 -0.971320 -0.727957 -0.659318 -0.188094 -119.736597 -60.666880 827.734333
-0.664074 0.739752 -0.108502 0.196971 0.033102 -0.979850 -0.721254 -0.672065 -0.167692 -118.284822 -62.720000 826.282558
-0.680347 0.729422 -0.071208 0.156658 0.049824 -0.986395 -0.715951 -0.682247 -0.148167 -116.887353 -64.696320 824.885089
-0.692373 0.720730 -0.034179 0.116974 0.065376 -0.990981 -0.711995 -0.690126 -0.129571 -115.549620 -66.588160 823.547356
-0.700530 0.713620 0.002024 0.078479 0.079859 -0.993712 -0.709294 -0.695966 -0.111948 -114.277054 -68.387840 822.274790
-0.705261 0.707987 0.036896 0.041672 0.093353 -0.994761 -0.707722 -0.700029 -0.095341 -113.075086 -70.087680 821.072822
-0.707055 0.703686 0.069990 0.006981 0.105914 -0.994351 -0.707124 -0.702572 -0.079800 -111.949146 -71.680000 819.946881
-0.706431 0.700550 0.100921 -0.025234 0.117569 -0.992744 -0.707332 -0.703852 -0.065377 -110.904664 -73.157120 818.902400
-0.703925 0.698393 0.129369 -0.054680 0.128314 -0.990225 -0.708166 -0.704118 -0.052135 -109.947072 -74.511360 817.944807
-0.700076 0.697028 0.155068 -0.081126 0.138117 -0.987088 -0.709445 -0.703616 -0.040145 -109.081799 -75.735040 817.079535
-0.695408 0.696271 0.177804 -0.104393 0.146921 -0.983624 -0.710992 -0.702582 -0.029485 -108.314277 -76.820480 816.312013
-0.690424 0.695950 0.197405 -0.124345 0.154649 -0.980113 -0.712639 -0.701239 -0.020236 -107.649936 -77.760000 815.647672
-0.685585 0.695913 0.213725 -0.140876 0.161208 -0.976814 -0.714232 -0.699798 -0.012484 -107.094207 -78.545920 815.091943
-0.681308 0.696028 0.226638 -0.153898 0.166495 -0.973958 -0.715636 -0.698445 -0.006317 -106.652520 -79.170560 814.650256
-0.677948 0.696188 0.236026 -0.163325 0.170401 -0.971745 -0.716736 -0.697342 -0.001818 -106.330305 -79.626240 814.328041
-0.675792 0.696316 0.241763 -0.169067 0.172820 -0.970335 -0.717441 -0.696618 0.000934 -106.132994 -79.905280 814.130730
-0.675042 0.696364 0.243710 -0.171010 0.173648 -0.969846 -0.717686 -0.696364 0.001865 -106.066017 -80.000000 814.063753
