0.707107 -0.000000 0.707107 0.000000 1.000000 0.000000 -0.707107 0.000000 0.707107 -115.002007 -0.000000 907.189319
0.707836 -0.000269 0.706377 -0.001257 0.999998 0.001640 -0.706376 -0.002048 0.707834 -114.907727 0.184872 907.026021
0.709984 -0.001052 0.704217 -0.004971 0.999966 0.006506 -0.704200 -0.008120 0.709955 -114.628752 0.729288 906.542822
0.713483 -0.002302 0.700669 -0.011053 0.999833 0.014540 -0.700585 -0.018118 0.713338 -114.170879 1.617948 905.749763
0.718247 -0.003951 0.695777 -0.019403 0.999481 0.025705 -0.695518 -0.031962 0.717798 -113.539908 2.835553 904.656889
0.724177 -0.005915 0.689589 -0.029914 0.998753 0.039982 -0.688965 -0.049582 0.723097 -112.741635 4.366803 903.274239
0.731163 -0.008098 0.682154 -0.042468 0.997450 0.057361 -0.680879 -0.070910 0.728955 -111.781858 6.196398 901.611858
0.739084 -0.010392 0.673533 -0.056938 0.995339 0.077837 -0.671202 -0.095878 0.735047 -110.666377 8.309038 899.679787
0.747810 -0.012680 0.663791 -0.073184 0.992150 0.101398 -0.659867 -0.124405 0.741012 -109.400988 10.689424 897.488069
0.757206 -0.014840 0.653008 -0.091050 0.987583 0.128022 -0.646799 -0.156395 0.746452 -107.991489 13.322255 895.046745
0.767130 -0.016751 0.641273 -0.110369 0.981306 0.157663 -0.631926 -0.191725 0.750940 -106.443679 16.192233 892.365859
0.777438 -0.018290 0.628693 -0.130958 0.972963 0.190246 -0.615175 -0.230237 0.754023 -104.763355 19.284057 889.455453
0.787987 -0.019340 0.615388 -0.152616 0.962178 0.225660 -0.596477 -0.271735 0.755232 -102.956315 22.582427 886.325568
0.798633 -0.019795 0.601493 -0.175130 0.948561 0.263746 -0.575774 -0.315976 0.754085 -101.028357 26.072045 882.986248
0.809234 -0.019559 0.587160 -0.198269 0.931716 0.304294 -0.553018 -0.362661 0.750099 -98.985280 29.737609 879.447534
0.819657 -0.018555 0.572554 -0.221787 0.911249 0.347038 -0.528179 -0.411437 0.742797 -96.832881 33.563821 875.719469
0.829772 -0.016724 0.557851 -0.245427 0.886781 0.391645 -0.501242 -0.461888 0.731722 -94.576957 37.535381 871.812095
0.839462 -0.014031 0.543238 -0.268920 0.857953 0.437720 -0.472215 -0.513536 0.716445 -92.223308 41.636988 867.735455
0.848616 -0.010467 0.528906 -0.291987 0.824446 0.484801 -0.441129 -0.565844 0.696582 -89.777731 45.853343 863.499591
0.857140 -0.006050 0.515049 -0.314346 0.785987 0.532363 -0.408042 -0.618213 0.671799 -87.246023 50.169147 859.114544
0.864951 -0.000825 0.501856 -0.335711 0.742366 0.579820 -0.373039 -0.669994 0.641833 -84.633983 54.569100 854.590358
0.871983 0.005133 0.489509 -0.355801 0.693444 0.626531 -0.336231 -0.720492 0.606498 -81.947409 59.037901 849.937075
0.878185 0.011721 0.478177 -0.374338 0.639168 0.671815 -0.297761 -0.768978 0.565695 -79.192098 63.560251 845.164737
0.883523 0.018811 0.468010 -0.391059 0.579579 0.714956 -0.257800 -0.814699 0.519427 -76.373849 68.120851 840.283387
0.887979 0.026254 0.459134 -0.405712 0.514820 0.755221 -0.216544 -0.856896 0.467801 -73.498459 72.704400 835.303066
0.891553 0.033880 0.451647 -0.418068 0.445142 0.791876 -0.174219 -0.894819 0.411032 -70.571727 77.295600 830.233817
0.894260 0.041509 0.445618 -0.427924 0.370906 0.824203 -0.131071 -0.927742 0.349449 -67.599450 81.879149 825.085682
0.896132 0.048950 0.441079 -0.435102 0.292581 0.851518 -0.087370 -0.954987 0.283490 -64.587426 86.439749 819.868704
0.897214 0.056014 0.438029 -0.439458 0.210741 0.873192 -0.043400 -0.975936 0.213696 -61.541454 90.962099 814.592925
0.897563 0.062515 0.436432 -0.440886 0.126056 0.888667 0.000540 -0.990051 0.140705 -58.467331 95.430900 809.268387
0.897248 0.068280 0.436215 -0.439314 0.039281 0.897474 0.044144 -0.996893 0.065241 -55.370855 99.830853 803.905133
0.896347 0.073151 0.437277 -0.434713 -0.048760 0.899248 0.087103 -0.996128 -0.011906 -52.257823 104.146657 798.513205
0.894943 0.076998 0.439486 -0.427092 -0.137187 0.893740 0.129108 -0.987548 -0.089890 -49.134035 108.363012 793.102646
0.893126 0.079713 0.442687 -0.416502 -0.225093 0.880829 0.169859 -0.971071 -0.167836 -46.005288 112.464619 787.683496
0.890985 0.081224 0.446708 -0.403033 -0.311556 0.860522 0.209070 -0.946750 -0.244855 -42.877380 116.436179 782.265800
0.888611 0.081491 0.451365 -0.386813 -0.395666 0.832961 0.246468 -0.914772 -0.320072 -39.756108 120.262391 776.859599
0.886091 0.080508 0.456467 -0.368005 -0.476550 0.798419 0.281808 -0.875454 -0.392639 -36.647271 123.927955 771.474935
0.883507 0.078304 0.461826 -0.346805 -0.553385 0.757292 0.314867 -0.829237 -0.461764 -33.556666 127.417573 766.121851
0.880938 0.074942 0.467261 -0.323435 -0.625429 0.710090 0.345454 -0.776674 -0.526725 -30.490093 130.715943 760.810390
0.878450 0.070514 0.472602 -0.298142 -0.692029 0.657425 0.373412 -0.718418 -0.586889 -27.453347 133.807767 755.550592
0.876104 0.065138 0.477701 -0.271190 -0.752640 0.599991 0.398619 -0.655203 -0.641726 -24.452228 136.677745 750.352502
0.873949 0.058954 0.482428 -0.242857 -0.806837 0.538548 0.420990 -0.587825 -0.690817 -21.492534 139.310576 745.226161
0.872024 0.052118 0.486680 -0.213428 -0.854321 0.473904 0.440480 -0.517127 -0.733865 -18.580062 141.690962 740.181611
0.870356 0.044796 0.490381 -0.183191 -0.894920 0.406889 0.457079 -0.443972 -0.770693 -15.720610 143.803602 735.228895
0.868963 0.037161 0.493481 -0.152431 -0.928596 0.338341 0.470817 -0.369227 -0.801250 -12.919976 145.633197 730.378055
0.867850 0.029384 0.495957 -0.121425 -0.955432 0.269083 0.481759 -0.293745 -0.825604 -10.183958 147.164447 725.639133
0.867016 0.021630 0.497811 -0.090440 -0.975632 0.199906 0.490005 -0.218344 -0.843932 -7.518354 148.382052 721.022172
0.866447 0.014056 0.499071 -0.059723 -0.989508 0.131555 0.495683 -0.143792 -0.856517 -4.928963 149.270712 716.537214
0.866126 0.006804 0.499780 -0.029507 -0.997467 0.064715 0.498954 -0.070798 -0.863732 -2.421581 149.815128 712.194301
0.866025 -0.000000 0.500000 -0.000000 -1.000000 0.000000 0.500000 -0.000000 -0.866025 -0.002007 150.000000 708.003476
0.866119 -0.006438 0.499796 0.029162 -0.997563 -0.063385 0.498986 0.069474 -0.863821 2.419810 149.751120 703.808766
0.866396 -0.012624 0.499198 0.058391 -0.990261 -0.126385 0.495932 0.138649 -0.857221 4.933906 149.016960 699.454225
0.866844 -0.018498 0.498236 0.087568 -0.978129 -0.188667 0.490829 0.207175 -0.846266 7.534456 147.816240 694.949939
0.867452 -0.023998 0.496942 0.116570 -0.961229 -0.249902 0.483672 0.274706 -0.831022 10.215638 146.167680 690.305996
0.868203 -0.029069 0.495358 0.145278 -0.939649 -0.309766 0.474467 0.340904 -0.811582 12.971629 144.090000 685.532479
0.869078 -0.033657 0.493528 0.173570 -0.913504 -0.367945 0.463224 0.405435 -0.788065 15.796606 141.601920 680.639475
0.870058 -0.037715 0.491505 0.201326 -0.882937 -0.424135 0.449964 0.467975 -0.760613 18.684746 138.722160 675.637070
0.871118 -0.041199 0.489343 0.228427 -0.848112 -0.478045 0.434713 0.528213 -0.729394 21.630226 135.469440 670.535350
0.872231 -0.044071 0.487104 0.254758 -0.809220 -0.529397 0.417506 0.585850 -0.694600 24.627222 131.862480 665.344400
0.873370 -0.046302 0.484852 0.280204 -0.766474 -0.577931 0.398385 0.640605 -0.656441 27.669912 127.920000 660.074306
0.874503 -0.047865 0.482652 0.304653 -0.720105 -0.623406 0.377400 0.692212 -0.615152 30.752473 123.660720 654.735154
0.875597 -0.048744 0.480577 0.327999 -0.670369 -0.665599 0.354608 0.740425 -0.570985 33.869081 119.103360 649.337030
0.876616 -0.048927 0.478696 0.350138 -0.617534 -0.704312 0.330071 0.785021 -0.524209 37.013915 114.266640 643.890019
0.877524 -0.048413 0.477082 0.370971 -0.561887 -0.739367 0.303861 0.825796 -0.475110 40.181149 109.169280 638.404208
0.878281 -0.047204 0.475809 0.390405 -0.503728 -0.770611 0.276055 0.862571 -0.423986 43.364963 103.830000 632.889681
0.878846 -0.045315 0.474949 0.408352 -0.443369 -0.797917 0.246736 0.895193 -0.371149 46.559532 98.267520 627.356526
0.879177 -0.042766 0.474572 0.424729 -0.381130 -0.821185 0.215993 0.923532 -0.316917 49.759033 92.500560 621.814827
0.879231 -0.039584 0.474749 0.439462 -0.317339 -0.840339 0.183921 0.947486 -0.261619 52.957644 86.547840 616.274670
0.878963 -0.035806 0.475544 0.452480 -0.252329 -0.855331 0.150620 0.966979 -0.205586 56.149541 80.428080 610.746142
0.878328 -0.031475 0.477022 0.463723 -0.186433 -0.866143 0.116195 0.981963 -0.149154 59.328902 74.160000 605.239327
0.877280 -0.026641 0.479239 0.473137 -0.119987 -0.872780 0.080754 0.992418 -0.092658 62.489903 67.762320 599.764313
0.875773 -0.021361 0.482250 0.480676 -0.053323 -0.875276 0.044411 0.998349 -0.036431 65.626722 61.253760 594.331183
0.873761 -0.015697 0.486101 0.486300 0.013233 -0.873692 0.007282 0.999789 0.019196 68.733535 54.653040 588.950026
0.871199 -0.009720 0.490834 0.489981 0.079360 -0.868113 -0.030514 0.996799 0.073901 71.804519 47.978880 583.630925
0.868040 -0.003503 0.496483 0.491697 0.144748 -0.858651 -0.068857 0.989462 0.127370 74.833852 41.250000 578.383967
0.864239 0.002875 0.503073 0.491435 0.209097 -0.845441 -0.107622 0.977891 0.179297 77.815709 34.485120 573.219238
0.859754 0.009332 0.510624 0.489190 0.272122 -0.828639 -0.146685 0.962217 0.229393 80.744269 27.702960 568.146823
0.854540 0.015783 0.519145 0.484968 0.333553 -0.808423 -0.185922 0.942599 0.277380 83.613708 20.922240 563.176809
0.848558 0.022140 0.528638 0.478781 0.393136 -0.784993 -0.225206 0.919214 0.322999 86.418204 14.161680 558.319280
0.841768 0.028314 0.539096 0.470650 0.450636 -0.758561 -0.264415 0.892258 0.366005 89.151932 7.440000 553.584324
0.834132 0.034217 0.550502 0.460607 0.505840 -0.729361 -0.303422 0.861949 0.406177 91.809071 0.775920 548.982025
0.825615 0.039758 0.562831 0.448689 0.558553 -0.697636 -0.342107 0.828515 0.443311 94.383797 -5.811840 544.522469
0.816185 0.044850 0.576047 0.434943 0.608605 -0.663644 -0.380350 0.792204 0.477228 96.870286 -12.304560 540.215742
0.805812 0.049407 0.590107 0.419425 0.655849 -0.627651 -0.418031 0.753274 0.507768 99.262717 -18.683520 536.071931
0.794467 0.053347 0.604959 0.402196 0.700158 -0.589929 -0.455038 0.711992 0.534797 101.555266 -24.930000 532.101120
0.782128 0.056591 0.620542 0.383326 0.741435 -0.550759 -0.491260 0.668634 0.558204 103.742109 -31.025280 528.313396
0.768774 0.059064 0.636788 0.362893 0.779602 -0.510420 -0.526589 0.623484 0.577903 105.817425 -36.950640 524.718844
0.754386 0.060699 0.653619 0.340980 0.814609 -0.469197 -0.560923 0.576826 0.593832 107.775389 -42.687360 521.327550
0.738951 0.061431 0.670952 0.317675 0.846427 -0.427368 -0.594166 0.528949 0.605953 109.610180 -48.216720 518.149600
0.722460 0.061206 0.688698 0.293076 0.875053 -0.385211 -0.626225 0.480141 0.614253 111.315973 -53.520000 515.195080
0.704905 0.059975 0.706761 0.267283 0.900507 -0.342997 -0.657015 0.430686 0.618742 112.886946 -58.578480 512.474075
0.686285 0.057699 0.725041 0.240401 0.922828 -0.300990 -0.686455 0.380866 0.619452 114.317275 -63.373440 509.996671
0.666600 0.054345 0.743432 0.212541 0.942081 -0.259442 -0.714472 0.330954 0.616441 115.601139 -67.886160 507.772954
0.645857 0.049891 0.761826 0.183816 0.958346 -0.218596 -0.740999 0.281218 0.609784 116.732713 -72.097920 505.813010
0.624066 0.044325 0.780114 0.154344 0.971726 -0.178682 -0.765976 0.231915 0.599580 117.706175 -75.990000 504.126925
0.601239 0.037641 0.798182 0.124242 0.982338 -0.139912 -0.789351 0.183289 0.585944 118.515701 -79.543680 502.724784
0.577396 0.029846 0.815919 0.093634 0.990318 -0.102487 -0.811078 0.135573 0.569010 119.155469 -82.740240 501.616673
0.552556 0.020956 0.833212 0.062642 0.995812 -0.066587 -0.831118 0.088987 0.548930 119.619656 -85.560960 500.812678
0.526748 0.010995 0.849950 0.031389 0.998983 -0.032376 -0.849442 0.043733 0.525867 119.902438 -87.987120 500.322885
0.500000 -0.000000 0.866025 0.000000 1.000000 -0.000000 -0.866025 0.000000 0.500000 119.997993 -90.000000 500.157379
0.471752 -0.011686 0.881654 -0.032010 0.999026 0.030369 -0.881150 -0.042548 0.470918 119.968233 -91.752480 500.208925
0.441411 -0.023770 0.896990 -0.065060 0.996170 0.058414 -0.894943 -0.084143 0.438174 119.879913 -93.411840 500.361900
0.408978 -0.036272 0.911823 -0.098907 0.991561 0.083806 -0.907168 -0.124460 0.401939 119.734473 -94.980960 500.613809
0.374471 -0.049186 0.925933 -0.133281 0.985367 0.106246 -0.917610 -0.163196 0.362436 119.533353 -96.462720 500.962160
0.337930 -0.062485 0.939095 -0.167890 0.977788 0.125475 -0.926076 -0.200066 0.319934 119.277993 -97.860000 501.404456
0.299420 -0.076115 0.951080 -0.202419 0.969055 0.141279 -0.932402 -0.234819 0.274748 118.969833 -99.175680 501.938205
0.259029 -0.089997 0.961668 -0.236537 0.959421 0.153499 -0.936458 -0.267231 0.227230 118.610313 -100.412640 502.560912
0.216869 -0.104028 0.970642 -0.269905 0.949156 0.162029 -0.938147 -0.297120 0.177765 118.200873 -101.573760 503.270083
0.173080 -0.118081 0.977804 -0.302176 0.938541 0.166827 -0.937408 -0.324343 0.126761 117.742953 -102.661920 504.063223
0.127824 -0.132010 0.982972 -0.333006 0.927854 0.167911 -0.934221 -0.348799 0.074641 117.237993 -103.680000 504.937840
0.081288 -0.145651 0.985991 -0.362058 0.917371 0.165363 -0.928604 -0.370428 0.021837 116.687433 -104.630880 505.891438
0.033683 -0.158824 0.986732 -0.389010 0.907351 0.159326 -0.920617 -0.389215 -0.031222 116.092713 -105.517440 506.921523
-0.014763 -0.171341 0.985101 -0.413561 0.898035 0.150000 -0.910357 -0.405185 -0.084118 115.455273 -106.342560 508.025601
-0.063801 -0.183008 0.981039 -0.435438 0.889634 0.137638 -0.897955 -0.418400 -0.136449 114.776553 -107.109120 509.201179
-0.113172 -0.193630 0.974525 -0.454400 0.882329 0.122542 -0.883580 -0.428956 -0.187840 114.057993 -107.820000 510.445761
-0.162603 -0.203017 0.965580 -0.470244 0.876262 0.105049 -0.867428 -0.436977 -0.237951 113.301033 -108.478080 511.756854
-0.211817 -0.210991 0.954262 -0.482812 0.871537 0.085531 -0.849721 -0.442612 -0.286475 112.507113 -109.086240 513.131964
-0.260533 -0.217389 0.940672 -0.491989 0.868218 0.064381 -0.830704 -0.446027 -0.333152 111.677673 -109.647360 514.568596
-0.308475 -0.222066 0.924949 -0.497711 0.866326 0.042002 -0.810634 -0.447400 -0.377764 110.814153 -110.164320 516.064257
-0.355371 -0.224905 0.907265 -0.499961 0.865844 0.018805 -0.789779 -0.446914 -0.420140 109.917993 -110.640000 517.616452
-0.400964 -0.225816 0.887826 -0.498772 0.866720 -0.004809 -0.768410 -0.444751 -0.460154 108.990633 -111.077280 519.222686
-0.445009 -0.224743 0.866867 -0.494227 0.868867 -0.028451 -0.746798 -0.441090 -0.497728 108.033513 -111.479040 520.880467
-0.487283 -0.221663 0.844642 -0.486454 0.872172 -0.051753 -0.725202 -0.436097 -0.532824 107.048073 -111.848160 522.587299
-0.527587 -0.216588 0.821427 -0.475621 0.876500 -0.074373 -0.703873 -0.429927 -0.565444 106.035753 -112.187520 524.340688
-0.565745 -0.209567 0.797505 -0.461940 0.881700 -0.096005 -0.683041 -0.422714 -0.595625 104.997993 -112.500000 526.138142
-0.601612 -0.200687 0.773167 -0.445651 0.887610 -0.116375 -0.662916 -0.414576 -0.623434 103.936233 -112.788480 527.977164
-0.635074 -0.190067 0.748702 -0.427028 0.894067 -0.135249 -0.643683 -0.405610 -0.648963 102.851913 -113.055840 529.855261
-0.666048 -0.177861 0.724394 -0.406362 0.900908 -0.152431 -0.625500 -0.395892 -0.672323 101.746473 -113.304960 531.769939
-0.694482 -0.164250 0.700512 -0.383964 0.907980 -0.167764 -0.608496 -0.385480 -0.693641 100.621353 -113.538720 533.718704
-0.720357 -0.149444 0.677312 -0.360155 0.915141 -0.181124 -0.592768 -0.374411 -0.713051 99.477993 -113.760000 535.699062
-0.743687 -0.133676 0.655026 -0.335259 0.922266 -0.192424 -0.578386 -0.362707 -0.730694 98.317833 -113.971680 537.708518
-0.764514 -0.117196 0.633864 -0.309601 0.929248 -0.201605 -0.565389 -0.350375 -0.746708 97.142313 -114.176640 539.744578
-0.782908 -0.100271 0.614003 -0.283500 0.936002 -0.208632 -0.553789 -0.337410 -0.761231 95.952873 -114.377760 541.804749
-0.798966 -0.083175 0.595596 -0.257263 0.942463 -0.213492 -0.543570 -0.323798 -0.774394 94.750953 -114.577920 543.886535
-0.812807 -0.066190 0.578760 -0.231184 0.948587 -0.216187 -0.534695 -0.309519 -0.786320 93.537993 -114.780000 545.987444
-0.824570 -0.049601 0.563582 -0.205540 0.954349 -0.216730 -0.527104 -0.294548 -0.797122 92.315433 -114.986880 548.104980
-0.834410 -0.033689 0.550114 -0.180587 0.959741 -0.215140 -0.520719 -0.278858 -0.806901 91.084713 -115.201440 550.236649
-0.842496 -0.018732 0.538376 -0.156563 0.964771 -0.211435 -0.515449 -0.262423 -0.815749 89.847273 -115.426560 552.379958
-0.849007 -0.005001 0.528359 -0.133681 0.969456 -0.205634 -0.511192 -0.245216 -0.823743 88.604553 -115.665120 554.532413
-0.854124 0.007245 0.520018 -0.112135 0.973818 -0.197748 -0.507836 -0.227214 -0.830949 87.357993 -115.920000 556.691518
-0.858035 0.017755 0.513284 -0.092098 0.977883 -0.187783 -0.505266 -0.208396 -0.837423 86.109033 -116.194080 558.854780
-0.860924 0.026294 0.508054 -0.073721 0.981674 -0.175730 -0.503364 -0.188744 -0.843208 84.859113 -116.490240 561.019705
-0.862968 0.032639 0.504203 -0.057140 0.985205 -0.161573 -0.502017 -0.168243 -0.848335 83.609673 -116.811360 563.183798
-0.864339 0.036581 0.501578 -0.042473 0.988478 -0.145284 -0.501113 -0.146878 -0.852826 82.362153 -117.160320 565.344566
-0.865195 0.037928 0.500000 -0.029827 0.991477 -0.126822 -0.500549 -0.124639 -0.856689 81.117993 -117.540000 567.499515
-0.865678 0.036499 0.499269 -0.019297 0.994164 -0.106138 -0.500229 -0.101516 -0.859922 79.878633 -117.953280 569.646149
-0.865913 0.032133 0.499161 -0.010970 0.996475 -0.083175 -0.500074 -0.077498 -0.862508 78.645513 -118.403040 571.781976
-0.866003 0.024679 0.499430 -0.004926 0.998312 -0.057873 -0.500015 -0.052578 -0.864419 77.420073 -118.892160 573.904500
-0.866024 0.014007 0.499806 -0.001244 0.999544 -0.030167 -0.500001 -0.026747 -0.865612 76.203753 -119.423520 576.011228
-0.866025 -0.000000 0.500000 -0.000000 1.000000 0.000000 -0.500000 0.000000 -0.866025 74.997993 -120.000000 578.099666
-0.866023 -0.017988 0.499680 -0.001447 0.999439 0.033472 -0.500001 0.028265 -0.865563 73.793953 -120.611760 580.185124
-0.865995 -0.040379 0.498420 -0.005708 0.997468 0.070892 -0.500020 0.058547 -0.864032 72.581673 -121.246080 582.284855
-0.865876 -0.066912 0.495764 -0.012666 0.993629 0.111987 -0.500099 0.090688 -0.861207 71.360913 -121.901520 584.399273
-0.865565 -0.097289 0.491255 -0.022199 0.987438 0.156440 -0.500304 0.124504 -0.856852 70.131433 -122.576640 586.528795
-0.864934 -0.131168 0.484442 -0.034182 0.978398 0.203884 -0.500721 0.159787 -0.850733 68.892993 -123.270000 588.673836
-0.863827 -0.168167 0.474893 -0.048480 0.966016 0.253895 -0.501451 0.196299 -0.842623 67.645353 -123.980160 590.834812
-0.862071 -0.207851 0.462203 -0.064949 0.949816 0.305991 -0.502609 0.233767 -0.832309 66.388273 -124.705680 593.012138
-0.859480 -0.249745 0.446006 -0.083428 0.929358 0.359630 -0.504315 0.271885 -0.819600 65.121513 -125.445120 595.206231
-0.855860 -0.293324 0.425986 -0.103743 0.904249 0.414212 -0.506696 0.310315 -0.804341 63.844833 -126.197040 597.417506
-0.851015 -0.338025 0.401885 -0.125697 0.874162 0.469085 -0.509876 0.348683 -0.786414 62.557993 -126.960000 599.646378
-0.844752 -0.383249 0.373517 -0.149075 0.838848 0.523555 -0.513976 0.386592 -0.765752 61.260753 -127.732560 601.893263
-0.836884 -0.428372 0.340769 -0.173642 0.798150 0.576893 -0.519109 0.423620 -0.742342 59.952873 -128.513280 604.158578
-0.827239 -0.472751 0.303614 -0.199140 0.752009 0.628351 -0.525375 0.459335 -0.716235 58.634113 -129.300720 606.442737
-0.815664 -0.515740 0.262115 -0.225294 0.700477 0.677181 -0.532855 0.493299 -0.687547 57.304233 -130.093440 608.746157
-0.802026 -0.556700 0.216424 -0.251812 0.643717 0.722647 -0.541614 0.525084 -0.656461 55.962993 -130.890000 611.069253
-0.786219 -0.595016 0.166783 -0.278387 0.582007 0.764048 -0.551689 0.554278 -0.623229 54.610153 -131.688960 613.412440
-0.768165 -0.630106 0.113525 -0.304705 0.515734 0.800733 -0.563096 0.580503 -0.588166 53.245473 -132.488880 615.776136
-0.747822 -0.661442 0.057063 -0.330449 0.445391 0.832124 -0.575818 0.603424 -0.551646 51.868713 -133.288320 618.160754
-0.725179 -0.688558 -0.002116 -0.355301 0.371562 0.857731 -0.589811 0.622760 -0.514094 50.479633 -134.085840 620.566711
-0.700260 -0.711061 -0.063461 -0.378953 0.294912 0.877167 -0.605004 0.638294 -0.475974 49.077993 -134.880000 622.994423
-0.673129 -0.728648 -0.126372 -0.401114 0.216168 0.890157 -0.621293 0.649880 -0.437780 47.663553 -135.669360 625.444305
-0.643882 -0.741104 -0.190215 -0.421510 0.136101 0.896552 -0.638550 0.657451 -0.400016 46.236073 -136.452480 627.916773
-0.612649 -0.748315 -0.254335 -0.439899 0.055505 0.896331 -0.656620 0.661018 -0.363187 44.795313 -137.227920 630.412242
-0.579595 -0.750264 -0.318078 -0.456068 -0.024827 0.889599 -0.675331 0.660672 -0.327782 43.341033 -137.994240 632.931129
-0.544912 -0.747036 -0.380801 -0.469846 -0.104118 0.876586 -0.694490 0.656580 -0.294257 41.872993 -138.750000 635.473849
-0.508818 -0.738806 -0.441894 -0.481104 -0.181634 0.857641 -0.713893 0.648980 -0.263024 40.390953 -139.493760 638.040817
-0.471553 -0.725841 -0.500791 -0.489756 -0.256696 0.833214 -0.733332 0.638171 -0.234440 38.894673 -140.224080 640.632450
-0.433376 -0.708485 -0.556987 -0.495767 -0.328700 0.803848 -0.752596 0.624504 -0.208793 37.383913 -140.939520 643.249163
-0.394556 -0.687150 -0.610041 -0.499149 -0.397126 0.770157 -0.771476 0.608371 -0.186302 35.858433 -141.638640 645.891372
-0.355371 -0.662304 -0.659595 -0.499961 -0.461550 0.732810 -0.789779 0.590191 -0.167104 34.317993 -142.320000 648.559493
-0.316103 -0.634456 -0.705368 -0.498307 -0.521645 0.692515 -0.807322 0.570396 -0.151260 32.762353 -142.982160 651.253940
-0.277032 -0.604147 -0.747168 -0.494337 -0.577186 0.649990 -0.823945 0.549421 -0.138753 31.191273 -143.623680 653.975131
-0.238432 -0.571929 -0.784887 -0.488236 -0.628045 0.605958 -0.839509 0.527690 -0.129491 29.604513 -144.243120 656.723479
-0.200569 -0.538361 -0.818499 -0.480227 -0.674187 0.561118 -0.853905 0.505608 -0.123314 28.001833 -144.839040 659.499403
-0.163696 -0.503989 -0.848056 -0.470559 -0.715664 0.516140 -0.867051 0.483550 -0.120005 26.382993 -145.410000 662.303316
-0.128053 -0.469344 -0.873681 -0.459504 -0.752599 0.471647 -0.878896 0.461856 -0.119292 24.747753 -145.954560 665.135635
-0.093863 -0.434928 -0.895560 -0.447353 -0.785183 0.428210 -0.889418 0.440824 -0.120867 23.095873 -146.471280 667.996775
-0.061330 -0.401210 -0.913931 -0.434408 -0.813653 0.386340 -0.898626 0.420713 -0.124388 21.427113 -146.958720 670.887152
-0.030642 -0.368623 -0.929074 -0.420975 -0.838288 0.346487 -0.906555 0.401734 -0.129494 19.741233 -147.415440 673.807182
-0.001971 -0.337558 -0.941303 -0.407362 -0.859391 0.309037 -0.913265 0.384060 -0.135814 18.037993 -147.840000 676.757280
0.024530 -0.308367 -0.950951 -0.393871 -0.877277 0.274317 -0.918838 0.367823 -0.142977 16.317153 -148.230960 679.737862
0.048722 -0.281362 -0.958364 -0.380798 -0.892266 0.242597 -0.923374 0.353124 -0.150615 14.578473 -148.586880 682.749344
0.070477 -0.256816 -0.963887 -0.368424 -0.904668 0.214100 -0.926982 0.340031 -0.158375 12.821713 -148.906320 685.792142
0.089679 -0.234971 -0.967856 -0.357017 -0.914776 0.189005 -0.929783 0.328592 -0.165925 11.046633 -149.187840 688.866670
0.106219 -0.216039 -0.970590 -0.346827 -0.922859 0.167459 -0.931895 0.318839 -0.172953 9.252993 -149.430000 691.973346
0.119993 -0.200205 -0.972378 -0.338082 -0.929153 0.149586 -0.933436 0.310795 -0.179177 7.440553 -149.631360 695.112584
0.130897 -0.187638 -0.973477 -0.330993 -0.933855 0.135495 -0.934510 0.304478 -0.184345 5.609073 -149.790480 698.284801
0.138826 -0.178490 -0.974099 -0.325745 -0.937119 0.125289 -0.935210 0.299915 -0.188239 3.758313 -149.905920 701.490411
0.143670 -0.172902 -0.974404 -0.322501 -0.939049 0.119078 -0.935603 0.297138 -0.190675 1.888033 -149.976240 704.729831
0.145313 -0.171010 -0.974495 -0.321394 -0.939693 0.116978 -0.935730 0.296198 -0.191511 -0.002007 -150.000000 708.003476
0.141557 -0.173775 -0.974558 -0.323920 -0.938408 0.120279 -0.935435 0.298652 -0.189127 -1.962927 -149.822400 711.399889
0.130463 -0.181928 -0.974619 -0.331278 -0.934521 0.130098 -0.934470 0.305896 -0.182190 -4.041367 -149.299200 714.999853
0.112258 -0.195240 -0.974310 -0.343022 -0.927847 0.146407 -0.932595 0.317774 -0.171129 -6.230847 -148.444800 718.792144
0.087135 -0.213448 -0.973061 -0.358555 -0.918034 0.169270 -0.929433 0.334146 -0.156526 -8.524887 -147.273600 722.765538
0.055287 -0.236242 -0.970120 -0.377126 -0.904577 0.198789 -0.924510 0.354867 -0.139104 -10.917007 -145.800000 726.908811
0.016924 -0.263241 -0.964582 -0.397832 -0.886839 0.235045 -0.917302 0.379764 -0.119734 -13.400727 -144.038400 731.210740
-0.027688 -0.293972 -0.955413 -0.419619 -0.864072 0.278028 -0.907278 0.408608 -0.099432 -15.969567 -142.003200 735.660102
-0.078199 -0.327844 -0.941490 -0.441287 -0.835442 0.327569 -0.893952 0.441083 -0.079343 -18.617047 -139.708800 740.245671
-0.134142 -0.364126 -0.921639 -0.461510 -0.800072 0.383268 -0.876935 0.476757 -0.060725 -21.336687 -137.169600 744.956226
-0.194907 -0.401931 -0.894686 -0.478861 -0.757081 0.444433 -0.855981 0.515053 -0.044909 -24.122007 -134.400000 749.780542
-0.259719 -0.440206 -0.859514 -0.491863 -0.705649 0.510029 -0.831033 0.555228 -0.033250 -26.966527 -131.414400 754.707395
-0.327617 -0.477727 -0.815134 -0.499040 -0.645085 0.578640 -0.802263 0.596357 -0.027064 -29.863767 -128.227200 759.725562
-0.397454 -0.513119 -0.760749 -0.498987 -0.574899 0.648462 -0.770092 0.637338 -0.027544 -32.807247 -124.852800 764.823819
-0.467899 -0.544876 -0.695831 -0.490453 -0.494884 0.717319 -0.735205 0.676905 -0.035680 -35.790487 -121.305600 769.990942
-0.537458 -0.571405 -0.620190 -0.472417 -0.405190 0.782715 -0.698542 0.713665 -0.052169 -38.807007 -117.600000 775.215708
-0.604506 -0.591086 -0.534031 -0.444179 -0.306390 0.841921 -0.661270 0.746151 -0.077333 -41.850327 -113.750400 780.486893
-0.667336 -0.602343 -0.438002 -0.405422 -0.199526 0.892089 -0.624736 0.772898 -0.111052 -44.913967 -109.771200 785.793273
-0.724216 -0.603723 -0.333212 -0.356282 -0.086126 0.930401 -0.590403 0.792528 -0.152721 -47.991447 -105.676800 791.123625
-0.773457 -0.593986 -0.221235 -0.297370 0.031807 0.954232 -0.559764 0.803847 -0.201235 -51.076287 -101.481600 796.466724
-0.813492 -0.572189 -0.104071 -0.229790 0.151850 0.961321 -0.534254 0.805941 -0.255012 -54.162007 -97.200000 801.811348
-0.842944 -0.537766 0.015915 -0.155109 0.271245 0.949930 -0.515157 0.798269 -0.312057 -57.242127 -92.846400 807.146272
-0.860701 -0.490586 0.136084 -0.075301 0.387028 0.918988 -0.503511 0.780727 -0.370057 -60.310167 -88.435200 812.460274
-0.865975 -0.430994 0.253636 0.007338 0.496177 0.868191 -0.500033 0.753693 -0.426514 -63.359647 -83.980800 817.742128
-0.858347 -0.359821 0.365745 0.090304 0.595778 0.798056 -0.505061 0.718037 -0.478891 -66.384087 -79.497600 822.980612
-0.837792 -0.278366 0.469699 0.171010 0.683201 0.709924 -0.518518 0.675092 -0.524777 -69.377007 -75.000000 828.164501
-0.804688 -0.188342 0.563031 0.246932 0.756252 0.605895 -0.539909 0.626587 -0.562039 -72.331927 -70.502400 833.282573
-0.759799 -0.091802 0.643645 0.315738 0.813305 0.488717 -0.568345 0.574549 -0.588963 -75.242367 -66.019200 838.323603
-0.704232 0.008965 0.709913 0.375412 0.853399 0.361630 -0.602597 0.521181 -0.604357 -78.101847 -61.564800 843.276367
-0.639390 0.111550 0.760748 0.424358 0.876275 0.228172 -0.641171 0.468721 -0.607619 -80.903887 -57.153600 848.129643
-0.566896 0.213543 0.795631 0.461471 0.882374 0.091979 -0.682403 0.419303 -0.598758 -83.642007 -52.800000 852.872206
-0.488519 0.312652 0.814616 0.486173 0.872783 -0.043422 -0.724559 0.374831 -0.578373 -86.309727 -48.518400 857.492832
-0.406089 0.406809 0.818290 0.498420 0.849132 -0.174793 -0.765943 0.336870 -0.547585 -88.900567 -44.323200 861.980299
-0.321424 0.494258 0.807710 0.498671 0.813465 -0.299336 -0.804993 0.306568 -0.507939 -91.408047 -40.228800 866.323382
-0.236254 0.573611 0.784317 0.487830 0.768091 -0.414799 -0.840361 0.284615 -0.461290 -93.825687 -36.249600 870.510857
-0.152166 0.643890 0.749834 0.467164 0.715427 -0.519540 -0.870978 0.271239 -0.409666 -96.147007 -32.400000 874.531501
-0.070556 0.704526 0.706162 0.438215 0.657848 -0.612539 -0.896097 0.266233 -0.355149 -98.365527 -28.694400 878.374091
0.007397 0.755352 0.655277 0.402692 0.597562 -0.693368 -0.915306 0.269004 -0.299754 -100.474767 -25.147200 882.027401
0.080750 0.796562 0.599139 0.362379 0.536506 -0.762131 -0.928526 0.278657 -0.245334 -102.468247 -21.772800 885.480210
0.148785 0.828663 0.539612 0.319043 0.476279 -0.819372 -0.935988 0.294070 -0.193516 -104.339487 -18.585600 888.721293
0.211007 0.852411 0.478405 0.274366 0.418102 -0.865976 -0.938190 0.313985 -0.145650 -106.082007 -15.600000 891.739426
0.267112 0.868756 0.417030 0.229879 0.362818 -0.903061 -0.935845 0.337085 -0.102796 -107.689327 -12.830400 894.523386
0.316962 0.878775 0.356776 0.186936 0.310909 -0.931875 -0.929833 0.362063 -0.065728 -109.154967 -10.291200 897.061949
0.360546 0.883620 0.298702 0.146685 0.262542 -0.953706 -0.921135 0.387670 -0.034956 -110.472447 -7.996800 899.343891
0.397947 0.884464 0.243643 0.110077 0.217625 -0.969805 -0.910781 0.412750 -0.010756 -111.635287 -5.961600 901.357989
0.429303 0.882468 0.192222 0.077872 0.175873 -0.981328 -0.899797 0.436256 0.006783 -112.637007 -4.200000 903.093019
0.454775 0.878743 0.144878 0.050670 0.136881 -0.989291 -0.889164 0.457246 0.017724 -113.471127 -2.726400 904.537757
0.474511 0.874333 0.101887 0.028937 0.100191 -0.994547 -0.879774 0.474871 0.022241 -114.131167 -1.555200 905.680980
0.488616 0.870193 0.063393 0.013045 0.065363 -0.997776 -0.872401 0.488357 0.020585 -114.610647 -0.700800 906.511464
0.497131 0.867176 0.029441 0.003306 0.032037 -0.999481 -0.867669 0.496971 0.013059 -114.903087 -0.177600 907.017985
0.500000 0.866025 0.000000 0.000000 -0.000000 -1.000000 -0.866025 0.500000 -0.000000 -115.002007 -0.000000 907.189319
0.498208 0.866645 -0.026736 0.002066 -0.032022 -0.999485 -0.867055 0.497896 -0.017744 -114.954647 -0.094720 907.107289
0.492905 0.868488 -0.052659 0.008154 -0.065130 -0.997843 -0.870045 0.491413 -0.039184 -114.815127 -0.373760 906.865634
0.484166 0.871496 -0.077965 0.018092 -0.099057 -0.994917 -0.874789 0.480295 -0.063727 -114.587287 -0.829440 906.471003
0.472029 0.875564 -0.102842 0.031702 -0.133439 -0.990550 -0.881013 0.464308 -0.090744 -114.274967 -1.454080 905.930049
0.456502 0.880544 -0.127467 0.048791 -0.167827 -0.984608 -0.888384 0.443256 -0.119576 -113.882007 -2.240000 905.249422
0.437573 0.886244 -0.151993 0.069144 -0.201698 -0.977004 -0.896520 0.417001 -0.149536 -113.412247 -3.179520 904.435774
0.415219 0.892427 -0.176541 0.092511 -0.234476 -0.967710 -0.905006 0.385479 -0.179918 -112.869527 -4.264960 903.495755
0.389412 0.898821 -0.201195 0.118602 -0.265551 -0.956774 -0.913396 0.348717 -0.210011 -112.257687 -5.488640 902.436018
0.360131 0.905116 -0.225987 0.147080 -0.294299 -0.944328 -0.921234 0.306844 -0.239111 -111.580567 -6.842880 901.263211
0.327372 0.910976 -0.250900 0.177553 -0.320109 -0.930594 -0.928064 0.260102 -0.266542 -110.842007 -8.320000 899.983988
0.291155 0.916043 -0.275850 0.209574 -0.342411 -0.915878 -0.933439 0.208852 -0.291674 -110.045847 -9.912320 898.604998
0.251533 0.919954 -0.300691 0.242637 -0.360697 -0.900569 -0.936941 0.153564 -0.313942 -109.195927 -11.612160 897.132894
0.208601 0.922347 -0.325209 0.276184 -0.374546 -0.885120 -0.938194 0.094819 -0.332868 -108.296087 -13.411840 895.574325
0.162503 0.922879 -0.349123 0.309610 -0.383648 -0.870032 -0.936875 0.033291 -0.348076 -107.350167 -15.303680 893.935944
0.113437 0.921239 -0.372089 0.342274 -0.387817 -0.855831 -0.932728 -0.030273 -0.359309 -106.362007 -17.280000 892.224400
0.061660 0.917164 -0.393712 0.373509 -0.387004 -0.843041 -0.925575 -0.095073 -0.366432 -105.335447 -19.333120 890.446346
0.007489 0.910450 -0.413550 0.402646 -0.381300 -0.832158 -0.915325 -0.160282 -0.369445 -104.274327 -21.455360 888.608432
-0.048699 0.900971 -0.431137 0.429022 -0.370933 -0.823619 -0.901980 -0.225077 -0.368472 -103.182487 -23.639040 886.717310
-0.106471 0.888681 -0.445994 0.452008 -0.356259 -0.817782 -0.885637 -0.288663 -0.363760 -102.063767 -25.876480 884.779630
-0.165342 0.873623 -0.457651 0.471029 -0.337742 -0.814900 -0.866484 -0.350304 -0.355659 -100.922007 -28.160000 882.802044
-0.224784 0.855934 -0.465670 0.485577 -0.315937 -0.815107 -0.844800 -0.409342 -0.344604 -99.761047 -30.481920 880.791202
-0.284237 0.835838 -0.469664 0.495238 -0.291458 -0.818408 -0.820944 -0.465217 -0.331096 -98.584727 -32.834560 878.753756
-0.343118 0.813643 -0.469314 0.499703 -0.264952 -0.824680 -0.795341 -0.517480 -0.315670 -97.396887 -35.210240 876.696357
-0.400840 0.789726 -0.464391 0.498780 -0.237070 -0.833676 -0.768470 -0.565800 -0.298872 -96.201367 -37.601280 874.625656
-0.456826 0.764523 -0.454768 0.492404 -0.208436 -0.845040 -0.740843 -0.609966 -0.281235 -95.002007 -40.000000 872.548303
-0.510520 0.738507 -0.440428 0.480639 -0.179625 -0.858325 -0.712991 -0.649878 -0.263253 -93.802647 -42.398720 870.470951
-0.561407 0.712171 -0.421467 0.463676 -0.151141 -0.873019 -0.685439 -0.685543 -0.245365 -92.607127 -44.789760 868.400249
-0.609027 0.686005 -0.398100 0.441827 -0.123404 -0.888572 -0.658692 -0.717056 -0.227939 -91.419287 -47.165440 866.342850
-0.652984 0.660480 -0.370646 0.415516 -0.096743 -0.904427 -0.633213 -0.744585 -0.211268 -90.242967 -49.518080 864.305404
-0.692959 0.636028 -0.339522 0.385257 -0.071393 -0.920044 -0.609414 -0.768356 -0.195561 -89.082007 -51.840000 862.294562
-0.728720 0.613027 -0.305230 0.351643 -0.047500 -0.934928 -0.587634 -0.788633 -0.180952 -87.940247 -54.123520 860.316976
-0.760123 0.591786 -0.268332 0.315322 -0.025128 -0.948652 -0.568142 -0.805703 -0.167503 -86.821527 -56.360960 858.379296
-0.787117 0.572543 -0.229439 0.276975 -0.004278 -0.960868 -0.551119 -0.819864 -0.155213 -85.729687 -58.544640 856.488174
-0.809740 0.555455 -0.189185 0.237296 0.015104 -0.971320 -0.536667 -0.831410 -0.144037 -84.668567 -60.666880 854.650260
-0.828121 0.540602 -0.148207 0.196971 0.033102 -0.979850 -0.524803 -0.840627 -0.133896 -83.642007 -62.720000 852.872206
-0.842467 0.527989 -0.107130 0.156658 0.049824 -0.986395 -0.515469 -0.847788 -0.124688 -82.653847 -64.696320 851.160663
-0.853058 0.517554 -0.066550 0.116974 0.065376 -0.990981 -0.508535 -0.853149 -0.116310 -81.707927 -66.588160 849.522281
-0.860239 0.509175 -0.027019 0.078479 0.079859 -0.993712 -0.503815 -0.856950 -0.108657 -80.808087 -68.387840 847.963712
-0.864402 0.502682 0.010963 0.041672 0.093353 -0.994761 -0.501071 -0.859416 -0.101642 -79.958167 -70.087680 846.491608
-0.865980 0.497870 0.046951 0.006981 0.105914 -0.994351 -0.500030 -0.860760 -0.095195 -79.162007 -71.680000 845.112618
-0.865431 0.494509 0.080561 -0.025234 0.117569 -0.992744 -0.500392 -0.861184 -0.089269 -78.423447 -73.157120 843.833395
-0.863226 0.492357 0.111467 -0.054680 0.128314 -0.990225 -0.501847 -0.860883 -0.083842 -77.746327 -74.511360 842.660589
-0.859839 0.491168 0.139394 -0.081126 0.138117 -0.987088 -0.504079 -0.860045 -0.078912 -77.134487 -75.735040 841.600851
-0.855731 0.490704 0.164115 -0.104393 0.146921 -0.983624 -0.506781 -0.858850 -0.074499 -76.591767 -76.820480 840.660832
-0.851342 0.490742 0.185441 -0.124345 0.154649 -0.980113 -0.509661 -0.857471 -0.070638 -76.122007 -77.760000 839.847184
-0.847081 0.491079 0.203211 -0.140876 0.161208 -0.976814 -0.512453 -0.856068 -0.067375 -75.729047 -78.545920 839.166557
-0.843313 0.491540 0.217281 -0.153898 0.166495 -0.973958 -0.514916 -0.854791 -0.064760 -75.416727 -79.170560 838.625603
-0.840353 0.491981 0.227513 -0.163325 0.170401 -0.971745 -0.516848 -0.853767 -0.062844 -75.188887 -79.626240 838.230973
-0.838452 0.492292 0.233767 -0.169067 0.172820 -0.970335 -0.518087 -0.853101 -0.061671 -75.049367 -79.905280 837.989317
-0.837792 0.492404 0.235889 -0.171010 0.173648 -0.969846 -0.518518 -0.852869 -0.061275 -75.002007 -80.000000 837.907287
