0.515038 -0.000000 0.857167 0.000000 1.000000 0.000000 -0.857167 0.000000 0.515038 -0.177007 -0.000000 708.306585
0.515642 0.000981 0.856803 -0.000723 0.999999 -0.000710 -0.856804 -0.000253 0.515643 -0.177007 -0.000000 708.306585
0.517427 0.003881 0.855719 -0.002862 0.999992 -0.002804 -0.855723 -0.000998 0.517434 -0.177007 -0.000000 708.306585
0.520345 0.008629 0.853912 -0.006371 0.999960 -0.006222 -0.853932 -0.002203 0.520380 -0.177007 -0.000000 708.306585
0.524347 0.015149 0.851370 -0.011205 0.999878 -0.010891 -0.851431 -0.003829 0.524453 -0.177007 -0.000000 708.306585
0.529376 0.023362 0.848066 -0.017317 0.999710 -0.016730 -0.848211 -0.005830 0.529627 -0.177007 -0.000000 708.306585
0.535371 0.033180 0.843965 -0.024659 0.999416 -0.023648 -0.844257 -0.008151 0.535877 -0.177007 -0.000000 708.306585
0.542271 0.044511 0.839024 -0.033182 0.998951 -0.031549 -0.839548 -0.010732 0.543179 -0.177007 -0.000000 708.306585
0.550006 0.057258 0.833195 -0.042833 0.998268 -0.040327 -0.834061 -0.013508 0.551506 -0.177007 -0.000000 708.306585
0.558510 0.071319 0.826426 -0.053559 0.997319 -0.049870 -0.827767 -0.016409 0.560832 -0.177007 -0.000000 708.306585
0.567708 0.086584 0.818664 -0.065302 0.996056 -0.060061 -0.820636 -0.019363 0.571124 -0.177007 -0.000000 708.306585
0.577529 0.102941 0.809854 -0.078003 0.994438 -0.070778 -0.812635 -0.022294 0.582347 -0.177007 -0.000000 708.306585
0.587898 0.120271 0.799944 -0.091595 0.992423 -0.081895 -0.803733 -0.025125 0.594460 -0.177007 -0.000000 708.306585
0.598738 0.138451 0.788888 -0.106012 0.989980 -0.093283 -0.793898 -0.027780 0.607416 -0.177007 -0.000000 708.306585
0.609975 0.157352 0.776641 -0.121181 0.987081 -0.104813 -0.783100 -0.030180 0.621163 -0.177007 -0.000000 708.306585
0.621532 0.176843 0.763167 -0.137023 0.983710 -0.116354 -0.771312 -0.032254 0.635639 -0.177007 -0.000000 708.306585
0.633335 0.196789 0.748439 -0.153460 0.979859 -0.127778 -0.758510 -0.033929 0.650778 -0.177007 -0.000000 708.306585
0.645310 0.217054 0.732436 -0.170404 0.975527 -0.138958 -0.744673 -0.035139 0.666504 -0.177007 -0.000000 708.306585
0.657385 0.237499 0.715150 -0.187768 0.970727 -0.149773 -0.729786 -0.035823 0.682736 -0.177007 -0.000000 708.306585
0.669491 0.257986 0.696581 -0.205458 0.965480 -0.160107 -0.713841 -0.035928 0.699385 -0.177007 -0.000000 708.306585
0.681559 0.278378 0.676744 -0.223379 0.959819 -0.169852 -0.696835 -0.035406 0.716357 -0.177007 -0.000000 708.306585
0.693527 0.298541 0.655663 -0.241433 0.953783 -0.178907 -0.678771 -0.034222 0.733552 -0.177007 -0.000000 708.306585
0.705334 0.318343 0.633373 -0.259520 0.947424 -0.187184 -0.659661 -0.032346 0.750867 -0.177007 -0.000000 708.306585
0.716924 0.337658 0.609925 -0.277539 0.940798 -0.194604 -0.639525 -0.029762 0.768194 -0.177007 -0.000000 708.306585
0.728244 0.356365 0.585376 -0.295389 0.933972 -0.201101 -0.618390 -0.026464 0.785426 -0.177007 -0.000000 708.306585
0.739247 0.374352 0.559799 -0.312970 0.927015 -0.206623 -0.596291 -0.022455 0.802454 -0.177007 -0.000000 708.306585
0.749891 0.391514 0.533273 -0.330184 0.920001 -0.211131 -0.573273 -0.017753 0.819172 -0.177007 -0.000000 708.306585
0.760139 0.407755 0.505890 -0.346935 0.913007 -0.214602 -0.549386 -0.012383 0.835477 -0.177007 -0.000000 708.306585
0.769958 0.422993 0.477746 -0.363131 0.906110 -0.217025 -0.524691 -0.006384 0.851269 -0.177007 -0.000000 708.306585
0.779322 0.437153 0.448949 -0.378684 0.899387 -0.218405 -0.499255 0.000198 0.866455 -0.177007 -0.000000 708.306585
0.788208 0.450173 0.419609 -0.393514 0.892911 -0.218759 -0.473153 0.007306 0.880950 -0.177007 -0.000000 708.306585
0.796602 0.462005 0.389842 -0.407546 0.886753 -0.218119 -0.446465 0.014876 0.894677 -0.177007 -0.000000 708.306585
0.804492 0.472611 0.359766 -0.420711 0.880975 -0.216528 -0.419278 0.022837 0.907570 -0.177007 -0.000000 708.306585
0.811872 0.481967 0.329503 -0.432952 0.875637 -0.214039 -0.391684 0.031113 0.919574 -0.177007 -0.000000 708.306585
0.818740 0.490062 0.299172 -0.444218 0.870787 -0.210715 -0.363778 0.039624 0.930642 -0.177007 -0.000000 708.306585
0.825101 0.496895 0.268893 -0.454467 0.866466 -0.206630 -0.335660 0.048287 0.940745 -0.177007 -0.000000 708.306585
0.830961 0.502480 0.238784 -0.463670 0.862707 -0.201859 -0.307431 0.057020 0.949861 -0.177007 -0.000000 708.306585
0.836331 0.506840 0.208958 -0.471806 0.859530 -0.196487 -0.279193 0.065740 0.957982 -0.177007 -0.000000 708.306585
0.841227 0.510008 0.179525 -0.478865 0.856949 -0.190599 -0.251050 0.074369 0.965113 -0.177007 -0.000000 708.306585
0.845665 0.512030 0.150587 -0.484846 0.854965 -0.184282 -0.223104 0.082830 0.971269 -0.177007 -0.000000 708.306585
0.849665 0.512958 0.122242 -0.489761 0.853571 -0.177625 -0.195456 0.091053 0.976476 -0.177007 -0.000000 708.306585
0.853251 0.512853 0.094580 -0.493630 0.852752 -0.170713 -0.168204 0.098973 0.980771 -0.177007 -0.000000 708.306585
0.856444 0.511783 0.067684 -0.496485 0.852484 -0.163629 -0.141442 0.106535 0.984197 -0.177007 -0.000000 708.306585
0.859272 0.509822 0.041630 -0.498364 0.852734 -0.156453 -0.115262 0.113689 0.986808 -0.177007 -0.000000 708.306585
0.861759 0.507051 0.016483 -0.499317 0.853466 -0.149260 -0.089750 0.120396 0.988661 -0.177007 -0.000000 708.306585
0.863931 0.503551 -0.007698 -0.499399 0.854636 -0.142117 -0.064984 0.126623 0.989820 -0.177007 -0.000000 708.306585
0.865816 0.499410 -0.030860 -0.498676 0.856197 -0.135087 -0.041041 0.132350 0.990353 -0.177007 -0.000000 708.306585
0.867439 0.494717 -0.052962 -0.497218 0.858098 -0.128226 -0.017989 0.137562 0.990330 -0.177007 -0.000000 708.306585
0.868826 0.489561 -0.073967 -0.495100 0.860287 -0.121583 0.004110 0.142256 0.989821 -0.177007 -0.000000 708.306585
0.870002 0.484035 -0.093847 -0.492404 0.862709 -0.115201 0.025201 0.146435 0.988899 -0.177007 -0.000000 708.306585
0.871009 0.478101 -0.112976 -0.489141 0.865369 -0.108984 0.045660 0.150187 0.987603 -0.177007 -0.000000 708.306585
0.871878 0.471672 -0.131736 -0.485271 0.868296 -0.102829 0.065884 0.153583 0.985937 -0.177007 -0.000000 708.306585
0.872617 0.464763 -0.150116 -0.480800 0.871476 -0.096756 0.085854 0.156607 0.983922 -0.177007 -0.000000 708.306585
0.873233 0.457389 -0.168104 -0.475734 0.874892 -0.090783 0.105550 0.159247 0.981580 -0.177007 -0.000000 708.306585
0.873734 0.449565 -0.185689 -0.470081 0.878528 -0.084926 0.124953 0.161492 0.978932 -0.177007 -0.000000 708.306585
0.874126 0.441306 -0.202861 -0.463848 0.882367 -0.079204 0.144044 0.163331 0.975999 -0.177007 -0.000000 708.306585
0.874417 0.432627 -0.219610 -0.457043 0.886392 -0.073631 0.162806 0.164755 0.972805 -0.177007 -0.000000 708.306585
0.874615 0.423541 -0.235928 -0.449676 0.890583 -0.068220 0.181219 0.165758 0.969373 -0.177007 -0.000000 708.306585
0.874725 0.414065 -0.251806 -0.441757 0.894921 -0.062985 0.199266 0.166331 0.965726 -0.177007 -0.000000 708.306585
0.874756 0.404213 -0.267235 -0.433294 0.899388 -0.057937 0.216930 0.166472 0.961888 -0.177007 -0.000000 708.306585
0.874713 0.393998 -0.282210 -0.424301 0.903964 -0.053086 0.234192 0.166177 0.957883 -0.177007 -0.000000 708.306585
0.874603 0.383437 -0.296724 -0.414788 0.908628 -0.048440 0.251038 0.165443 0.953734 -0.177007 -0.000000 708.306585
0.874434 0.372542 -0.310769 -0.404767 0.913360 -0.044008 0.267449 0.164271 0.949466 -0.177007 -0.000000 708.306585
0.874211 0.361329 -0.324340 -0.394251 0.918141 -0.039796 0.283410 0.162661 0.945103 -0.177007 -0.000000 708.306585
0.873940 0.349811 -0.337432 -0.383253 0.922949 -0.035808 0.298906 0.160616 0.940669 -0.177007 -0.000000 708.306585
0.873629 0.338002 -0.350040 -0.371788 0.927764 -0.032049 0.313922 0.158139 0.936186 -0.177007 -0.000000 708.306585
0.873281 0.325916 -0.362159 -0.359869 0.932567 -0.028520 0.328442 0.155236 0.931680 -0.177007 -0.000000 708.306585
0.872904 0.313565 -0.373785 -0.347511 0.937336 -0.025223 0.342454 0.151912 0.927172 -0.177007 -0.000000 708.306585
0.872503 0.300964 -0.384915 -0.334730 0.942053 -0.022158 0.355942 0.148176 0.922686 -0.177007 -0.000000 708.306585
0.872083 0.288125 -0.395545 -0.321542 0.946698 -0.019324 0.368894 0.144036 0.918243 -0.177007 -0.000000 708.306585
0.871649 0.275062 -0.405672 -0.307963 0.951252 -0.016718 0.381297 0.139503 0.913866 -0.177007 -0.000000 708.306585
0.871206 0.261787 -0.415292 -0.294009 0.955695 -0.014336 0.393140 0.134589 0.909575 -0.177007 -0.000000 708.306585
0.870759 0.248312 -0.424404 -0.279697 0.960011 -0.012174 0.404410 0.129306 0.905391 -0.177007 -0.000000 708.306585
0.870313 0.234650 -0.433006 -0.265046 0.964181 -0.010226 0.415096 0.123667 0.901333 -0.177007 -0.000000 708.306585
0.869872 0.220813 -0.441094 -0.250074 0.968190 -0.008486 0.425189 0.117688 0.897421 -0.177007 -0.000000 708.306585
0.869440 0.206813 -0.448668 -0.234797 0.972020 -0.006945 0.434677 0.111384 0.893672 -0.177007 -0.000000 708.306585
0.869020 0.192662 -0.455725 -0.219236 0.975656 -0.005594 0.443553 0.104773 0.890103 -0.177007 -0.000000 708.306585
0.868617 0.178370 -0.462264 -0.203410 0.979084 -0.004425 0.451806 0.097873 0.886731 -0.177007 -0.000000 708.306585
0.868234 0.163951 -0.468285 -0.187336 0.982290 -0.003426 0.459430 0.090701 0.883571 -0.177007 -0.000000 708.306585
0.867873 0.149414 -0.473785 -0.171036 0.985261 -0.002586 0.466415 0.083278 0.880637 -0.177007 -0.000000 708.306585
0.867538 0.134771 -0.478763 -0.154528 0.987987 -0.001893 0.472757 0.075624 0.877942 -0.177007 -0.000000 708.306585
0.867231 0.120034 -0.483220 -0.137833 0.990455 -0.001334 0.478447 0.067761 0.875498 -0.177007 -0.000000 708.306585
0.866956 0.105212 -0.487153 -0.120971 0.992656 -0.000897 0.483481 0.059709 0.873316 -0.177007 -0.000000 708.306585
0.866712 0.090317 -0.490563 -0.103963 0.994581 -0.000566 0.487854 0.051491 0.871405 -0.177007 -0.000000 708.306585
0.866504 0.075360 -0.493449 -0.086828 0.996223 -0.000328 0.491561 0.043130 0.869775 -0.177007 -0.000000 708.306585
0.866331 0.060350 -0.495810 -0.069589 0.997576 -0.000168 0.494598 0.034649 0.868431 -0.177007 -0.000000 708.306585
0.866197 0.045299 -0.497646 -0.052265 0.998633 -0.000071 0.496963 0.026071 0.867380 -0.177007 -0.000000 708.306585
0.866100 0.030216 -0.498956 -0.034879 0.999392 -0.000021 0.498652 0.017421 0.866627 -0.177007 -0.000000 708.306585
0.866043 0.015113 -0.499741 -0.017450 0.999848 -0.000003 0.499665 0.008723 0.866175 -0.177007 -0.000000 708.306585
0.866025 0.000000 -0.500000 -0.000000 1.000000 0.000000 0.500000 -0.000000 0.866025 -0.177007 -0.000000 708.306585
0.866048 -0.015113 -0.499733 0.017450 0.999848 0.000003 0.499657 -0.008723 0.866180 -0.177007 -0.000000 708.306585
0.866110 -0.030216 -0.498939 0.034878 0.999392 0.000021 0.498635 -0.017421 0.866637 -0.177007 -0.000000 708.306585
0.866212 -0.045298 -0.497619 0.052264 0.998633 0.000072 0.496936 -0.026070 0.867396 -0.177007 -0.000000 708.306585
0.866353 -0.060348 -0.495773 0.069586 0.997576 0.000170 0.494561 -0.034646 0.868452 -0.177007 -0.000000 708.306585
0.866531 -0.075357 -0.493401 0.086823 0.996224 0.000331 0.491513 -0.043125 0.869802 -0.177007 -0.000000 708.306585
0.866747 -0.090313 -0.490503 0.103955 0.994582 0.000570 0.487794 -0.051484 0.871439 -0.177007 -0.000000 708.306585
0.866998 -0.105206 -0.487079 0.120961 0.992657 0.000902 0.483408 -0.059699 0.873357 -0.177007 -0.000000 708.306585
0.867283 -0.120025 -0.483130 0.137818 0.990457 0.001341 0.478358 -0.067748 0.875548 -0.177007 -0.000000 708.306585
0.867599 -0.134759 -0.478656 0.154508 0.987990 0.001902 0.472651 -0.075607 0.878001 -0.177007 -0.000000 708.306585
0.867945 -0.149398 -0.473657 0.171010 0.985266 0.002598 0.466290 -0.083255 0.880706 -0.177007 -0.000000 708.306585
0.868318 -0.163925 -0.468137 0.187303 0.982296 0.003451 0.459283 -0.090680 0.883649 -0.177007 -0.000000 708.306585
0.868714 -0.178326 -0.462099 0.203368 0.979092 0.004482 0.451638 -0.097870 0.886817 -0.177007 -0.000000 708.306585
0.869131 -0.192592 -0.455544 0.219186 0.975667 0.005698 0.443362 -0.104801 0.890195 -0.177007 -0.000000 708.306585
0.869564 -0.206711 -0.448474 0.234736 0.972033 0.007108 0.434463 -0.111454 0.893767 -0.177007 -0.000000 708.306585
0.870010 -0.220675 -0.440892 0.250000 0.968207 0.008718 0.424950 -0.117808 0.897518 -0.177007 -0.000000 708.306585
0.870465 -0.234472 -0.432797 0.264960 0.964202 0.010534 0.414834 -0.123844 0.901430 -0.177007 -0.000000 708.306585
0.870925 -0.248094 -0.424193 0.279596 0.960035 0.012562 0.404123 -0.129543 0.905485 -0.177007 -0.000000 708.306585
0.871385 -0.261528 -0.415080 0.293893 0.955724 0.014805 0.392830 -0.134889 0.909664 -0.177007 -0.000000 708.306585
0.871840 -0.274764 -0.405461 0.307831 0.951284 0.017265 0.380965 -0.139866 0.913949 -0.177007 -0.000000 708.306585
0.872287 -0.287791 -0.395338 0.321394 0.946736 0.019946 0.368541 -0.144458 0.918319 -0.177007 -0.000000 708.306585
0.872718 -0.300597 -0.384713 0.334565 0.942096 0.022849 0.355569 -0.148652 0.922753 -0.177007 -0.000000 708.306585
0.873130 -0.313170 -0.373589 0.347329 0.937384 0.025972 0.342062 -0.152435 0.927231 -0.177007 -0.000000 708.306585
0.873516 -0.325499 -0.361967 0.359670 0.932619 0.029314 0.328036 -0.155795 0.931730 -0.177007 -0.000000 708.306585
0.873871 -0.337571 -0.349851 0.371572 0.927822 0.032874 0.313502 -0.158723 0.936228 -0.177007 -0.000000 708.306585
0.874189 -0.349372 -0.337244 0.383022 0.923012 0.036648 0.298476 -0.161209 0.940704 -0.177007 -0.000000 708.306585
0.874463 -0.360890 -0.324149 0.394005 0.918210 0.040630 0.282974 -0.163245 0.945133 -0.177007 -0.000000 708.306585
0.874688 -0.372112 -0.310569 0.404508 0.913436 0.044815 0.267009 -0.164827 0.949494 -0.177007 -0.000000 708.306585
0.874857 -0.383024 -0.296510 0.414519 0.908710 0.049195 0.250599 -0.165948 0.953762 -0.177007 -0.000000 708.306585
0.874963 -0.393611 -0.281975 0.424024 0.904054 0.053762 0.233759 -0.166604 0.957914 -0.177007 -0.000000 708.306585
0.875000 -0.403860 -0.266969 0.433013 0.899487 0.058507 0.216506 -0.166795 0.961927 -0.177007 -0.000000 708.306585
0.874961 -0.413754 -0.251497 0.441474 0.895030 0.063419 0.198858 -0.166518 0.965778 -0.177007 -0.000000 708.306585
0.874838 -0.423280 -0.235566 0.449397 0.890703 0.068484 0.180832 -0.165775 0.969442 -0.177007 -0.000000 708.306585
0.874626 -0.432422 -0.219182 0.456773 0.886526 0.073691 0.162445 -0.164568 0.972897 -0.177007 -0.000000 708.306585
0.874316 -0.441162 -0.202356 0.463592 0.882517 0.079036 0.143715 -0.162913 0.976117 -0.177007 -0.000000 708.306585
0.873901 -0.449480 -0.185105 0.469846 0.878693 0.084516 0.124662 -0.160830 0.979078 -0.177007 -0.000000 708.306585
0.873375 -0.457362 -0.167439 0.475528 0.875072 0.090119 0.105304 -0.158329 0.981755 -0.177007 -0.000000 708.306585
0.872729 -0.464793 -0.149368 0.480631 0.871671 0.095828 0.085660 -0.155422 0.984127 -0.177007 -0.000000 708.306585
0.871957 -0.471758 -0.130904 0.485148 0.868507 0.101626 0.065748 -0.152122 0.986173 -0.177007 -0.000000 708.306585
0.871050 -0.478241 -0.112060 0.489074 0.865593 0.107497 0.045589 -0.148441 0.987870 -0.177007 -0.000000 708.306585
0.870002 -0.484227 -0.092848 0.492404 0.862945 0.113421 0.025201 -0.144396 0.989199 -0.177007 -0.000000 708.306585
0.868804 -0.489702 -0.073283 0.495134 0.860576 0.119379 0.004606 -0.140002 0.990140 -0.177007 -0.000000 708.306585
0.867450 -0.494652 -0.053380 0.497261 0.858498 0.125350 -0.016178 -0.135278 0.990676 -0.177007 -0.000000 708.306585
0.865932 -0.499062 -0.033153 0.498782 0.856723 0.131312 -0.037130 -0.130243 0.990787 -0.177007 -0.000000 708.306585
0.864242 -0.502919 -0.012618 0.499695 0.855259 0.137244 -0.058231 -0.124917 0.990457 -0.177007 -0.000000 708.306585
0.862372 -0.506208 0.008208 0.500000 0.854117 0.143121 -0.079459 -0.119320 0.989671 -0.177007 -0.000000 708.306585
0.860317 -0.508917 0.029307 0.499695 0.853304 0.148920 -0.100795 -0.113474 0.988415 -0.177007 -0.000000 708.306585
0.858067 -0.511033 0.050660 0.498782 0.852825 0.154617 -0.122219 -0.107403 0.986675 -0.177007 -0.000000 708.306585
0.855616 -0.512543 0.072250 0.497261 0.852685 0.160187 -0.143710 -0.101131 0.984439 -0.177007 -0.000000 708.306585
0.852957 -0.513437 0.094057 0.495134 0.852888 0.165603 -0.165247 -0.094682 0.981697 -0.177007 -0.000000 708.306585
0.850082 -0.513702 0.116060 0.492404 0.853435 0.170841 -0.186811 -0.088080 0.978439 -0.177007 -0.000000 708.306585
0.846985 -0.513329 0.138238 0.489074 0.854327 0.175873 -0.208381 -0.081354 0.974658 -0.177007 -0.000000 708.306585
0.843659 -0.512306 0.160569 0.485148 0.855563 0.180674 -0.229937 -0.074528 0.970348 -0.177007 -0.000000 708.306585
0.840096 -0.510625 0.183031 0.480631 0.857140 0.185217 -0.251460 -0.067630 0.965502 -0.177007 -0.000000 708.306585
0.836291 -0.508277 0.205602 0.475528 0.859053 0.189475 -0.272928 -0.060687 0.960118 -0.177007 -0.000000 708.306585
0.832237 -0.505253 0.228256 0.469846 0.861297 0.193422 -0.294324 -0.053727 0.954194 -0.177007 -0.000000 708.306585
0.827927 -0.501548 0.250971 0.463592 0.863864 0.197031 -0.315626 -0.046779 0.947730 -0.177007 -0.000000 708.306585
0.823355 -0.497154 0.273722 0.456773 0.866746 0.200276 -0.336815 -0.039870 0.940726 -0.177007 -0.000000 708.306585
0.818516 -0.492066 0.296482 0.449397 0.869931 0.203131 -0.357873 -0.033028 0.933186 -0.177007 -0.000000 708.306585
0.813404 -0.486280 0.319227 0.441474 0.873408 0.205571 -0.378781 -0.026282 0.925113 -0.177007 -0.000000 708.306585
0.808013 -0.479791 0.341930 0.433013 0.877163 0.207571 -0.399519 -0.019660 0.916514 -0.177007 -0.000000 708.306585
0.802337 -0.472597 0.364565 0.424024 0.881180 0.209105 -0.420070 -0.013189 0.907396 -0.177007 -0.000000 708.306585
0.796373 -0.464696 0.387103 0.414519 0.885444 0.210152 -0.440415 -0.006898 0.897768 -0.177007 -0.000000 708.306585
0.790114 -0.456087 0.409518 0.404508 0.889935 0.210687 -0.460536 -0.000813 0.887641 -0.177007 -0.000000 708.306585
0.783556 -0.446771 0.431782 0.394005 0.894634 0.210688 -0.480416 0.005039 0.877026 -0.177007 -0.000000 708.306585
0.776695 -0.436749 0.453867 0.383022 0.899521 0.210134 -0.500039 0.010631 0.865938 -0.177007 -0.000000 708.306585
0.769527 -0.426023 0.475744 0.371572 0.904572 0.209006 -0.519386 0.015938 0.854391 -0.177007 -0.000000 708.306585
0.762048 -0.414597 0.497386 0.359670 0.909764 0.207284 -0.538443 0.020934 0.842402 -0.177007 -0.000000 708.306585
0.754254 -0.402476 0.518762 0.347329 0.915073 0.204950 -0.557193 0.025597 0.829989 -0.177007 -0.000000 708.306585
0.746142 -0.389665 0.539846 0.334565 0.920471 0.201988 -0.575620 0.029902 0.817171 -0.177007 -0.000000 708.306585
0.737709 -0.376172 0.560607 0.321394 0.925932 0.198382 -0.593710 0.033827 0.803968 -0.177007 -0.000000 708.306585
0.728953 -0.362004 0.581017 0.307831 0.931428 0.194119 -0.611447 0.037351 0.790403 -0.177007 -0.000000 708.306585
0.719871 -0.347171 0.601048 0.293893 0.936929 0.189186 -0.628819 0.040454 0.776499 -0.177007 -0.000000 708.306585
0.710461 -0.331684 0.620670 0.279596 0.942405 0.183573 -0.645811 0.043116 0.762279 -0.177007 -0.000000 708.306585
0.700721 -0.315554 0.639856 0.264960 0.947825 0.177270 -0.662410 0.045319 0.747770 -0.177007 -0.000000 708.306585
0.690650 -0.298794 0.658577 0.250000 0.953157 0.170269 -0.678603 0.047048 0.732997 -0.177007 -0.000000 708.306585
0.680247 -0.281419 0.676806 0.234736 0.958369 0.162565 -0.694379 0.048286 0.717987 -0.177007 -0.000000 708.306585
0.669512 -0.263444 0.694515 0.219186 0.963429 0.154153 -0.709726 0.049020 0.702770 -0.177007 -0.000000 708.306585
0.658443 -0.244884 0.711677 0.203368 0.968301 0.145031 -0.724634 0.049238 0.687373 -0.177007 -0.000000 708.306585
0.647041 -0.225760 0.728265 0.187303 0.972954 0.135199 -0.739091 0.048927 0.671827 -0.177007 -0.000000 708.306585
0.635307 -0.206088 0.744253 0.171010 0.977352 0.124657 -0.753087 0.048079 0.656161 -0.177007 -0.000000 708.306585
0.623240 -0.185889 0.759616 0.154508 0.981461 0.113408 -0.766615 0.046686 0.640408 -0.177007 -0.000000 708.306585
0.610843 -0.165185 0.774329 0.137819 0.985247 0.101459 -0.779665 0.044742 0.624597 -0.177007 -0.000000 708.306585
0.598116 -0.143995 0.788367 0.120961 0.988676 0.088811 -0.792228 0.042242 0.608761 -0.177007 -0.000000 708.306585
0.585061 -0.122340 0.801708 0.103956 0.991714 0.075471 -0.804299 0.039187 0.592932 -0.177007 -0.000000 708.306585
0.571681 -0.100244 0.814329 0.086824 0.994327 0.061449 -0.815869 0.035574 0.577141 -0.177007 -0.000000 708.306585
0.557978 -0.077730 0.826207 0.069587 0.996480 0.046754 -0.826933 0.031405 0.561423 -0.177007 -0.000000 708.306585
0.543955 -0.054825 0.837322 0.052264 0.998139 0.031402 -0.837485 0.026681 0.545808 -0.177007 -0.000000 708.306585
0.529615 -0.031553 0.847651 0.034878 0.999273 0.015405 -0.847521 0.021406 0.530330 -0.177007 -0.000000 708.306585
0.514962 -0.007944 0.857176 0.017450 0.999847 -0.001217 -0.857035 0.015584 0.515022 -0.177007 -0.000000 708.306585
0.500000 0.015976 0.865878 0.000000 0.999830 -0.018447 -0.866025 0.009224 0.499915 -0.177007 -0.000000 708.306585
0.484733 0.040177 0.873739 -0.017450 0.999190 -0.036265 -0.874488 0.002332 0.485042 -0.177007 -0.000000 708.306585
0.469167 0.064629 0.880741 -0.034878 0.997896 -0.054646 -0.882420 -0.005080 0.470434 -0.177007 -0.000000 708.306585
0.453306 0.089302 0.886870 -0.052264 0.995920 -0.073568 -0.889821 -0.013003 0.456124 -0.177007 -0.000000 708.306585
0.437156 0.114163 0.892111 -0.069587 0.993231 -0.093005 -0.896690 -0.021421 0.442141 -0.177007 -0.000000 708.306585
0.420723 0.139182 0.896449 -0.086824 0.989802 -0.112928 -0.903025 -0.030322 0.428517 -0.177007 -0.000000 708.306585
0.404013 0.164324 0.899873 -0.103956 0.985608 -0.133308 -0.908827 -0.039689 0.415280 -0.177007 -0.000000 708.306585
0.387032 0.189557 0.902371 -0.120961 0.980621 -0.154114 -0.914098 -0.049505 0.402461 -0.177007 -0.000000 708.306585
0.369788 0.214847 0.903935 -0.137819 0.974818 -0.175314 -0.918838 -0.059750 0.390086 -0.177007 -0.000000 708.306585
0.352288 0.240157 0.904554 -0.154508 0.968177 -0.196874 -0.923049 -0.070405 0.378184 -0.177007 -0.000000 708.306585
0.334539 0.265455 0.904222 -0.171010 0.960677 -0.218759 -0.926736 -0.081448 0.366780 -0.177007 -0.000000 708.306585
0.316551 0.290702 0.902933 -0.187303 0.952297 -0.240931 -0.929900 -0.092856 0.355900 -0.177007 -0.000000 708.306585
0.298330 0.315865 0.900682 -0.203368 0.943020 -0.263352 -0.932545 -0.104605 0.345568 -0.177007 -0.000000 708.306585
0.279885 0.340906 0.897467 -0.219186 0.932830 -0.285983 -0.934677 -0.116669 0.335807 -0.177007 -0.000000 708.306585
0.261226 0.365789 0.893286 -0.234736 0.921711 -0.308784 -0.936301 -0.129023 0.326639 -0.177007 -0.000000 708.306585
0.242362 0.390477 0.888138 -0.250000 0.909652 -0.331713 -0.937422 -0.141640 0.318085 -0.177007 -0.000000 708.306585
0.223303 0.414932 0.882024 -0.264960 0.896641 -0.354728 -0.938047 -0.154489 0.310163 -0.177007 -0.000000 708.306585
0.204058 0.439118 0.874949 -0.279596 0.882669 -0.377785 -0.938182 -0.167543 0.302892 -0.177007 -0.000000 708.306585
0.184638 0.462998 0.866915 -0.293893 0.867730 -0.400839 -0.937836 -0.180770 0.296287 -0.177007 -0.000000 708.306585
0.165052 0.486534 0.857929 -0.307831 0.851818 -0.423847 -0.937015 -0.194140 0.290365 -0.177007 -0.000000 708.306585
0.145313 0.509690 0.847998 -0.321394 0.834931 -0.446762 -0.935730 -0.207621 0.285137 -0.177007 -0.000000 708.306585
0.125430 0.532428 0.837131 -0.334565 0.817068 -0.469538 -0.933988 -0.221180 0.280617 -0.177007 -0.000000 708.306585
0.105416 0.554712 0.825338 -0.347329 0.798230 -0.492130 -0.931799 -0.234785 0.276814 -0.177007 -0.000000 708.306585
0.085282 0.576505 0.812631 -0.359670 0.778420 -0.514489 -0.929174 -0.248403 0.273736 -0.177007 -0.000000 708.306585
0.065038 0.597771 0.799024 -0.371572 0.757646 -0.536570 -0.926123 -0.261998 0.271391 -0.177007 -0.000000 708.306585
0.044699 0.618475 0.784532 -0.383022 0.735913 -0.558324 -0.922657 -0.275537 0.269784 -0.177007 -0.000000 708.306585
0.024275 0.638582 0.769171 -0.394005 0.713233 -0.579706 -0.918788 -0.288985 0.268918 -0.177007 -0.000000 708.306585
0.003779 0.658056 0.752959 -0.404508 0.689617 -0.600667 -0.914526 -0.302309 0.268795 -0.177007 -0.000000 708.306585
-0.016776 0.676864 0.735917 -0.414519 0.665081 -0.621162 -0.909886 -0.315472 0.269416 -0.177007 -0.000000 708.306585
-0.037378 0.694973 0.718064 -0.424024 0.639640 -0.641143 -0.904879 -0.328441 0.270777 -0.177007 -0.000000 708.306585
-0.058013 0.712349 0.699423 -0.433013 0.613314 -0.660565 -0.899519 -0.341180 0.272876 -0.177007 -0.000000 708.306585
-0.078668 0.728962 0.680019 -0.441474 0.586124 -0.679381 -0.893819 -0.353656 0.275708 -0.177007 -0.000000 708.306585
-0.099331 0.744779 0.659876 -0.449397 0.558094 -0.697548 -0.887793 -0.365835 0.279266 -0.177007 -0.000000 708.306585
-0.119987 0.759772 0.639022 -0.456773 0.529248 -0.715021 -0.881454 -0.377681 0.283540 -0.177007 -0.000000 708.306585
-0.140624 0.773911 0.617484 -0.463592 0.499614 -0.731757 -0.874819 -0.389163 0.288521 -0.177007 -0.000000 708.306585
-0.161227 0.787168 0.595292 -0.469846 0.469221 -0.747714 -0.867900 -0.400247 0.294197 -0.177007 -0.000000 708.306585
-0.181783 0.799516 0.572476 -0.475528 0.438103 -0.762849 -0.860714 -0.410901 0.300553 -0.177007 -0.000000 708.306585
-0.202278 0.810930 0.549068 -0.480631 0.406291 -0.777124 -0.853275 -0.421094 0.307574 -0.177007 -0.000000 708.306585
-0.222698 0.821385 0.525102 -0.485148 0.373821 -0.790499 -0.845599 -0.430795 0.315244 -0.177007 -0.000000 708.306585
-0.243030 0.830858 0.500611 -0.489074 0.340732 -0.802937 -0.837701 -0.439973 0.323543 -0.177007 -0.000000 708.306585
-0.263258 0.839327 0.475631 -0.492404 0.307062 -0.814402 -0.829598 -0.448601 0.332451 -0.177007 -0.000000 708.306585
-0.283371 0.846772 0.450198 -0.495134 0.272853 -0.824860 -0.821306 -0.456649 0.341947 -0.177007 -0.000000 708.306585
-0.303352 0.853173 0.424350 -0.497261 0.238147 -0.834277 -0.812840 -0.464092 0.352007 -0.177007 -0.000000 708.306585
-0.323189 0.858512 0.398128 -0.498782 0.202991 -0.842622 -0.804217 -0.470905 0.362606 -0.177007 -0.000000 708.306585
-0.342867 0.862772 0.371574 -0.499695 0.167435 -0.849865 -0.795454 -0.477064 0.373715 -0.177007 -0.000000 708.306585
-0.362372 0.865938 0.344729 -0.500000 0.131528 -0.855979 -0.786566 -0.482548 0.385307 -0.177007 -0.000000 708.306585
-0.381691 0.867998 0.317634 -0.499695 0.095317 -0.860941 -0.777571 -0.487334 0.397353 -0.177007 -0.000000 708.306585
-0.400810 0.868941 0.290332 -0.498782 0.058854 -0.864727 -0.768484 -0.491403 0.409823 -0.177007 -0.000000 708.306585
-0.419714 0.868759 0.262863 -0.497261 0.022190 -0.867317 -0.759323 -0.494737 0.422687 -0.177007 -0.000000 708.306585
-0.438391 0.867445 0.235271 -0.495134 -0.014622 -0.868694 -0.750104 -0.497318 0.435912 -0.177007 -0.000000 708.306585
-0.456826 0.864993 0.207600 -0.492404 -0.051529 -0.868840 -0.740843 -0.499132 0.449465 -0.177007 -0.000000 708.306585
-0.475006 0.861399 0.179892 -0.489074 -0.088475 -0.867744 -0.731557 -0.500164 0.463314 -0.177007 -0.000000 708.306585
-0.492918 0.856662 0.152193 -0.485148 -0.125407 -0.865393 -0.722263 -0.500403 0.477423 -0.177007 -0.000000 708.306585
-0.510548 0.850782 0.124545 -0.480631 -0.162268 -0.861779 -0.712976 -0.499840 0.491758 -0.177007 -0.000000 708.306585
-0.527884 0.843760 0.096994 -0.475528 -0.199002 -0.856896 -0.703713 -0.498465 0.506282 -0.177007 -0.000000 708.306585
-0.544912 0.835601 0.069582 -0.469846 -0.235553 -0.850740 -0.694490 -0.496271 0.520960 -0.177007 -0.000000 708.306585
-0.561619 0.826311 0.042356 -0.463592 -0.271863 -0.843311 -0.685322 -0.493255 0.535754 -0.177007 -0.000000 708.306585
-0.577994 0.815896 0.015358 -0.456773 -0.307875 -0.834609 -0.676226 -0.489414 0.550629 -0.177007 -0.000000 708.306585
-0.594024 0.804367 -0.011368 -0.449397 -0.343534 -0.824637 -0.667216 -0.484746 0.565547 -0.177007 -0.000000 708.306585
-0.609697 0.791734 -0.037778 -0.441474 -0.378781 -0.813404 -0.658309 -0.479252 0.580471 -0.177007 -0.000000 708.306585
-0.625000 0.778011 -0.063828 -0.433013 -0.413560 -0.800917 -0.649519 -0.472935 0.595364 -0.177007 -0.000000 708.306585
-0.639923 0.763212 -0.089477 -0.424024 -0.447815 -0.787188 -0.640861 -0.465799 0.610187 -0.177007 -0.000000 708.306585
-0.654453 0.747355 -0.114681 -0.414519 -0.481490 -0.772232 -0.632349 -0.457852 0.624905 -0.177007 -0.000000 708.306585
-0.668581 0.730457 -0.139400 -0.404508 -0.514530 -0.756064 -0.623997 -0.449101 0.639481 -0.177007 -0.000000 708.306585
-0.682294 0.712540 -0.163592 -0.394005 -0.546880 -0.738703 -0.615820 -0.439557 0.653877 -0.177007 -0.000000 708.306585
-0.695582 0.693624 -0.187217 -0.383022 -0.578486 -0.720172 -0.607831 -0.429231 0.668058 -0.177007 -0.000000 708.306585
-0.708436 0.673735 -0.210236 -0.371572 -0.609297 -0.700494 -0.600043 -0.418137 0.681989 -0.177007 -0.000000 708.306585
-0.720845 0.652897 -0.232611 -0.359670 -0.639259 -0.679695 -0.592469 -0.406292 0.695635 -0.177007 -0.000000 708.306585
-0.732800 0.631137 -0.254303 -0.347329 -0.668324 -0.657804 -0.585121 -0.393711 0.708960 -0.177007 -0.000000 708.306585
-0.744291 0.608485 -0.275277 -0.334565 -0.696441 -0.634851 -0.578012 -0.380415 0.721932 -0.177007 -0.000000 708.306585
-0.755309 0.584970 -0.295498 -0.321394 -0.723563 -0.610870 -0.571152 -0.366425 0.734519 -0.177007 -0.000000 708.306585
-0.765846 0.560624 -0.314931 -0.307831 -0.749644 -0.585897 -0.564553 -0.351761 0.746689 -0.177007 -0.000000 708.306585
-0.775893 0.535479 -0.333543 -0.293893 -0.774638 -0.559967 -0.558226 -0.336449 0.758410 -0.177007 -0.000000 708.306585
-0.785444 0.509572 -0.351304 -0.279596 -0.798503 -0.533121 -0.552181 -0.320513 0.769654 -0.177007 -0.000000 708.306585
-0.794489 0.482937 -0.368183 -0.264960 -0.821198 -0.505400 -0.546428 -0.303981 0.780392 -0.177007 -0.000000 708.306585
-0.803023 0.455612 -0.384151 -0.250000 -0.842684 -0.476847 -0.540976 -0.286881 0.790598 -0.177007 -0.000000 708.306585
-0.811038 0.427635 -0.399182 -0.234736 -0.862923 -0.447507 -0.535833 -0.269243 0.800245 -0.177007 -0.000000 708.306585
-0.818528 0.399046 -0.413249 -0.219186 -0.881880 -0.417426 -0.531008 -0.251097 0.809309 -0.177007 -0.000000 708.306585
-0.825487 0.369884 -0.426329 -0.203368 -0.899523 -0.386653 -0.526510 -0.232475 0.817767 -0.177007 -0.000000 708.306585
-0.831910 0.340193 -0.438400 -0.187303 -0.915819 -0.355236 -0.522344 -0.213411 0.825598 -0.177007 -0.000000 708.306585
-0.837792 0.310014 -0.449440 -0.171010 -0.930741 -0.323228 -0.518518 -0.193939 0.832783 -0.177007 -0.000000 708.306585
-0.843127 0.279390 -0.459432 -0.154508 -0.944263 -0.290679 -0.515037 -0.174094 0.839302 -0.177007 -0.000000 708.306585
-0.847913 0.248366 -0.468357 -0.137819 -0.956360 -0.257645 -0.511908 -0.153912 0.845140 -0.177007 -0.000000 708.306585
-0.852144 0.216988 -0.476200 -0.120961 -0.967012 -0.224178 -0.509135 -0.133430 0.850281 -0.177007 -0.000000 708.306585
-0.855818 0.185299 -0.482949 -0.103956 -0.976200 -0.190334 -0.506723 -0.112686 0.854712 -0.177007 -0.000000 708.306585
-0.858932 0.153347 -0.488591 -0.086824 -0.983907 -0.156170 -0.504676 -0.091718 0.858423 -0.177007 -0.000000 708.306585
-0.861483 0.121178 -0.493116 -0.069587 -0.990119 -0.121742 -0.502996 -0.070565 0.861403 -0.177007 -0.000000 708.306585
-0.863469 0.088839 -0.496517 -0.052264 -0.994827 -0.087108 -0.501687 -0.049265 0.863645 -0.177007 -0.000000 708.306585
-0.864889 0.056377 -0.498787 -0.034878 -0.998021 -0.052325 -0.500750 -0.027859 0.865143 -0.177007 -0.000000 708.306585
-0.865741 0.023839 -0.499924 -0.017450 -0.999695 -0.017452 -0.500188 -0.006386 0.865894 -0.177007 -0.000000 708.306585
-0.866025 -0.008726 -0.499924 -0.000000 -0.999848 0.017452 -0.500000 0.015114 0.865894 -0.177007 -0.000000 708.306585
-0.865741 -0.041272 -0.498787 0.017450 -0.998477 0.052331 -0.500188 0.036601 0.865143 -0.177007 -0.000000 708.306585
-0.864889 -0.073750 -0.496516 0.034878 -0.995587 0.087124 -0.500750 0.058035 0.863644 -0.177007 -0.000000 708.306585
-0.863469 -0.106115 -0.493114 0.052264 -0.991180 0.121778 -0.501687 0.079379 0.861400 -0.177007 -0.000000 708.306585
-0.861483 -0.138321 -0.488584 0.069587 -0.985265 0.156238 -0.502996 0.100597 0.858414 -0.177007 -0.000000 708.306585
-0.858932 -0.170321 -0.482935 0.086824 -0.977851 0.190446 -0.504676 0.121649 0.854695 -0.177007 -0.000000 708.306585
-0.855818 -0.202069 -0.476176 0.103956 -0.968949 0.224344 -0.506723 0.142496 0.850251 -0.177007 -0.000000 708.306585
-0.852144 -0.233516 -0.468317 0.120961 -0.958577 0.257875 -0.509135 0.163099 0.845092 -0.177007 -0.000000 708.306585
-0.847913 -0.264618 -0.459370 0.137819 -0.946750 0.290983 -0.511908 0.183418 0.839230 -0.177007 -0.000000 708.306585
-0.843127 -0.295329 -0.449352 0.154508 -0.933489 0.323613 -0.515037 0.203418 0.832681 -0.177007 -0.000000 708.306585
-0.837792 -0.325603 -0.438278 0.171010 -0.918818 0.355709 -0.518518 0.223060 0.825460 -0.177007 -0.000000 708.306585
-0.831910 -0.355398 -0.426167 0.187303 -0.902762 0.387219 -0.522344 0.242309 0.817584 -0.177007 -0.000000 708.306585
-0.825487 -0.384669 -0.413039 0.203368 -0.885348 0.418091 -0.526510 0.261130 0.809073 -0.177007 -0.000000 708.306585
-0.818528 -0.413374 -0.398916 0.219186 -0.866608 0.448273 -0.531008 0.279488 0.799948 -0.177007 -0.000000 708.306585
-0.811038 -0.441472 -0.383823 0.234736 -0.846573 0.477718 -0.535833 0.297350 0.790232 -0.177007 -0.000000 708.306585
-0.803023 -0.468924 -0.367784 0.250000 -0.825278 0.506375 -0.540976 0.314685 0.779948 -0.177007 -0.000000 708.306585
-0.794489 -0.495689 -0.350827 0.264960 -0.802761 0.534201 -0.546428 0.331462 0.769122 -0.177007 -0.000000 708.306585
-0.785444 -0.521730 -0.332981 0.279596 -0.779061 0.561151 -0.552181 0.347652 0.757782 -0.177007 -0.000000 708.306585
-0.775893 -0.547011 -0.314275 0.293893 -0.754218 0.587181 -0.558226 0.363227 0.745955 -0.177007 -0.000000 708.306585
-0.765846 -0.571496 -0.294741 0.307831 -0.728276 0.612253 -0.564553 0.378161 0.733671 -0.177007 -0.000000 708.306585
-0.755309 -0.595152 -0.274413 0.321394 -0.701280 0.636327 -0.571152 0.392429 0.720961 -0.177007 -0.000000 708.306585
-0.744291 -0.617946 -0.253325 0.334565 -0.673276 0.659368 -0.578012 0.406007 0.707856 -0.177007 -0.000000 708.306585
-0.732800 -0.639849 -0.231513 0.347329 -0.644312 0.681341 -0.585121 0.418875 0.694389 -0.177007 -0.000000 708.306585
-0.720845 -0.660830 -0.209013 0.359670 -0.614437 0.702214 -0.592469 0.431012 0.680594 -0.177007 -0.000000 708.306585
-0.708436 -0.680862 -0.185863 0.371572 -0.583703 0.721959 -0.600043 0.442400 0.666506 -0.177007 -0.000000 708.306585
-0.695582 -0.699920 -0.162103 0.383022 -0.552161 0.740548 -0.607831 0.453023 0.652159 -0.177007 -0.000000 708.306585
-0.682294 -0.717979 -0.137772 0.394005 -0.519866 0.757957 -0.615820 0.462867 0.637589 -0.177007 -0.000000 708.306585
-0.668581 -0.735018 -0.112912 0.404508 -0.486871 0.774164 -0.623997 0.471917 0.622833 -0.177007 -0.000000 708.306585
-0.654453 -0.751015 -0.087563 0.414519 -0.453231 0.789149 -0.632349 0.480165 0.607928 -0.177007 -0.000000 708.306585
-0.639923 -0.765953 -0.061768 0.424024 -0.419002 0.802895 -0.640861 0.487600 0.592911 -0.177007 -0.000000 708.306585
-0.625000 -0.779814 -0.035570 0.433013 -0.384241 0.815389 -0.649519 0.494216 0.577820 -0.177007 -0.000000 708.306585
-0.609443 -0.792781 -0.008802 0.441608 -0.348661 0.826691 -0.658454 0.499934 0.562587 -0.177007 -0.000000 708.306585
-0.593002 -0.804984 0.018694 0.449889 -0.311983 0.836819 -0.667794 0.504646 0.547160 -0.177007 -0.000000 708.306585
-0.575682 -0.816330 0.046858 0.457779 -0.274285 0.845699 -0.677517 0.508304 0.531599 -0.177007 -0.000000 708.306585
-0.557492 -0.826731 0.075623 0.465202 -0.235651 0.853262 -0.687598 0.510866 0.515970 -0.177007 -0.000000 708.306585
-0.538445 -0.836104 0.104915 0.472084 -0.196175 0.859449 -0.698007 0.512294 0.500341 -0.177007 -0.000000 708.306585
-0.518560 -0.844371 0.134658 0.478356 -0.155955 0.864207 -0.708711 0.512557 0.484782 -0.177007 -0.000000 708.306585
-0.497859 -0.851462 0.164770 0.483949 -0.115097 0.867494 -0.719674 0.511630 0.469366 -0.177007 -0.000000 708.306585
-0.476369 -0.857312 0.195165 0.488798 -0.073714 0.869277 -0.730855 0.509493 0.454167 -0.177007 -0.000000 708.306585
-0.454123 -0.861863 0.225754 0.492844 -0.031921 0.869532 -0.742211 0.506136 0.439260 -0.177007 -0.000000 708.306585
-0.431156 -0.865066 0.256447 0.496033 0.010163 0.868244 -0.753695 0.501555 0.424720 -0.177007 -0.000000 708.306585
-0.407509 -0.866880 0.287151 0.498314 0.052413 0.865411 -0.765257 0.495754 0.410620 -0.177007 -0.000000 708.306585
-0.383228 -0.867270 0.317770 0.499645 0.094704 0.861038 -0.776847 0.488746 0.397034 -0.177007 -0.000000 708.306585
-0.358362 -0.866213 0.348212 0.499987 0.136912 0.855142 -0.788410 0.480552 0.384032 -0.177007 -0.000000 708.306585
-0.332961 -0.863692 0.378382 0.499311 0.178909 0.847750 -0.799891 0.471198 0.371681 -0.177007 -0.000000 708.306585
-0.307083 -0.859699 0.408188 0.497592 0.220572 0.838898 -0.811235 0.460722 0.360046 -0.177007 -0.000000 708.306585
-0.280785 -0.854236 0.437539 0.494816 0.261779 0.828631 -0.822385 0.449168 0.349186 -0.177007 -0.000000 708.306585
-0.254130 -0.847313 0.466347 0.490973 0.302410 0.817003 -0.833285 0.436588 0.339156 -0.177007 -0.000000 708.306585
-0.227179 -0.838947 0.494528 0.486062 0.342352 0.804076 -0.843880 0.423041 0.330005 -0.177007 -0.000000 708.306585
-0.199998 -0.829165 0.522003 0.480091 0.381496 0.789920 -0.854115 0.408592 0.321776 -0.177007 -0.000000 708.306585
-0.172653 -0.818001 0.548694 0.473074 0.419738 0.774610 -0.863940 0.393312 0.314506 -0.177007 -0.000000 708.306585
-0.145211 -0.805498 0.574532 0.465033 0.456983 0.758229 -0.873303 0.377280 0.308224 -0.177007 -0.000000 708.306585
-0.117739 -0.791703 0.599453 0.455996 0.493144 0.740862 -0.882159 0.360577 0.302952 -0.177007 -0.000000 708.306585
-0.090302 -0.776683 0.623385 0.446002 0.528128 0.722608 -0.890465 0.343284 0.298711 -0.177007 -0.000000 708.306585
-0.062969 -0.760510 0.646266 0.435092 0.561856 0.703572 -0.898182 0.325488 0.295512 -0.177007 -0.000000 708.306585
-0.035803 -0.743250 0.668055 0.423316 0.594270 0.683847 -0.905274 0.307282 0.293353 -0.177007 -0.000000 708.306585
-0.008868 -0.724974 0.688719 0.410729 0.625324 0.663529 -0.911714 0.288761 0.292223 -0.177007 -0.000000 708.306585
0.017775 -0.705755 0.708233 0.397393 0.654979 0.642714 -0.917476 0.270023 0.292104 -0.177007 -0.000000 708.306585
0.044065 -0.685670 0.726577 0.383371 0.683208 0.621493 -0.922543 0.251163 0.292971 -0.177007 -0.000000 708.306585
0.069945 -0.664799 0.743741 0.368734 0.709992 0.599955 -0.926900 0.232278 0.294794 -0.177007 -0.000000 708.306585
0.095363 -0.643222 0.759718 0.353553 0.735323 0.578187 -0.930541 0.213463 0.297536 -0.177007 -0.000000 708.306585
0.120267 -0.621020 0.774513 0.337906 0.759198 0.556271 -0.933464 0.194812 0.301153 -0.177007 -0.000000 708.306585
0.144608 -0.598277 0.788133 0.321869 0.781629 0.534282 -0.935676 0.176414 0.305597 -0.177007 -0.000000 708.306585
0.168344 -0.575072 0.800595 0.305522 0.802630 0.512291 -0.937186 0.158358 0.310815 -0.177007 -0.000000 708.306585
0.191433 -0.551488 0.811920 0.288945 0.822226 0.490362 -0.938011 0.140729 0.316750 -0.177007 -0.000000 708.306585
0.213837 -0.527604 0.822136 0.272218 0.840449 0.468553 -0.938174 0.123606 0.323342 -0.177007 -0.000000 708.306585
0.235523 -0.503498 0.831275 0.255422 0.857337 0.446915 -0.937704 0.107067 0.330527 -0.177007 -0.000000 708.306585
0.256461 -0.479245 0.839376 0.238635 0.872932 0.425492 -0.936633 0.091182 0.338238 -0.177007 -0.000000 708.306585
0.276625 -0.454917 0.846480 0.221935 0.887283 0.404318 -0.934999 0.076019 0.346407 -0.177007 -0.000000 708.306585
0.295990 -0.430585 0.852635 0.205399 0.900443 0.383425 -0.932846 0.061641 0.354964 -0.177007 -0.000000 708.306585
0.314537 -0.406315 0.857890 0.189100 0.912466 0.362832 -0.930219 0.048103 0.363839 -0.177007 -0.000000 708.306585
0.332249 -0.382169 0.862298 0.173109 0.923412 0.342555 -0.927170 0.035457 0.372960 -0.177007 -0.000000 708.306585
0.349111 -0.358207 0.865915 0.157493 0.933340 0.322602 -0.923752 0.023752 0.382255 -0.177007 -0.000000 708.306585
0.365112 -0.334482 0.868801 0.142319 0.942312 0.302974 -0.920021 0.013028 0.391653 -0.177007 -0.000000 708.306585
0.380242 -0.311045 0.871015 0.127648 0.950389 0.283665 -0.916036 0.003322 0.401082 -0.177007 -0.000000 708.306585
0.394494 -0.287943 0.872619 0.113538 0.957633 0.264667 -0.911857 -0.005334 0.410473 -0.177007 -0.000000 708.306585
