0.017452 -0.000000 0.999848 -0.000000 1.000000 0.000000 -0.999848 -0.000000 0.017452 -0.000000 0.000000 708.000000
0.018157 0.000723 0.999835 -0.000723 0.999999 -0.000710 -0.999835 -0.000710 0.018158 -0.000000 0.000000 708.000000
0.020243 0.002862 0.999791 -0.002862 0.999992 -0.002804 -0.999791 -0.002804 0.020251 -0.000000 0.000000 708.000000
0.023666 0.006371 0.999700 -0.006371 0.999960 -0.006222 -0.999700 -0.006222 0.023706 -0.000000 0.000000 708.000000
0.028382 0.011205 0.999534 -0.011205 0.999878 -0.010891 -0.999534 -0.010891 0.028504 -0.000000 0.000000 708.000000
0.034347 0.017317 0.999260 -0.017317 0.999710 -0.016730 -0.999260 -0.016730 0.034637 -0.000000 0.000000 708.000000
0.041517 0.024659 0.998833 -0.024659 0.999416 -0.023648 -0.998833 -0.023648 0.042101 -0.000000 0.000000 708.000000
0.049846 0.033182 0.998206 -0.033182 0.998951 -0.031549 -0.998206 -0.031549 0.050895 -0.000000 0.000000 708.000000
0.059289 0.042833 0.997321 -0.042833 0.998268 -0.040327 -0.997321 -0.040327 0.061021 -0.000000 0.000000 708.000000
0.069800 0.053559 0.996122 -0.053559 0.997319 -0.049870 -0.996122 -0.049870 0.072481 -0.000000 0.000000 708.000000
0.081332 0.065302 0.994545 -0.065302 0.996056 -0.060061 -0.994545 -0.060061 0.085276 -0.000000 0.000000 708.000000
0.093838 0.078003 0.992527 -0.078003 0.994438 -0.070778 -0.992527 -0.070778 0.099400 -0.000000 0.000000 708.000000
0.107268 0.091595 0.990002 -0.091595 0.992423 -0.081895 -0.990002 -0.081895 0.114845 -0.000000 0.000000 708.000000
0.121574 0.106012 0.986905 -0.106012 0.989980 -0.093283 -0.986905 -0.093283 0.131594 -0.000000 0.000000 708.000000
0.136704 0.121181 0.983172 -0.121181 0.987081 -0.104813 -0.983172 -0.104813 0.149622 -0.000000 0.000000 708.000000
0.152607 0.137023 0.978742 -0.137023 0.983710 -0.116354 -0.978742 -0.116354 0.168896 -0.000000 0.000000 708.000000
0.169230 0.153460 0.973556 -0.153460 0.979859 -0.127778 -0.973556 -0.127778 0.189371 -0.000000 0.000000 708.000000
0.186519 0.170404 0.967560 -0.170404 0.975527 -0.138958 -0.967560 -0.138958 0.210992 -0.000000 0.000000 708.000000
0.204419 0.187768 0.960706 -0.187768 0.970727 -0.149773 -0.960706 -0.149773 0.233692 -0.000000 0.000000 708.000000
0.222875 0.205458 0.952950 -0.205458 0.965480 -0.160107 -0.952950 -0.160107 0.257395 -0.000000 0.000000 708.000000
0.241830 0.223379 0.944256 -0.223379 0.959819 -0.169852 -0.944256 -0.169852 0.282012 -0.000000 0.000000 708.000000
0.261227 0.241433 0.934597 -0.241433 0.953783 -0.178907 -0.934597 -0.178907 0.307444 -0.000000 0.000000 708.000000
0.281006 0.259520 0.923951 -0.259520 0.947424 -0.187184 -0.923951 -0.187184 0.333583 -0.000000 0.000000 708.000000
0.301111 0.277539 0.912307 -0.277539 0.940798 -0.194604 -0.912307 -0.194604 0.360313 -0.000000 0.000000 708.000000
0.321482 0.295389 0.899663 -0.295389 0.933972 -0.201101 -0.899663 -0.201101 0.387510 -0.000000 0.000000 708.000000
0.342061 0.312970 0.886027 -0.312970 0.927015 -0.206623 -0.886027 -0.206623 0.415046 -0.000000 0.000000 708.000000
0.362789 0.330184 0.871414 -0.330184 0.920001 -0.211131 -0.871414 -0.211131 0.442788 -0.000000 0.000000 708.000000
0.383607 0.346935 0.855852 -0.346935 0.913007 -0.214602 -0.855852 -0.214602 0.470599 -0.000000 0.000000 708.000000
0.404458 0.363131 0.839375 -0.363131 0.906110 -0.217025 -0.839375 -0.217025 0.498347 -0.000000 0.000000 708.000000
0.425285 0.378684 0.822029 -0.378684 0.899387 -0.218405 -0.822029 -0.218405 0.525897 -0.000000 0.000000 708.000000
0.446032 0.393514 0.803867 -0.393514 0.892911 -0.218759 -0.803867 -0.218759 0.553120 -0.000000 0.000000 708.000000
0.466645 0.407546 0.784951 -0.407546 0.886753 -0.218119 -0.784951 -0.218119 0.579892 -0.000000 0.000000 708.000000
0.487071 0.420711 0.765352 -0.420711 0.880975 -0.216528 -0.765352 -0.216528 0.606096 -0.000000 0.000000 708.000000
0.507260 0.432952 0.745144 -0.432952 0.875637 -0.214039 -0.745144 -0.214039 0.631623 -0.000000 0.000000 708.000000
0.527161 0.444218 0.724411 -0.444218 0.870787 -0.210715 -0.724411 -0.210715 0.656374 -0.000000 0.000000 708.000000
0.546728 0.454467 0.703241 -0.454467 0.866466 -0.206630 -0.703241 -0.206630 0.680262 -0.000000 0.000000 708.000000
0.565918 0.463670 0.681723 -0.463670 0.862707 -0.201859 -0.681723 -0.201859 0.703211 -0.000000 0.000000 708.000000
0.584688 0.471806 0.659954 -0.471806 0.859530 -0.196487 -0.659954 -0.196487 0.725158 -0.000000 0.000000 708.000000
0.602999 0.478865 0.638029 -0.478865 0.856949 -0.190599 -0.638029 -0.190599 0.746050 -0.000000 0.000000 708.000000
0.620815 0.484846 0.616046 -0.484846 0.854965 -0.184282 -0.616046 -0.184282 0.765850 -0.000000 0.000000 708.000000
0.638104 0.489761 0.594103 -0.489761 0.853571 -0.177625 -0.594103 -0.177625 0.784533 -0.000000 0.000000 708.000000
0.654835 0.493630 0.572294 -0.493630 0.852752 -0.170713 -0.572294 -0.170713 0.802083 -0.000000 0.000000 708.000000
0.670981 0.496485 0.550715 -0.496485 0.852484 -0.163629 -0.550715 -0.163629 0.818498 -0.000000 0.000000 708.000000
0.686520 0.498364 0.529456 -0.498364 0.852734 -0.156453 -0.529456 -0.156453 0.833786 -0.000000 0.000000 708.000000
0.701430 0.499317 0.508605 -0.499317 0.853466 -0.149260 -0.508605 -0.149260 0.847964 -0.000000 0.000000 708.000000
0.715694 0.499399 0.488244 -0.499399 0.854636 -0.142117 -0.488244 -0.142117 0.861058 -0.000000 0.000000 708.000000
0.729298 0.498676 0.468451 -0.498676 0.856197 -0.135087 -0.468451 -0.135087 0.873101 -0.000000 0.000000 708.000000
0.742230 0.497218 0.449299 -0.497218 0.858098 -0.128226 -0.449299 -0.128226 0.884132 -0.000000 0.000000 708.000000
0.754481 0.495100 0.430853 -0.495100 0.860287 -0.121583 -0.430853 -0.121583 0.894194 -0.000000 0.000000 708.000000
0.766044 0.492404 0.413176 -0.492404 0.862709 -0.115201 -0.413176 -0.115201 0.903335 -0.000000 0.000000 708.000000
0.777146 0.489141 0.395961 -0.489141 0.865369 -0.108984 -0.395961 -0.108984 0.911777 -0.000000 0.000000 708.000000
0.788011 0.485271 0.378881 -0.485271 0.868296 -0.102829 -0.378881 -0.102829 0.919715 -0.000000 0.000000 708.000000
0.798636 0.480800 0.361957 -0.480800 0.871476 -0.096756 -0.361957 -0.096756 0.927160 -0.000000 0.000000 708.000000
0.809017 0.475734 0.345208 -0.475734 0.874892 -0.090783 -0.345208 -0.090783 0.934125 -0.000000 0.000000 708.000000
0.819152 0.470081 0.328654 -0.470081 0.878528 -0.084926 -0.328654 -0.084926 0.940624 -0.000000 0.000000 708.000000
0.829038 0.463848 0.312317 -0.463848 0.882367 -0.079204 -0.312317 -0.079204 0.946670 -0.000000 0.000000 708.000000
0.838671 0.457043 0.296215 -0.457043 0.886392 -0.073631 -0.296215 -0.073631 0.952279 -0.000000 0.000000 708.000000
0.848048 0.449676 0.280367 -0.449676 0.890583 -0.068220 -0.280367 -0.068220 0.957466 -0.000000 0.000000 708.000000
0.857167 0.441757 0.264793 -0.441757 0.894921 -0.062985 -0.264793 -0.062985 0.962246 -0.000000 0.000000 708.000000
0.866025 0.433294 0.249511 -0.433294 0.899388 -0.057937 -0.249511 -0.057937 0.966637 -0.000000 0.000000 708.000000
0.874620 0.424301 0.234540 -0.424301 0.903964 -0.053086 -0.234540 -0.053086 0.970656 -0.000000 0.000000 708.000000
0.882948 0.414788 0.219897 -0.414788 0.908628 -0.048440 -0.219897 -0.048440 0.974320 -0.000000 0.000000 708.000000
0.891007 0.404767 0.205600 -0.404767 0.913360 -0.044008 -0.205600 -0.044008 0.977646 -0.000000 0.000000 708.000000
0.898794 0.394251 0.191665 -0.394251 0.918141 -0.039796 -0.191665 -0.039796 0.980653 -0.000000 0.000000 708.000000
0.906308 0.383253 0.178110 -0.383253 0.922949 -0.035808 -0.178110 -0.035808 0.983359 -0.000000 0.000000 708.000000
0.913545 0.371788 0.164950 -0.371788 0.927764 -0.032049 -0.164950 -0.032049 0.985781 -0.000000 0.000000 708.000000
0.920505 0.359869 0.152201 -0.359869 0.932567 -0.028520 -0.152201 -0.028520 0.987938 -0.000000 0.000000 708.000000
0.927184 0.347511 0.139879 -0.347511 0.937336 -0.025223 -0.139879 -0.025223 0.989847 -0.000000 0.000000 708.000000
0.933580 0.334730 0.127997 -0.334730 0.942053 -0.022158 -0.127997 -0.022158 0.991527 -0.000000 0.000000 708.000000
0.939693 0.321542 0.116570 -0.321542 0.946698 -0.019324 -0.116570 -0.019324 0.992995 -0.000000 0.000000 708.000000
0.945519 0.307963 0.105611 -0.307963 0.951252 -0.016718 -0.105611 -0.016718 0.994267 -0.000000 0.000000 708.000000
0.951057 0.294009 0.095134 -0.294009 0.955695 -0.014336 -0.095134 -0.014336 0.995361 -0.000000 0.000000 708.000000
0.956305 0.279697 0.085151 -0.279697 0.960011 -0.012174 -0.085151 -0.012174 0.996294 -0.000000 0.000000 708.000000
0.961262 0.265046 0.075673 -0.265046 0.964181 -0.010226 -0.075673 -0.010226 0.997080 -0.000000 0.000000 708.000000
0.965926 0.250074 0.066712 -0.250074 0.968190 -0.008486 -0.066712 -0.008486 0.997736 -0.000000 0.000000 708.000000
0.970296 0.234797 0.058278 -0.234797 0.972020 -0.006945 -0.058278 -0.006945 0.998276 -0.000000 0.000000 708.000000
0.974370 0.219236 0.050382 -0.219236 0.975656 -0.005594 -0.050382 -0.005594 0.998714 -0.000000 0.000000 708.000000
0.978148 0.203410 0.043033 -0.203410 0.979084 -0.004425 -0.043033 -0.004425 0.999064 -0.000000 0.000000 708.000000
0.981627 0.187336 0.036239 -0.187336 0.982290 -0.003426 -0.036239 -0.003426 0.999337 -0.000000 0.000000 708.000000
0.984808 0.171036 0.030009 -0.171036 0.985261 -0.002586 -0.030009 -0.002586 0.999546 -0.000000 0.000000 708.000000
0.987688 0.154528 0.024350 -0.154528 0.987987 -0.001893 -0.024350 -0.001893 0.999702 -0.000000 0.000000 708.000000
0.990268 0.137833 0.019268 -0.137833 0.990455 -0.001334 -0.019268 -0.001334 0.999813 -0.000000 0.000000 708.000000
0.992546 0.120971 0.014771 -0.120971 0.992656 -0.000897 -0.014771 -0.000897 0.999891 -0.000000 0.000000 708.000000
0.994522 0.103963 0.010862 -0.103963 0.994581 -0.000566 -0.010862 -0.000566 0.999941 -0.000000 0.000000 708.000000
0.996195 0.086828 0.007548 -0.086828 0.996223 -0.000328 -0.007548 -0.000328 0.999971 -0.000000 0.000000 708.000000
0.997564 0.069589 0.004831 -0.069589 0.997576 -0.000168 -0.004831 -0.000168 0.999988 -0.000000 0.000000 708.000000
0.998630 0.052265 0.002716 -0.052265 0.998633 -0.000071 -0.002716 -0.000071 0.999996 -0.000000 0.000000 708.000000
0.999391 0.034879 0.001205 -0.034879 0.999392 -0.000021 -0.001205 -0.000021 0.999999 -0.000000 0.000000 708.000000
0.999848 0.017450 0.000299 -0.017450 0.999848 -0.000003 -0.000299 -0.000003 1.000000 -0.000000 0.000000 708.000000
1.000000 0.000000 -0.000000 -0.000000 1.000000 0.000000 0.000000 -0.000000 1.000000 -0.000000 0.000000 708.000000
0.999848 -0.017450 0.000309 0.017450 0.999848 0.000003 -0.000309 0.000003 1.000000 -0.000000 0.000000 708.000000
0.999391 -0.034878 0.001225 0.034878 0.999392 0.000021 -0.001225 0.000021 0.999999 -0.000000 0.000000 708.000000
0.998630 -0.052264 0.002747 0.052264 0.998633 0.000072 -0.002747 0.000072 0.999996 -0.000000 0.000000 708.000000
0.997564 -0.069586 0.004874 0.069586 0.997576 0.000170 -0.004874 0.000170 0.999988 -0.000000 0.000000 708.000000
0.996195 -0.086823 0.007603 0.086823 0.996224 0.000331 -0.007603 0.000331 0.999971 -0.000000 0.000000 708.000000
0.994522 -0.103955 0.010932 0.103955 0.994582 0.000570 -0.010932 0.000570 0.999940 -0.000000 0.000000 708.000000
0.992546 -0.120961 0.014856 0.120961 0.992657 0.000902 -0.014856 0.000902 0.999889 -0.000000 0.000000 708.000000
0.990268 -0.137818 0.019371 0.137818 0.990457 0.001341 -0.019371 0.001341 0.999811 -0.000000 0.000000 708.000000
0.987688 -0.154508 0.024472 0.154508 0.987990 0.001902 -0.024472 0.001902 0.999699 -0.000000 0.000000 708.000000
0.984808 -0.171010 0.030154 0.171010 0.985266 0.002598 -0.030154 0.002598 0.999542 -0.000000 0.000000 708.000000
0.981627 -0.187304 0.036406 0.187303 0.982296 0.003451 -0.036408 0.003431 0.999331 -0.000000 0.000000 708.000000
0.978148 -0.203370 0.043219 0.203368 0.979092 0.004482 -0.043227 0.004406 0.999056 -0.000000 0.000000 708.000000
0.974370 -0.219190 0.050585 0.219186 0.975667 0.005698 -0.050603 0.005535 0.998704 -0.000000 0.000000 708.000000
0.970296 -0.234744 0.058494 0.234736 0.972033 0.007108 -0.058526 0.006834 0.998262 -0.000000 0.000000 708.000000
0.965926 -0.250014 0.066936 0.250000 0.968207 0.008718 -0.066987 0.008313 0.997719 -0.000000 0.000000 708.000000
0.961262 -0.264981 0.075902 0.264960 0.964202 0.010534 -0.075976 0.009984 0.997060 -0.000000 0.000000 708.000000
0.956305 -0.279627 0.085381 0.279596 0.960035 0.012562 -0.085481 0.011859 0.996269 -0.000000 0.000000 708.000000
0.951057 -0.293935 0.095362 0.293893 0.955724 0.014805 -0.095492 0.013946 0.995333 -0.000000 0.000000 708.000000
0.945519 -0.307886 0.105835 0.307831 0.951284 0.017265 -0.105995 0.016254 0.994234 -0.000000 0.000000 708.000000
0.939693 -0.321463 0.116786 0.321394 0.946736 0.019946 -0.116978 0.018791 0.992957 -0.000000 0.000000 708.000000
0.933580 -0.334651 0.128205 0.334565 0.942096 0.022849 -0.128428 0.021562 0.991484 -0.000000 0.000000 708.000000
0.927184 -0.347431 0.140078 0.347329 0.937384 0.025972 -0.140330 0.024573 0.989800 -0.000000 0.000000 708.000000
0.920505 -0.359788 0.152392 0.359670 0.932619 0.029314 -0.152671 0.027827 0.987885 -0.000000 0.000000 708.000000
0.913545 -0.371706 0.165134 0.371572 0.927822 0.032874 -0.165435 0.031327 0.985723 -0.000000 0.000000 708.000000
0.906308 -0.383169 0.178290 0.383022 0.923012 0.036648 -0.178606 0.035075 0.983295 -0.000000 0.000000 708.000000
0.898794 -0.394163 0.191846 0.394005 0.918210 0.040630 -0.192169 0.039070 0.980584 -0.000000 0.000000 708.000000
0.891007 -0.404672 0.205786 0.404508 0.913436 0.044815 -0.206107 0.043312 0.977570 -0.000000 0.000000 708.000000
0.882948 -0.414682 0.220096 0.414519 0.908710 0.049195 -0.220404 0.047797 0.974237 -0.000000 0.000000 708.000000
0.874620 -0.424179 0.234760 0.424024 0.904054 0.053762 -0.235040 0.052522 0.970566 -0.000000 0.000000 708.000000
0.866025 -0.433150 0.249762 0.433013 0.899487 0.058507 -0.250000 0.057481 0.966538 -0.000000 0.000000 708.000000
0.857167 -0.441581 0.265086 0.441474 0.895030 0.063419 -0.265264 0.062668 0.962137 -0.000000 0.000000 708.000000
0.848048 -0.449459 0.280715 0.449397 0.890703 0.068484 -0.280814 0.068074 0.957345 -0.000000 0.000000 708.000000
0.838671 -0.456773 0.296632 0.456773 0.886526 0.073691 -0.296632 0.073691 0.952145 -0.000000 0.000000 708.000000
0.829038 -0.463514 0.312813 0.463592 0.882517 0.079036 -0.312697 0.079494 0.946521 -0.000000 0.000000 708.000000
0.819152 -0.469676 0.329233 0.469846 0.878693 0.084516 -0.328990 0.085457 0.940459 -0.000000 0.000000 708.000000
0.809017 -0.475252 0.345871 0.475528 0.875072 0.090119 -0.345492 0.091564 0.933944 -0.000000 0.000000 708.000000
0.798636 -0.480234 0.362707 0.480631 0.871671 0.095828 -0.362181 0.097797 0.926963 -0.000000 0.000000 708.000000
0.788011 -0.484615 0.379720 0.485148 0.868507 0.101626 -0.379039 0.104138 0.919502 -0.000000 0.000000 708.000000
0.777146 -0.488389 0.396888 0.489074 0.865593 0.107497 -0.396044 0.110567 0.911550 -0.000000 0.000000 708.000000
0.766044 -0.491551 0.414191 0.492404 0.862945 0.113421 -0.413176 0.117063 0.903096 -0.000000 0.000000 708.000000
0.754710 -0.494096 0.431605 0.495134 0.860576 0.119379 -0.430413 0.123606 0.894129 -0.000000 0.000000 708.000000
0.743145 -0.496021 0.449110 0.497261 0.858498 0.125350 -0.447736 0.130172 0.884640 -0.000000 0.000000 708.000000
0.731354 -0.497322 0.466682 0.498782 0.856723 0.131312 -0.465122 0.136737 0.874623 -0.000000 0.000000 708.000000
0.719340 -0.497999 0.484301 0.499695 0.855259 0.137244 -0.482550 0.143278 0.864070 -0.000000 0.000000 708.000000
0.707107 -0.498049 0.501944 0.500000 0.854117 0.143121 -0.500000 0.149770 0.852977 -0.000000 0.000000 708.000000
0.694658 -0.497472 0.519588 0.499695 0.853304 0.148920 -0.517450 0.156187 0.841339 -0.000000 0.000000 708.000000
0.681998 -0.496269 0.537211 0.498782 0.852825 0.154617 -0.534878 0.162502 0.829155 -0.000000 0.000000 708.000000
0.669131 -0.494441 0.554790 0.497261 0.852685 0.160187 -0.552264 0.168690 0.816424 -0.000000 0.000000 708.000000
0.656059 -0.491990 0.572304 0.495134 0.852888 0.165603 -0.569587 0.174722 0.803146 -0.000000 0.000000 708.000000
0.642788 -0.488919 0.589730 0.492404 0.853435 0.170841 -0.586824 0.180571 0.789323 -0.000000 0.000000 708.000000
0.629320 -0.485232 0.607046 0.489074 0.854327 0.175873 -0.603956 0.186210 0.774960 -0.000000 0.000000 708.000000
0.615661 -0.480934 0.624231 0.485148 0.855563 0.180674 -0.620961 0.191610 0.760061 -0.000000 0.000000 708.000000
0.601815 -0.476029 0.641261 0.480631 0.857140 0.185217 -0.637819 0.196743 0.744634 -0.000000 0.000000 708.000000
0.587785 -0.470524 0.658115 0.475528 0.859053 0.189475 -0.654508 0.201582 0.728686 -0.000000 0.000000 708.000000
0.573576 -0.464426 0.674773 0.469846 0.861297 0.193422 -0.671010 0.206097 0.712228 -0.000000 0.000000 708.000000
0.559193 -0.457743 0.691213 0.463592 0.863864 0.197031 -0.687303 0.210262 0.695273 -0.000000 0.000000 708.000000
0.544639 -0.450483 0.707413 0.456773 0.866746 0.200276 -0.703368 0.214049 0.677832 -0.000000 0.000000 708.000000
0.529919 -0.442656 0.723354 0.449397 0.869931 0.203131 -0.719186 0.217430 0.659921 -0.000000 0.000000 708.000000
0.515038 -0.434271 0.739016 0.441474 0.873408 0.205571 -0.734736 0.220379 0.641558 -0.000000 0.000000 708.000000
0.500000 -0.425341 0.754377 0.433013 0.877163 0.207571 -0.750000 0.222870 0.622759 -0.000000 0.000000 708.000000
0.484810 -0.415875 0.769420 0.424024 0.881180 0.209105 -0.764960 0.224876 0.603546 -0.000000 0.000000 708.000000
0.469472 -0.405887 0.784125 0.414519 0.885444 0.210152 -0.779596 0.226374 0.583938 -0.000000 0.000000 708.000000
0.453990 -0.395389 0.798474 0.404508 0.889935 0.210687 -0.793893 0.227340 0.563960 -0.000000 0.000000 708.000000
0.438371 -0.384395 0.812447 0.394005 0.894634 0.210688 -0.807831 0.227749 0.543636 -0.000000 0.000000 708.000000
0.422618 -0.372920 0.826029 0.383022 0.899521 0.210134 -0.821394 0.227581 0.522991 -0.000000 0.000000 708.000000
0.406737 -0.360978 0.839202 0.371572 0.904572 0.209006 -0.834565 0.226814 0.502052 -0.000000 0.000000 708.000000
0.390731 -0.348584 0.851950 0.359670 0.909764 0.207284 -0.847329 0.225428 0.480849 -0.000000 0.000000 708.000000
0.374607 -0.335756 0.864256 0.347329 0.915073 0.204950 -0.859670 0.223406 0.459410 -0.000000 0.000000 708.000000
0.358368 -0.322509 0.876105 0.334565 0.920471 0.201988 -0.871572 0.220728 0.437768 -0.000000 0.000000 708.000000
0.342020 -0.308861 0.887484 0.321394 0.925932 0.198382 -0.883022 0.217381 0.415953 -0.000000 0.000000 708.000000
0.325568 -0.294829 0.898377 0.307831 0.931428 0.194119 -0.894005 0.213349 0.394001 -0.000000 0.000000 708.000000
0.309017 -0.280432 0.908772 0.293893 0.936929 0.189186 -0.904508 0.208620 0.371944 -0.000000 0.000000 708.000000
0.292372 -0.265689 0.918656 0.279596 0.942405 0.183573 -0.914519 0.203181 0.349818 -0.000000 0.000000 708.000000
0.275637 -0.250618 0.928017 0.264960 0.947825 0.177270 -0.924024 0.197025 0.327660 -0.000000 0.000000 708.000000
0.258819 -0.235239 0.936843 0.250000 0.953157 0.170269 -0.933013 0.190142 0.305505 -0.000000 0.000000 708.000000
0.241922 -0.219573 0.945125 0.234736 0.958369 0.162565 -0.941474 0.182527 0.283392 -0.000000 0.000000 708.000000
0.224951 -0.203639 0.952853 0.219186 0.963429 0.154153 -0.949397 0.174175 0.261359 -0.000000 0.000000 708.000000
0.207912 -0.187457 0.960017 0.203368 0.968301 0.145031 -0.956773 0.165083 0.239444 -0.000000 0.000000 708.000000
0.190809 -0.171050 0.966609 0.187303 0.972954 0.135199 -0.963592 0.155252 0.217687 -0.000000 0.000000 708.000000
0.173648 -0.154437 0.972623 0.171010 0.977352 0.124657 -0.969846 0.144682 0.196126 -0.000000 0.000000 708.000000
0.156434 -0.137641 0.978051 0.154508 0.981461 0.113408 -0.975528 0.133376 0.174801 -0.000000 0.000000 708.000000
0.139173 -0.120683 0.982887 0.137819 0.985247 0.101459 -0.980631 0.121340 0.153752 -0.000000 0.000000 708.000000
0.121869 -0.103582 0.987126 0.120961 0.988676 0.088811 -0.985148 0.108580 0.133019 -0.000000 0.000000 708.000000
0.104528 -0.086356 0.990766 0.103956 0.991714 0.075471 -0.989074 0.095107 0.112640 -0.000000 0.000000 708.000000
0.087156 -0.069027 0.993800 0.086824 0.994327 0.061449 -0.992404 0.080930 0.092654 -0.000000 0.000000 708.000000
0.069756 -0.051614 0.996228 0.069587 0.996480 0.046754 -0.995134 0.066063 0.073103 -0.000000 0.000000 708.000000
0.052336 -0.034139 0.998046 0.052264 0.998139 0.031402 -0.997261 0.050519 0.054023 -0.000000 0.000000 708.000000
0.034899 -0.016623 0.999253 0.034878 0.999273 0.015405 -0.998782 0.034315 0.035454 -0.000000 0.000000 708.000000
0.017452 0.000913 0.999847 0.017450 0.999847 -0.001217 -0.999695 0.017468 0.017434 -0.000000 0.000000 708.000000
0.000000 0.018447 0.999830 0.000000 0.999830 -0.018447 -1.000000 0.000000 0.000000 -0.000000 0.000000 708.000000
-0.017452 0.035960 0.999201 -0.017450 0.999190 -0.036265 -0.999695 -0.018069 -0.016811 -0.000000 0.000000 708.000000
-0.034899 0.053430 0.997962 -0.034878 0.997896 -0.054646 -0.998782 -0.036714 -0.032963 -0.000000 0.000000 708.000000
-0.052336 0.070836 0.996114 -0.052264 0.995920 -0.073568 -0.997261 -0.055911 -0.048420 -0.000000 0.000000 708.000000
-0.069756 0.088158 0.993661 -0.069587 0.993231 -0.093005 -0.995134 -0.075633 -0.063150 -0.000000 0.000000 708.000000
-0.087156 0.105374 0.990606 -0.086824 0.989802 -0.112928 -0.992404 -0.095851 -0.077118 -0.000000 0.000000 708.000000
-0.104528 0.122465 0.986953 -0.103956 0.985608 -0.133308 -0.989074 -0.116534 -0.090293 -0.000000 0.000000 708.000000
-0.121869 0.139409 0.982707 -0.120961 0.980621 -0.154114 -0.985148 -0.137651 -0.102645 -0.000000 0.000000 708.000000
-0.139173 0.156188 0.977873 -0.137819 0.974818 -0.175314 -0.980631 -0.159168 -0.114143 -0.000000 0.000000 708.000000
-0.156434 0.172780 0.972458 -0.154508 0.968177 -0.196874 -0.975528 -0.181051 -0.124760 -0.000000 0.000000 708.000000
-0.173648 0.189167 0.966469 -0.171010 0.960677 -0.218759 -0.969846 -0.203263 -0.134470 -0.000000 0.000000 708.000000
-0.190809 0.205328 0.959913 -0.187303 0.952297 -0.240931 -0.963592 -0.225767 -0.143248 -0.000000 0.000000 708.000000
-0.207912 0.221245 0.952798 -0.203368 0.943020 -0.263352 -0.956773 -0.248523 -0.151071 -0.000000 0.000000 708.000000
-0.224951 0.236899 0.945133 -0.219186 0.932830 -0.285983 -0.949397 -0.271492 -0.157916 -0.000000 0.000000 708.000000
-0.241922 0.252271 0.936928 -0.234736 0.921711 -0.308784 -0.941474 -0.294632 -0.163765 -0.000000 0.000000 708.000000
-0.258819 0.267343 0.928192 -0.250000 0.909652 -0.331713 -0.933013 -0.317902 -0.168599 -0.000000 0.000000 708.000000
-0.275637 0.282097 0.918937 -0.264960 0.896641 -0.354728 -0.924024 -0.341257 -0.172403 -0.000000 0.000000 708.000000
-0.292372 0.296516 0.909174 -0.279596 0.882669 -0.377785 -0.914519 -0.364655 -0.175163 -0.000000 0.000000 708.000000
-0.309017 0.310583 0.898914 -0.293893 0.867730 -0.400839 -0.904508 -0.388050 -0.176865 -0.000000 0.000000 708.000000
-0.325568 0.324281 0.888171 -0.307831 0.851818 -0.423847 -0.894005 -0.411397 -0.177501 -0.000000 0.000000 708.000000
-0.342020 0.337594 0.876956 -0.321394 0.834931 -0.446762 -0.883022 -0.434650 -0.177063 -0.000000 0.000000 708.000000
-0.358368 0.350506 0.865285 -0.334565 0.817068 -0.469538 -0.871572 -0.457762 -0.175544 -0.000000 0.000000 708.000000
-0.374607 0.363002 0.853170 -0.347329 0.798230 -0.492130 -0.859670 -0.480686 -0.172941 -0.000000 0.000000 708.000000
-0.390731 0.375067 0.840627 -0.359670 0.778420 -0.514489 -0.847329 -0.503375 -0.169253 -0.000000 0.000000 708.000000
-0.406737 0.386686 0.827671 -0.371572 0.757646 -0.536570 -0.834565 -0.525782 -0.164480 -0.000000 0.000000 708.000000
-0.422618 0.397847 0.814317 -0.383022 0.735913 -0.558324 -0.821394 -0.547859 -0.158626 -0.000000 0.000000 708.000000
-0.438371 0.408535 0.800581 -0.394005 0.713233 -0.579706 -0.807831 -0.569559 -0.151695 -0.000000 0.000000 708.000000
-0.453990 0.418739 0.786480 -0.404508 0.689617 -0.600667 -0.793893 -0.590835 -0.143696 -0.000000 0.000000 708.000000
-0.469472 0.428446 0.772030 -0.414519 0.665081 -0.621162 -0.779596 -0.611639 -0.134638 -0.000000 0.000000 708.000000
-0.484810 0.437644 0.757250 -0.424024 0.639640 -0.641143 -0.764960 -0.631924 -0.124532 -0.000000 0.000000 708.000000
-0.500000 0.446322 0.742156 -0.433013 0.613314 -0.660565 -0.750000 -0.651645 -0.113394 -0.000000 0.000000 708.000000
-0.515038 0.454471 0.726768 -0.441474 0.586124 -0.679381 -0.734736 -0.670756 -0.101239 -0.000000 0.000000 708.000000
-0.529919 0.462081 0.711103 -0.449397 0.558094 -0.697548 -0.719186 -0.689212 -0.088087 -0.000000 0.000000 708.000000
-0.544639 0.469141 0.695180 -0.456773 0.529248 -0.715021 -0.703368 -0.706968 -0.073958 -0.000000 0.000000 708.000000
-0.559193 0.475645 0.679018 -0.463592 0.499614 -0.731757 -0.687303 -0.723981 -0.058875 -0.000000 0.000000 708.000000
-0.573576 0.481584 0.662636 -0.469846 0.469221 -0.747714 -0.671010 -0.740208 -0.042864 -0.000000 0.000000 708.000000
-0.587785 0.486951 0.646055 -0.475528 0.438103 -0.762849 -0.654508 -0.755609 -0.025951 -0.000000 0.000000 708.000000
-0.601815 0.491739 0.629294 -0.480631 0.406291 -0.777124 -0.637819 -0.770143 -0.008167 -0.000000 0.000000 708.000000
-0.615661 0.495943 0.612374 -0.485148 0.373821 -0.790499 -0.620961 -0.783772 0.010458 -0.000000 0.000000 708.000000
-0.629320 0.499558 0.595313 -0.489074 0.340732 -0.802937 -0.603956 -0.796457 0.029891 -0.000000 0.000000 708.000000
-0.642788 0.502578 0.578134 -0.492404 0.307062 -0.814402 -0.586824 -0.808163 0.050096 -0.000000 0.000000 708.000000
-0.656059 0.505001 0.560857 -0.495134 0.272853 -0.824860 -0.569587 -0.818856 0.071036 -0.000000 0.000000 708.000000
-0.669131 0.506824 0.543502 -0.497261 0.238147 -0.834277 -0.552264 -0.828502 0.092672 -0.000000 0.000000 708.000000
-0.681998 0.508041 0.526092 -0.498782 0.202991 -0.842622 -0.534878 -0.837072 0.114962 -0.000000 0.000000 708.000000
-0.694658 0.508650 0.508650 -0.499695 0.167435 -0.849865 -0.517450 -0.844536 0.137860 -0.000000 0.000000 708.000000
-0.707107 0.508650 0.491198 -0.500000 0.131528 -0.855979 -0.500000 -0.850868 0.161321 -0.000000 0.000000 708.000000
-0.719340 0.508041 0.473756 -0.499695 0.095317 -0.860941 -0.482550 -0.856043 0.185300 -0.000000 0.000000 708.000000
-0.731354 0.506824 0.456346 -0.498782 0.058854 -0.864727 -0.465122 -0.860038 0.209751 -0.000000 0.000000 708.000000
-0.743145 0.504999 0.438989 -0.497261 0.022190 -0.867317 -0.447736 -0.862834 0.234626 -0.000000 0.000000 708.000000
-0.754710 0.502570 0.421707 -0.495134 -0.014622 -0.868694 -0.430413 -0.864413 0.259875 -0.000000 0.000000 708.000000
-0.766044 0.499540 0.404519 -0.492404 -0.051529 -0.868840 -0.413176 -0.864757 0.285449 -0.000000 0.000000 708.000000
-0.777146 0.495911 0.387448 -0.489074 -0.088475 -0.867744 -0.396044 -0.863854 0.311295 -0.000000 0.000000 708.000000
-0.788011 0.491689 0.370514 -0.485148 -0.125407 -0.865393 -0.379039 -0.861693 0.337364 -0.000000 0.000000 708.000000
-0.798636 0.486879 0.353738 -0.480631 -0.162268 -0.861779 -0.362181 -0.858265 0.363602 -0.000000 0.000000 708.000000
-0.809017 0.481485 0.337140 -0.475528 -0.199002 -0.856896 -0.345492 -0.853563 0.389956 -0.000000 0.000000 708.000000
-0.819152 0.475516 0.320740 -0.469846 -0.235553 -0.850740 -0.328990 -0.847584 0.416373 -0.000000 0.000000 708.000000
-0.829038 0.468979 0.304558 -0.463592 -0.271863 -0.843311 -0.312697 -0.840327 0.442799 -0.000000 0.000000 708.000000
-0.838671 0.461880 0.288615 -0.456773 -0.307875 -0.834609 -0.296632 -0.831793 0.469180 -0.000000 0.000000 708.000000
-0.848048 0.454229 0.272929 -0.449397 -0.343534 -0.824637 -0.280814 -0.821985 0.495463 -0.000000 0.000000 708.000000
-0.857167 0.446036 0.257519 -0.441474 -0.378781 -0.813404 -0.265264 -0.810911 0.521592 -0.000000 0.000000 708.000000
-0.866025 0.437310 0.242405 -0.433013 -0.413560 -0.800917 -0.250000 -0.798579 0.547514 -0.000000 0.000000 708.000000
-0.874620 0.428061 0.227604 -0.424024 -0.447815 -0.787188 -0.235040 -0.785000 0.573176 -0.000000 0.000000 708.000000
-0.882948 0.418302 0.213136 -0.414519 -0.481490 -0.772232 -0.220404 -0.770189 0.598524 -0.000000 0.000000 708.000000
-0.891007 0.408044 0.199016 -0.404508 -0.514530 -0.756064 -0.206107 -0.754161 0.623507 -0.000000 0.000000 708.000000
-0.898794 0.397299 0.185264 -0.394005 -0.546880 -0.738703 -0.192169 -0.736937 0.648070 -0.000000 0.000000 708.000000
-0.906308 0.386081 0.171894 -0.383022 -0.578486 -0.720172 -0.178606 -0.718537 0.672164 -0.000000 0.000000 708.000000
-0.913545 0.374403 0.158925 -0.371572 -0.609297 -0.700494 -0.165435 -0.698985 0.695738 -0.000000 0.000000 708.000000
-0.920505 0.362280 0.146370 -0.359670 -0.639259 -0.679695 -0.152671 -0.678307 0.718743 -0.000000 0.000000 708.000000
-0.927184 0.349725 0.134247 -0.347329 -0.668324 -0.657804 -0.140330 -0.656533 0.741129 -0.000000 0.000000 708.000000
-0.933580 0.336756 0.122569 -0.334565 -0.696441 -0.634851 -0.128428 -0.633692 0.762851 -0.000000 0.000000 708.000000
-0.939693 0.323386 0.111351 -0.321394 -0.723563 -0.610870 -0.116978 -0.609818 0.783861 -0.000000 0.000000 708.000000
-0.945519 0.309634 0.100606 -0.307831 -0.749644 -0.585897 -0.105995 -0.584946 0.804117 -0.000000 0.000000 708.000000
-0.951057 0.295514 0.090348 -0.293893 -0.774638 -0.559967 -0.095492 -0.559113 0.823574 -0.000000 0.000000 708.000000
-0.956305 0.281046 0.080589 -0.279596 -0.798503 -0.533121 -0.085481 -0.532359 0.842192 -0.000000 0.000000 708.000000
-0.961262 0.266245 0.071340 -0.264960 -0.821198 -0.505400 -0.075976 -0.504724 0.859931 -0.000000 0.000000 708.000000
-0.965926 0.251131 0.062614 -0.250000 -0.842684 -0.476847 -0.066987 -0.476253 0.876753 -0.000000 0.000000 708.000000
-0.970296 0.235721 0.054421 -0.234736 -0.862923 -0.447507 -0.058526 -0.446989 0.892623 -0.000000 0.000000 708.000000
-0.974370 0.220035 0.046770 -0.219186 -0.881880 -0.417426 -0.050603 -0.416979 0.907506 -0.000000 0.000000 708.000000
-0.978148 0.204092 0.039671 -0.203368 -0.899523 -0.386653 -0.043227 -0.386271 0.921372 -0.000000 0.000000 708.000000
-0.981627 0.187910 0.033134 -0.187303 -0.915819 -0.355236 -0.036408 -0.354916 0.934189 -0.000000 0.000000 708.000000
-0.984808 0.171510 0.027165 -0.171010 -0.930741 -0.323228 -0.030154 -0.322963 0.945931 -0.000000 0.000000 708.000000
-0.987688 0.154912 0.021771 -0.154508 -0.944263 -0.290679 -0.024472 -0.290464 0.956573 -0.000000 0.000000 708.000000
-0.990268 0.138136 0.016961 -0.137819 -0.956360 -0.257645 -0.019369 -0.257475 0.966091 -0.000000 0.000000 708.000000
-0.992546 0.121202 0.012739 -0.120961 -0.967012 -0.224178 -0.014852 -0.224048 0.974465 -0.000000 0.000000 708.000000
-0.994522 0.104131 0.009110 -0.103956 -0.976200 -0.190334 -0.010926 -0.190239 0.981677 -0.000000 0.000000 708.000000
-0.996195 0.086943 0.006080 -0.086824 -0.983907 -0.156170 -0.007596 -0.156104 0.987711 -0.000000 0.000000 708.000000
-0.997564 0.069661 0.003651 -0.069587 -0.990119 -0.121742 -0.004866 -0.121700 0.992555 -0.000000 0.000000 708.000000
-0.998630 0.052304 0.001826 -0.052264 -0.994827 -0.087108 -0.002739 -0.087084 0.996197 -0.000000 0.000000 708.000000
-0.999391 0.034894 0.000609 -0.034878 -0.998021 -0.052325 -0.001218 -0.052315 0.998630 -0.000000 0.000000 708.000000
-0.999848 0.017452 -0.000000 -0.017450 -0.999695 -0.017452 -0.000305 -0.017450 0.999848 -0.000000 0.000000 708.000000
-1.000000 0.000000 -0.000000 -0.000000 -0.999848 0.017452 -0.000000 0.017452 0.999848 -0.000000 0.000000 708.000000
-0.999848 -0.017442 0.000609 0.017450 -0.998477 0.052331 -0.000305 0.052333 0.998630 -0.000000 0.000000 708.000000
-0.999391 -0.034852 0.001826 0.034878 -0.995587 0.087124 -0.001218 0.087135 0.996196 -0.000000 0.000000 708.000000
-0.998630 -0.052208 0.003651 0.052264 -0.991180 0.121778 -0.002739 0.121802 0.992551 -0.000000 0.000000 708.000000
-0.997564 -0.069491 0.006081 0.069587 -0.985265 0.156238 -0.004866 0.156280 0.987701 -0.000000 0.000000 708.000000
-0.996195 -0.086678 0.009113 0.086824 -0.977851 0.190446 -0.007596 0.190512 0.981655 -0.000000 0.000000 708.000000
-0.994522 -0.103749 0.012745 0.103956 -0.968949 0.224344 -0.010926 0.224440 0.974427 -0.000000 0.000000 708.000000
-0.992546 -0.120682 0.016972 0.120961 -0.958577 0.257875 -0.014852 0.258006 0.966029 -0.000000 0.000000 708.000000
-0.990268 -0.137457 0.021789 0.137819 -0.946750 0.290983 -0.019369 0.291154 0.956480 -0.000000 0.000000 708.000000
-0.987688 -0.154053 0.027190 0.154508 -0.933489 0.323613 -0.024472 0.323830 0.945799 -0.000000 0.000000 708.000000
-0.984808 -0.170451 0.033170 0.171010 -0.918818 0.355709 -0.030154 0.355977 0.934008 -0.000000 0.000000 708.000000
-0.981627 -0.186629 0.039721 0.187303 -0.902762 0.387219 -0.036408 0.387545 0.921132 -0.000000 0.000000 708.000000
-0.978148 -0.202568 0.046834 0.203368 -0.885348 0.418091 -0.043227 0.418479 0.907197 -0.000000 0.000000 708.000000
-0.974370 -0.218249 0.054502 0.219186 -0.866608 0.448273 -0.050603 0.448730 0.892233 -0.000000 0.000000 708.000000
-0.970296 -0.233651 0.062715 0.234736 -0.846573 0.477718 -0.058526 0.478249 0.876272 -0.000000 0.000000 708.000000
-0.965926 -0.248757 0.071464 0.250000 -0.825278 0.506375 -0.066987 0.506987 0.859347 -0.000000 0.000000 708.000000
-0.961262 -0.263548 0.080736 0.264960 -0.802761 0.534201 -0.075976 0.534899 0.841493 -0.000000 0.000000 708.000000
-0.956305 -0.278006 0.090522 0.279596 -0.779061 0.561151 -0.085481 0.561941 0.822749 -0.000000 0.000000 708.000000
-0.951057 -0.292112 0.100808 0.293893 -0.754218 0.587181 -0.095492 0.588069 0.803154 -0.000000 0.000000 708.000000
-0.945519 -0.305850 0.111582 0.307831 -0.728276 0.612253 -0.105995 0.613245 0.782749 -0.000000 0.000000 708.000000
-0.939693 -0.319202 0.122832 0.321394 -0.701280 0.636327 -0.116978 0.637429 0.761577 -0.000000 0.000000 708.000000
-0.933580 -0.332154 0.134542 0.334565 -0.673276 0.659368 -0.128428 0.660586 0.739684 -0.000000 0.000000 708.000000
-0.927184 -0.344688 0.146699 0.347329 -0.644312 0.681341 -0.140330 0.682681 0.717115 -0.000000 0.000000 708.000000
-0.920505 -0.356789 0.159287 0.359670 -0.614437 0.702214 -0.152671 0.703682 0.693919 -0.000000 0.000000 708.000000
-0.913545 -0.368444 0.172291 0.371572 -0.583703 0.721959 -0.165435 0.723561 0.670143 -0.000000 0.000000 708.000000
-0.906308 -0.379637 0.185694 0.383022 -0.552161 0.740548 -0.178606 0.742290 0.645837 -0.000000 0.000000 708.000000
-0.898794 -0.390355 0.199480 0.394005 -0.519866 0.757957 -0.192169 0.759844 0.621054 -0.000000 0.000000 708.000000
-0.891007 -0.400585 0.213632 0.404508 -0.486871 0.774164 -0.206107 0.776201 0.595845 -0.000000 0.000000 708.000000
-0.882948 -0.410316 0.228133 0.414519 -0.453231 0.789149 -0.220404 0.791342 0.570263 -0.000000 0.000000 708.000000
-0.874620 -0.419535 0.242963 0.424024 -0.419002 0.802895 -0.235040 0.805250 0.544360 -0.000000 0.000000 708.000000
-0.866025 -0.428231 0.258105 0.433013 -0.384241 0.815389 -0.250000 0.817910 0.518192 -0.000000 0.000000 708.000000
-0.857020 -0.436602 0.273671 0.441608 -0.348661 0.826691 -0.265517 0.829346 0.491616 -0.000000 0.000000 708.000000
-0.847452 -0.444814 0.289770 0.449889 -0.311983 0.836819 -0.281826 0.839528 0.464507 -0.000000 0.000000 708.000000
-0.837313 -0.452811 0.306380 0.457779 -0.274285 0.845699 -0.298906 0.848369 0.436949 -0.000000 0.000000 708.000000
-0.826601 -0.460537 0.323476 0.465202 -0.235651 0.853262 -0.316731 0.855789 0.409032 -0.000000 0.000000 708.000000
-0.815310 -0.467940 0.341030 0.472084 -0.196175 0.859449 -0.335269 0.861712 0.380850 -0.000000 0.000000 708.000000
-0.803441 -0.474968 0.359008 0.478356 -0.155955 0.864207 -0.354482 0.866073 0.352505 -0.000000 0.000000 708.000000
-0.790995 -0.481573 0.377378 0.483949 -0.115097 0.867494 -0.374327 0.868815 0.324098 -0.000000 0.000000 708.000000
-0.777975 -0.487707 0.396101 0.488798 -0.073714 0.869277 -0.394755 0.869890 0.295738 -0.000000 0.000000 708.000000
-0.764387 -0.493327 0.415139 0.492844 -0.031921 0.869532 -0.415712 0.869258 0.267533 -0.000000 0.000000 708.000000
-0.750239 -0.498392 0.434450 0.496033 0.010163 0.868244 -0.437141 0.866892 0.239594 -0.000000 0.000000 708.000000
-0.735542 -0.502863 0.453990 0.498314 0.052413 0.865411 -0.458978 0.862776 0.212032 -0.000000 0.000000 708.000000
-0.720309 -0.506705 0.473714 0.499645 0.094704 0.861038 -0.481155 0.856902 0.184956 -0.000000 0.000000 708.000000
-0.704555 -0.509887 0.493576 0.499987 0.136912 0.855142 -0.503602 0.849276 0.158475 -0.000000 0.000000 708.000000
-0.688298 -0.512380 0.513529 0.499311 0.178909 0.847750 -0.526245 0.839915 0.132694 -0.000000 0.000000 708.000000
-0.671559 -0.514160 0.533524 0.497592 0.220572 0.838898 -0.549009 0.828847 0.107715 -0.000000 0.000000 708.000000
-0.654360 -0.515206 0.553513 0.494816 0.261779 0.828631 -0.571813 0.816109 0.083635 -0.000000 0.000000 708.000000
-0.636725 -0.515500 0.573446 0.490973 0.302410 0.817003 -0.594581 0.801753 0.060544 -0.000000 0.000000 708.000000
-0.618683 -0.515029 0.593277 0.486062 0.342352 0.804076 -0.617232 0.785837 0.038529 -0.000000 0.000000 708.000000
-0.600261 -0.513782 0.612956 0.480091 0.381496 0.789920 -0.639686 0.768433 0.017665 -0.000000 0.000000 708.000000
-0.581492 -0.511754 0.632436 0.473074 0.419738 0.774610 -0.661867 0.749619 -0.001977 -0.000000 0.000000 708.000000
-0.562408 -0.508942 0.651671 0.465033 0.456983 0.758229 -0.683697 0.729482 -0.020337 -0.000000 0.000000 708.000000
-0.543044 -0.505347 0.670618 0.455996 0.493144 0.740862 -0.705103 0.708120 -0.037363 -0.000000 0.000000 708.000000
-0.523437 -0.500985 0.689223 0.446002 0.528128 0.722608 -0.726014 0.685634 -0.053001 -0.000000 0.000000 708.000000
-0.503623 -0.495877 0.707439 0.435092 0.561856 0.703572 -0.746364 0.662136 -0.067212 -0.000000 0.000000 708.000000
-0.483643 -0.490033 0.725229 0.423316 0.594270 0.683847 -0.766089 0.637739 -0.079976 -0.000000 0.000000 708.000000
-0.463537 -0.483465 0.742560 0.410729 0.625324 0.663529 -0.785134 0.612561 -0.091287 -0.000000 0.000000 708.000000
-0.443345 -0.476190 0.759400 0.397393 0.654979 0.642714 -0.803445 0.586724 -0.101147 -0.000000 0.000000 708.000000
-0.423110 -0.468226 0.775720 0.383371 0.683208 0.621493 -0.820978 0.560349 -0.109568 -0.000000 0.000000 708.000000
-0.402875 -0.459594 0.791495 0.368734 0.709992 0.599955 -0.837691 0.533558 -0.116571 -0.000000 0.000000 708.000000
-0.382683 -0.450315 0.806703 0.353553 0.735323 0.578187 -0.853553 0.506475 -0.122185 -0.000000 0.000000 708.000000
-0.362578 -0.440414 0.821324 0.337906 0.759198 0.556271 -0.868537 0.479222 -0.126450 -0.000000 0.000000 708.000000
-0.342603 -0.429916 0.835342 0.321869 0.781629 0.534282 -0.882623 0.451917 -0.129412 -0.000000 0.000000 708.000000
-0.322803 -0.418848 0.848743 0.305522 0.802630 0.512291 -0.895798 0.424678 -0.131124 -0.000000 0.000000 708.000000
-0.303220 -0.407238 0.861519 0.288945 0.822226 0.490362 -0.908058 0.397619 -0.131646 -0.000000 0.000000 708.000000
-0.283899 -0.395116 0.873662 0.272218 0.840449 0.468553 -0.919401 0.370848 -0.131045 -0.000000 0.000000 708.000000
-0.264883 -0.382509 0.885169 0.255422 0.857337 0.446915 -0.929837 0.344471 -0.129393 -0.000000 0.000000 708.000000
-0.246214 -0.369447 0.896040 0.238635 0.872932 0.425492 -0.939378 0.318588 -0.126766 -0.000000 0.000000 708.000000
-0.227935 -0.355960 0.906277 0.221935 0.887283 0.404318 -0.948045 0.293293 -0.123243 -0.000000 0.000000 708.000000
-0.210088 -0.342077 0.915885 0.205399 0.900443 0.383425 -0.955863 0.268675 -0.118910 -0.000000 0.000000 708.000000
-0.192712 -0.327828 0.924873 0.189100 0.912466 0.362832 -0.962862 0.244816 -0.113851 -0.000000 0.000000 708.000000
-0.175849 -0.313239 0.933251 0.173109 0.923412 0.342555 -0.969077 0.221792 -0.108156 -0.000000 0.000000 708.000000
-0.159537 -0.298340 0.941032 0.157493 0.933340 0.322602 -0.974548 0.199673 -0.101915 -0.000000 0.000000 708.000000
-0.143814 -0.283156 0.948230 0.142319 0.942312 0.302974 -0.979318 0.178523 -0.095219 -0.000000 0.000000 708.000000
-0.128719 -0.267712 0.954862 0.127648 0.950389 0.283665 -0.983432 0.158399 -0.088160 -0.000000 0.000000 708.000000
-0.114287 -0.252033 0.960946 0.113538 0.957633 0.264667 -0.986938 0.139352 -0.080830 -0.000000 0.000000 708.000000
-0.100555 -0.236141 0.966502 0.100045 0.964102 0.245963 -0.989889 0.121426 -0.073320 -0.000000 0.000000 708.000000
-0.087557 -0.220057 0.971550 0.087220 0.969856 0.227534 -0.992334 0.104661 -0.065724 -0.000000 0.000000 708.000000
-0.075327 -0.203801 0.976110 0.075113 0.974951 0.209355 -0.994326 0.089088 -0.058132 -0.000000 0.000000 708.000000
