0.901982 -0.096890 0.420763 0.315235 0.813695 -0.488393 -0.295053 0.573161 0.764481 -2.612569 -20.237496 850.048009
0.902348 -0.095939 0.420195 0.314302 0.813575 -0.489193 -0.294928 0.573490 0.764282 -2.612569 -20.237496 850.048009
0.903426 -0.093131 0.418506 0.311540 0.813214 -0.491553 -0.294556 0.574464 0.763693 -2.612569 -20.237496 850.048009
0.905178 -0.088540 0.415707 0.307003 0.812601 -0.495408 -0.293941 0.576056 0.762730 -2.612569 -20.237496 850.048009
0.907557 -0.082246 0.411795 0.300739 0.811711 -0.500681 -0.293080 0.578240 0.761409 -2.612569 -20.237496 850.048009
0.910507 -0.074339 0.406755 0.292797 0.810514 -0.507285 -0.291970 0.580983 0.759745 -2.612569 -20.237496 850.048009
0.913966 -0.064917 0.400564 0.283223 0.808969 -0.515125 -0.290603 0.584255 0.757757 -2.612569 -20.237496 850.048009
0.917866 -0.054085 0.393189 0.272064 0.807034 -0.524097 -0.288971 0.588023 0.755463 -2.612569 -20.237496 850.048009
0.922131 -0.041955 0.384596 0.259365 0.804659 -0.534091 -0.287061 0.592252 0.752883 -2.612569 -20.237496 850.048009
0.926685 -0.028645 0.374745 0.245174 0.801797 -0.544987 -0.284859 0.596909 0.750037 -2.612569 -20.237496 850.048009
0.931446 -0.014282 0.363600 0.229540 0.798399 -0.556660 -0.282348 0.601959 0.746944 -2.612569 -20.237496 850.048009
0.936329 0.001004 0.351123 0.212515 0.794419 -0.568977 -0.279510 0.607369 0.743624 -2.612569 -20.237496 850.048009
0.941248 0.017076 0.337283 0.194153 0.789816 -0.581804 -0.276326 0.613106 0.740098 -2.612569 -20.237496 850.048009
0.946118 0.033791 0.322053 0.174512 0.784554 -0.594997 -0.272773 0.619140 0.736384 -2.612569 -20.237496 850.048009
0.950853 0.051006 0.305414 0.153656 0.778604 -0.608412 -0.268829 0.625439 0.732500 -2.612569 -20.237496 850.048009
0.955365 0.068570 0.287359 0.131653 0.771948 -0.621903 -0.264470 0.631977 0.728465 -2.612569 -20.237496 850.048009
0.959574 0.086335 0.267887 0.108574 0.764576 -0.635323 -0.259671 0.638725 0.724294 -2.612569 -20.237496 850.048009
0.963398 0.104151 0.247014 0.084498 0.756489 -0.648524 -0.254408 0.645659 0.720000 -2.612569 -20.237496 850.048009
0.966762 0.121869 0.224765 0.059508 0.747701 -0.661363 -0.248656 0.652756 0.715597 -2.612569 -20.237496 850.048009
0.969593 0.139342 0.201179 0.033692 0.738236 -0.673700 -0.242392 0.659993 0.711094 -2.612569 -20.237496 850.048009
0.971826 0.156428 0.176309 0.007143 0.728131 -0.685401 -0.235592 0.667349 0.706499 -2.612569 -20.237496 850.048009
0.973400 0.172992 0.150222 -0.020039 0.717435 -0.696338 -0.228235 0.674805 0.701817 -2.612569 -20.237496 850.048009
0.974262 0.188906 0.122996 -0.047752 0.706206 -0.706394 -0.220302 0.682339 0.697051 -2.612569 -20.237496 850.048009
0.974367 0.204049 0.094723 -0.075890 0.694517 -0.715462 -0.211776 0.689934 0.692200 -2.612569 -20.237496 850.048009
0.973678 0.218312 0.065506 -0.104343 0.682448 -0.723448 -0.202642 0.697571 0.687264 -2.612569 -20.237496 850.048009
0.972165 0.231599 0.035458 -0.132999 0.670086 -0.730271 -0.192890 0.705228 0.682236 -2.612569 -20.237496 850.048009
0.969808 0.243824 0.004703 -0.161744 0.657527 -0.735865 -0.182514 0.712887 0.677112 -2.612569 -20.237496 850.048009
0.966596 0.254917 -0.026631 -0.190463 0.644872 -0.740178 -0.171511 0.720525 0.671883 -2.612569 -20.237496 850.048009
0.962527 0.264822 -0.058407 -0.219042 0.632225 -0.743177 -0.159883 0.728121 0.666541 -2.612569 -20.237496 850.048009
0.957608 0.273495 -0.090488 -0.247369 0.619692 -0.744843 -0.147637 0.735651 0.661076 -2.612569 -20.237496 850.048009
0.951854 0.280912 -0.122731 -0.275332 0.607377 -0.745175 -0.134785 0.743089 0.655478 -2.612569 -20.237496 850.048009
0.945290 0.287060 -0.154996 -0.302825 0.595384 -0.744188 -0.121345 0.750410 0.649739 -2.612569 -20.237496 850.048009
0.937948 0.291943 -0.187144 -0.329745 0.583811 -0.741912 -0.107339 0.757585 0.643851 -2.612569 -20.237496 850.048009
0.929870 0.295576 -0.219038 -0.355993 0.572751 -0.738393 -0.092797 0.764586 0.637807 -2.612569 -20.237496 850.048009
0.921101 0.297990 -0.250549 -0.381480 0.562290 -0.733691 -0.077752 0.771383 0.631603 -2.612569 -20.237496 850.048009
0.911697 0.299227 -0.281552 -0.406121 0.552503 -0.727878 -0.062242 0.777949 0.625238 -2.612569 -20.237496 850.048009
0.901717 0.299341 -0.311933 -0.429840 0.543456 -0.721036 -0.046313 0.784252 0.618712 -2.612569 -20.237496 850.048009
0.891224 0.298394 -0.341586 -0.452569 0.535204 -0.713259 -0.030014 0.790264 0.612031 -2.612569 -20.237496 850.048009
0.880288 0.296457 -0.370414 -0.474251 0.527790 -0.704645 -0.013397 0.795959 0.605202 -2.612569 -20.237496 850.048009
0.868980 0.293610 -0.398331 -0.494836 0.521243 -0.695301 0.003480 0.801311 0.598238 -2.612569 -20.237496 850.048009
0.857373 0.289935 -0.425265 -0.514286 0.515581 -0.685337 0.020555 0.806296 0.591154 -2.612569 -20.237496 850.048009
0.845542 0.285520 -0.451151 -0.532572 0.510809 -0.674864 0.037764 0.810896 0.583970 -2.612569 -20.237496 850.048009
0.833563 0.280456 -0.475939 -0.549676 0.506919 -0.663995 0.055041 0.815094 0.576709 -2.612569 -20.237496 850.048009
0.821511 0.274833 -0.499587 -0.565589 0.503893 -0.652841 0.072316 0.818877 0.569396 -2.612569 -20.237496 850.048009
0.809459 0.268743 -0.522067 -0.580313 0.501700 -0.641510 0.089520 0.822238 0.562060 -2.612569 -20.237496 850.048009
0.797479 0.262276 -0.543358 -0.593858 0.500299 -0.630105 0.106580 0.825174 0.554733 -2.612569 -20.237496 850.048009
0.785642 0.255521 -0.563450 -0.606245 0.499643 -0.618728 0.123426 0.827687 0.547449 -2.612569 -20.237496 850.048009
0.774012 0.248564 -0.582341 -0.617502 0.499673 -0.607469 0.139985 0.829785 0.540242 -2.612569 -20.237496 850.048009
0.762655 0.241486 -0.600035 -0.627665 0.500326 -0.596415 0.156188 0.831480 0.533148 -2.612569 -20.237496 850.048009
0.751628 0.234365 -0.616546 -0.636776 0.501533 -0.585646 0.171963 0.832789 0.526204 -2.612569 -20.237496 850.048009
0.740759 0.227122 -0.632212 -0.645054 0.503260 -0.575009 0.187570 0.833753 0.519300 -2.612569 -20.237496 850.048009
0.729847 0.219644 -0.647363 -0.652679 0.505518 -0.564323 0.203303 0.834391 0.512308 -2.612569 -20.237496 850.048009
0.718912 0.211952 -0.661998 -0.659650 0.508298 -0.553620 0.219151 0.834691 0.505236 -2.612569 -20.237496 850.048009
0.707970 0.204067 -0.676118 -0.665962 0.511590 -0.542928 0.235101 0.834645 0.498091 -2.612569 -20.237496 850.048009
0.697039 0.196009 -0.689723 -0.671614 0.515382 -0.532274 0.251140 0.834243 0.490884 -2.612569 -20.237496 850.048009
0.686135 0.187798 -0.702816 -0.676604 0.519663 -0.521687 0.267256 0.833476 0.483624 -2.612569 -20.237496 850.048009
0.675277 0.179453 -0.715400 -0.680930 0.524419 -0.511193 0.283434 0.832335 0.476323 -2.612569 -20.237496 850.048009
0.664480 0.170992 -0.727480 -0.684593 0.529635 -0.500818 0.299663 0.830812 0.468992 -2.612569 -20.237496 850.048009
0.653762 0.162432 -0.739061 -0.687594 0.535294 -0.490587 0.315928 0.828900 0.461642 -2.612569 -20.237496 850.048009
0.643138 0.153791 -0.750148 -0.689932 0.541381 -0.480522 0.332215 0.826593 0.454288 -2.612569 -20.237496 850.048009
0.632626 0.145083 -0.760746 -0.691610 0.547875 -0.470647 0.348511 0.823883 0.446941 -2.612569 -20.237496 850.048009
0.622241 0.136324 -0.770865 -0.692630 0.554760 -0.460983 0.364802 0.820766 0.439616 -2.612569 -20.237496 850.048009
0.611998 0.127527 -0.780510 -0.692995 0.562014 -0.451551 0.381073 0.817237 0.432327 -2.612569 -20.237496 850.048009
0.601914 0.118706 -0.789689 -0.692709 0.569618 -0.442369 0.397309 0.813292 0.425090 -2.612569 -20.237496 850.048009
0.592002 0.109874 -0.798412 -0.691776 0.577549 -0.433455 0.413497 0.808928 0.417918 -2.612569 -20.237496 850.048009
0.582279 0.101040 -0.806686 -0.690201 0.585786 -0.424826 0.429621 0.804143 0.410829 -2.612569 -20.237496 850.048009
0.572757 0.092216 -0.814521 -0.687990 0.594306 -0.416498 0.445667 0.798934 0.403837 -2.612569 -20.237496 850.048009
0.563452 0.083412 -0.821927 -0.685148 0.603087 -0.408484 0.461621 0.793303 0.396960 -2.612569 -20.237496 850.048009
0.554378 0.074635 -0.828912 -0.681683 0.612103 -0.400797 0.477466 0.787248 0.390214 -2.612569 -20.237496 850.048009
0.545546 0.065894 -0.835487 -0.677602 0.621333 -0.393448 0.493189 0.780771 0.383615 -2.612569 -20.237496 850.048009
0.536970 0.057195 -0.841660 -0.672912 0.630751 -0.386449 0.508775 0.773875 0.377182 -2.612569 -20.237496 850.048009
0.528664 0.048544 -0.847442 -0.667623 0.640333 -0.379806 0.524208 0.766562 0.370930 -2.612569 -20.237496 850.048009
0.520637 0.039946 -0.852843 -0.661744 0.650054 -0.373529 0.539473 0.758837 0.364877 -2.612569 -20.237496 850.048009
0.512903 0.031405 -0.857872 -0.655284 0.659891 -0.367623 0.554557 0.750705 0.359040 -2.612569 -20.237496 850.048009
0.505473 0.022926 -0.862538 -0.648254 0.669818 -0.362092 0.569442 0.742171 0.353436 -2.612569 -20.237496 850.048009
0.498356 0.014509 -0.866851 -0.640663 0.679811 -0.356941 0.584116 0.733244 0.348083 -2.612569 -20.237496 850.048009
0.491563 0.006157 -0.870820 -0.632525 0.689846 -0.352172 0.598563 0.723930 0.342998 -2.612569 -20.237496 850.048009
0.485105 -0.002129 -0.874454 -0.623849 0.699898 -0.347785 0.612769 0.714239 0.338196 -2.612569 -20.237496 850.048009
0.478989 -0.010348 -0.877760 -0.614650 0.709944 -0.343781 0.626718 0.704182 0.333695 -2.612569 -20.237496 850.048009
0.473225 -0.018502 -0.880747 -0.604938 0.719960 -0.340157 0.640397 0.693768 0.329511 -2.612569 -20.237496 850.048009
0.467820 -0.026590 -0.883423 -0.594729 0.729924 -0.336911 0.653790 0.683011 0.325659 -2.612569 -20.237496 850.048009
0.462783 -0.034615 -0.885795 -0.584035 0.739812 -0.334039 0.666885 0.671923 0.322156 -2.612569 -20.237496 850.048009
0.458121 -0.042579 -0.887870 -0.572870 0.749602 -0.331536 0.679666 0.660518 0.319016 -2.612569 -20.237496 850.048009
0.453839 -0.050485 -0.889652 -0.561249 0.759274 -0.329397 0.692119 0.648810 0.316254 -2.612569 -20.237496 850.048009
0.449944 -0.058335 -0.891149 -0.549188 0.768806 -0.327613 0.704232 0.636816 0.313883 -2.612569 -20.237496 850.048009
0.446442 -0.066133 -0.892366 -0.536701 0.778178 -0.326176 0.715990 0.624552 0.311918 -2.612569 -20.237496 850.048009
0.443336 -0.073883 -0.893305 -0.523804 0.787371 -0.325079 0.727381 0.612036 0.310370 -2.612569 -20.237496 850.048009
0.440632 -0.081589 -0.893973 -0.510513 0.796367 -0.324309 0.738390 0.599286 0.309252 -2.612569 -20.237496 850.048009
0.438332 -0.089257 -0.894370 -0.496845 0.805147 -0.323857 0.749006 0.586321 0.308575 -2.612569 -20.237496 850.048009
0.436441 -0.096890 -0.894501 -0.482817 0.813695 -0.323711 0.759215 0.573161 0.308350 -2.612569 -20.237496 850.048009
0.434960 -0.104493 -0.894366 -0.468445 0.821995 -0.323857 0.769006 0.559826 0.308585 -2.612569 -20.237496 850.048009
0.433891 -0.112072 -0.893968 -0.453746 0.830033 -0.324284 0.778366 0.546339 0.309291 -2.612569 -20.237496 850.048009
0.433236 -0.119631 -0.893306 -0.438739 0.837793 -0.324977 0.787283 0.532720 0.310475 -2.612569 -20.237496 850.048009
0.432995 -0.127177 -0.892380 -0.423441 0.845265 -0.325922 0.795747 0.518993 0.312143 -2.612569 -20.237496 850.048009
0.433168 -0.134713 -0.891189 -0.407871 0.852435 -0.327103 0.803745 0.505180 0.314303 -2.612569 -20.237496 850.048009
0.433756 -0.142245 -0.889732 -0.392045 0.859293 -0.328506 0.811268 0.491306 0.316957 -2.612569 -20.237496 850.048009
0.434756 -0.149777 -0.888006 -0.375984 0.865830 -0.330114 0.818305 0.477395 0.320111 -2.612569 -20.237496 850.048009
0.436167 -0.157314 -0.886008 -0.359705 0.872036 -0.331911 0.824845 0.463470 0.323767 -2.612569 -20.237496 850.048009
0.437988 -0.164861 -0.883735 -0.343228 0.877906 -0.333881 0.830880 0.449558 0.327927 -2.612569 -20.237496 850.048009
0.440214 -0.172422 -0.881183 -0.326571 0.883431 -0.336007 0.836399 0.435683 0.332591 -2.612569 -20.237496 850.048009
0.442841 -0.179990 -0.878348 -0.309753 0.888612 -0.338263 0.841395 0.421868 0.337762 -2.612569 -20.237496 850.048009
0.445866 -0.187564 -0.875228 -0.292793 0.893446 -0.340625 0.845858 0.408134 0.343440 -2.612569 -20.237496 850.048009
0.449282 -0.195147 -0.871816 -0.275711 0.897932 -0.343078 0.849782 0.394508 0.349621 -2.612569 -20.237496 850.048009
0.453085 -0.202744 -0.868107 -0.258526 0.902065 -0.345606 0.853158 0.381017 0.356297 -2.612569 -20.237496 850.048009
0.457267 -0.210361 -0.864092 -0.241257 0.905845 -0.348196 0.855980 0.367687 0.363462 -2.612569 -20.237496 850.048009
0.461822 -0.218001 -0.859765 -0.223923 0.909271 -0.350834 0.858242 0.354544 0.371107 -2.612569 -20.237496 850.048009
0.466743 -0.225666 -0.855117 -0.206543 0.912346 -0.353505 0.859937 0.341614 0.379222 -2.612569 -20.237496 850.048009
0.472022 -0.233360 -0.850140 -0.189136 0.915070 -0.356196 0.861059 0.328924 0.387796 -2.612569 -20.237496 850.048009
0.477649 -0.241083 -0.844825 -0.171720 0.917446 -0.358894 0.861605 0.316499 0.396819 -2.612569 -20.237496 850.048009
0.483617 -0.248837 -0.839163 -0.154316 0.919479 -0.361587 0.861569 0.304366 0.406276 -2.612569 -20.237496 850.048009
0.489915 -0.256622 -0.833144 -0.136941 0.921173 -0.364262 0.860947 0.292549 0.416155 -2.612569 -20.237496 850.048009
0.496534 -0.264436 -0.826758 -0.119614 0.922535 -0.366908 0.859737 0.281073 0.426440 -2.612569 -20.237496 850.048009
0.503462 -0.272278 -0.819994 -0.102353 0.923571 -0.369514 0.857934 0.269964 0.437114 -2.612569 -20.237496 850.048009
0.510688 -0.280146 -0.812844 -0.085176 0.924289 -0.372069 0.855536 0.259246 0.448162 -2.612569 -20.237496 850.048009
0.518202 -0.288036 -0.805296 -0.068101 0.924696 -0.374565 0.852543 0.248941 0.459564 -2.612569 -20.237496 850.048009
0.525991 -0.295942 -0.797340 -0.051146 0.924804 -0.376991 0.848951 0.239074 0.471302 -2.612569 -20.237496 850.048009
0.534042 -0.303860 -0.788966 -0.034327 0.924620 -0.379341 0.844761 0.229667 0.483355 -2.612569 -20.237496 850.048009
0.542343 -0.311783 -0.780164 -0.017663 0.924156 -0.381607 0.839972 0.220742 0.495702 -2.612569 -20.237496 850.048009
0.550880 -0.319704 -0.770922 -0.001170 0.923423 -0.383782 0.834584 0.212320 0.508321 -2.612569 -20.237496 850.048009
0.559640 -0.327612 -0.761232 0.015136 0.922433 -0.385861 0.828598 0.204421 0.521189 -2.612569 -20.237496 850.048009
0.568608 -0.335500 -0.751083 0.031239 0.921198 -0.387838 0.822016 0.197065 0.534281 -2.612569 -20.237496 850.048009
0.577770 -0.343355 -0.740466 0.047123 0.919731 -0.389711 0.814839 0.190270 0.547572 -2.612569 -20.237496 850.048009
0.587111 -0.351166 -0.729372 0.062772 0.918045 -0.391476 0.807069 0.184056 0.561037 -2.612569 -20.237496 850.048009
0.596616 -0.358910 -0.717797 0.078172 0.916158 -0.393119 0.798711 0.178429 0.574652 -2.612569 -20.237496 850.048009
0.606270 -0.366563 -0.705739 0.093309 0.914092 -0.394625 0.789766 0.173398 0.588390 -2.612569 -20.237496 850.048009
0.616057 -0.374109 -0.693193 0.108167 0.911861 -0.395991 0.780240 0.168972 0.602225 -2.612569 -20.237496 850.048009
0.625960 -0.381529 -0.680154 0.122734 0.909482 -0.397214 0.770136 0.165162 0.616126 -2.612569 -20.237496 850.048009
0.635965 -0.388806 -0.666617 0.136996 0.906969 -0.398295 0.759461 0.161978 0.630066 -2.612569 -20.237496 850.048009
0.646054 -0.395922 -0.652580 0.150941 0.904339 -0.399233 0.748219 0.159425 0.644013 -2.612569 -20.237496 850.048009
0.656210 -0.402856 -0.638040 0.164557 0.901608 -0.400030 0.736416 0.157510 0.657937 -2.612569 -20.237496 850.048009
0.666418 -0.409590 -0.622996 0.177831 0.898791 -0.400687 0.724060 0.156237 0.671808 -2.612569 -20.237496 850.048009
0.676659 -0.416102 -0.607447 0.190753 0.895905 -0.401208 0.711158 0.155609 0.685595 -2.612569 -20.237496 850.048009
0.686918 -0.422371 -0.591394 0.203311 0.892963 -0.401599 0.697717 0.155628 0.699265 -2.612569 -20.237496 850.048009
0.697176 -0.428375 -0.574840 0.215497 0.889982 -0.401863 0.683745 0.156293 0.712787 -2.612569 -20.237496 850.048009
0.707416 -0.434093 -0.557787 0.227300 0.886975 -0.402008 0.669252 0.157602 0.726129 -2.612569 -20.237496 850.048009
0.717621 -0.439503 -0.540238 0.238711 0.883957 -0.402040 0.654245 0.159552 0.739261 -2.612569 -20.237496 850.048009
0.727774 -0.444580 -0.522200 0.249722 0.880942 -0.401969 0.638736 0.162138 0.752149 -2.612569 -20.237496 850.048009
0.737857 -0.449304 -0.503679 0.260325 0.877943 -0.401804 0.622734 0.165354 0.764762 -2.612569 -20.237496 850.048009
0.747853 -0.453649 -0.484683 0.270513 0.874972 -0.401555 0.606249 0.169191 0.777069 -2.612569 -20.237496 850.048009
0.757745 -0.457594 -0.465221 0.280279 0.872042 -0.401232 0.589294 0.173640 0.789039 -2.612569 -20.237496 850.048009
0.767514 -0.461115 -0.445303 0.289617 0.869162 -0.400848 0.571878 0.178689 0.800641 -2.612569 -20.237496 850.048009
0.777144 -0.464189 -0.424941 0.298522 0.866344 -0.400415 0.554014 0.184326 0.811845 -2.612569 -20.237496 850.048009
0.786618 -0.466793 -0.404149 0.306989 0.863597 -0.399947 0.535715 0.190536 0.822621 -2.612569 -20.237496 850.048009
0.795918 -0.468904 -0.382940 0.315014 0.860930 -0.399458 0.516992 0.197304 0.832941 -2.612569 -20.237496 850.048009
0.805028 -0.470499 -0.361331 0.322592 0.858350 -0.398961 0.497860 0.204612 0.842775 -2.612569 -20.237496 850.048009
0.813931 -0.471557 -0.339339 0.329722 0.855864 -0.398473 0.478331 0.212442 0.852096 -2.612569 -20.237496 850.048009
0.822610 -0.472055 -0.316982 0.336401 0.853477 -0.398009 0.458419 0.220773 0.860878 -2.612569 -20.237496 850.048009
0.831049 -0.471972 -0.294280 0.342626 0.851196 -0.397584 0.438139 0.229584 0.869095 -2.612569 -20.237496 850.048009
0.839231 -0.471287 -0.271255 0.348398 0.849022 -0.397216 0.417505 0.238851 0.876721 -2.612569 -20.237496 850.048009
0.847142 -0.469981 -0.247929 0.353715 0.846959 -0.396921 0.396531 0.248552 0.883734 -2.612569 -20.237496 850.048009
0.854764 -0.468034 -0.224326 0.358577 0.845008 -0.396715 0.375234 0.258660 0.890109 -2.612569 -20.237496 850.048009
0.862084 -0.465428 -0.200471 0.362987 0.843170 -0.396616 0.353627 0.269148 0.895827 -2.612569 -20.237496 850.048009
0.869085 -0.462145 -0.176390 0.366944 0.841444 -0.396642 0.331728 0.279990 0.900867 -2.612569 -20.237496 850.048009
0.875753 -0.458168 -0.152111 0.370451 0.839827 -0.396808 0.309552 0.291157 0.905210 -2.612569 -20.237496 850.048009
0.882074 -0.453483 -0.127663 0.373510 0.838317 -0.397133 0.287115 0.302618 0.908839 -2.612569 -20.237496 850.048009
0.888034 -0.448074 -0.103075 0.376125 0.836910 -0.397633 0.264433 0.314343 0.911736 -2.612569 -20.237496 850.048009
0.893619 -0.441929 -0.078378 0.378299 0.835599 -0.398326 0.241524 0.326301 0.913889 -2.612569 -20.237496 850.048009
0.898817 -0.435035 -0.053604 0.380038 0.834380 -0.399226 0.218403 0.338460 0.915284 -2.612569 -20.237496 850.048009
0.903613 -0.427382 -0.028786 0.381345 0.833243 -0.400352 0.195089 0.350786 0.915909 -2.612569 -20.237496 850.048009
0.907996 -0.418960 -0.003958 0.382227 0.832181 -0.401718 0.171598 0.363246 0.915755 -2.612569 -20.237496 850.048009
0.911954 -0.409762 0.020846 0.382690 0.831183 -0.403340 0.147946 0.375805 0.914813 -2.612569 -20.237496 850.048009
0.915476 -0.399781 0.045591 0.382739 0.830239 -0.405233 0.124153 0.388430 0.913076 -2.612569 -20.237496 850.048009
0.918551 -0.389013 0.070240 0.382384 0.829337 -0.407410 0.100235 0.401085 0.910540 -2.612569 -20.237496 850.048009
0.921168 -0.377453 0.094757 0.381630 0.828464 -0.409885 0.076210 0.413735 0.907202 -2.612569 -20.237496 850.048009
0.923318 -0.365101 0.119105 0.380488 0.827606 -0.412672 0.052095 0.426345 0.903059 -2.612569 -20.237496 850.048009
0.924990 -0.351957 0.143246 0.378964 0.826748 -0.415781 0.027909 0.438879 0.898113 -2.612569 -20.237496 850.048009
0.926178 -0.338022 0.167142 0.377070 0.825875 -0.419224 0.003669 0.451300 0.892365 -2.612569 -20.237496 850.048009
0.926871 -0.323299 0.190755 0.374814 0.824970 -0.423012 -0.020608 0.463575 0.885818 -2.612569 -20.237496 850.048009
0.927063 -0.307795 0.214048 0.372207 0.824016 -0.427152 -0.044903 0.475667 0.878479 -2.612569 -20.237496 850.048009
0.926746 -0.291516 0.236980 0.369259 0.822996 -0.431654 -0.069199 0.487541 0.870354 -2.612569 -20.237496 850.048009
0.925915 -0.274471 0.259513 0.365982 0.821890 -0.436524 -0.093478 0.499162 0.861452 -2.612569 -20.237496 850.048009
0.924563 -0.256670 0.281610 0.362388 0.820680 -0.441769 -0.117723 0.510495 0.851784 -2.612569 -20.237496 850.048009
0.922685 -0.238125 0.303232 0.358488 0.819344 -0.447396 -0.141915 0.521510 0.841361 -2.612569 -20.237496 850.048009
0.920276 -0.218849 0.324342 0.354294 0.817860 -0.453410 -0.166038 0.532175 0.830194 -2.612569 -20.237496 850.048009
0.917332 -0.198858 0.344902 0.349820 0.816208 -0.459816 -0.190073 0.542458 0.818298 -2.612569 -20.237496 850.048009
0.913851 -0.178168 0.364874 0.345078 0.814365 -0.466616 -0.214005 0.552327 0.805690 -2.612569 -20.237496 850.048009
0.909829 -0.156798 0.384222 0.340082 0.812310 -0.473810 -0.237815 0.561753 0.792387 -2.612569 -20.237496 850.048009
0.905264 -0.134769 0.402908 0.334847 0.810021 -0.481397 -0.261487 0.570704 0.778410 -2.612569 -20.237496 850.048009
0.900155 -0.112102 0.420897 0.329384 0.807475 -0.489377 -0.285004 0.579152 0.763777 -2.612569 -20.237496 850.048009
0.894501 -0.088822 0.438154 0.323711 0.804650 -0.497745 -0.308350 0.587069 0.748513 -2.612569 -20.237496 850.048009
0.888302 -0.064954 0.454643 0.317840 0.801523 -0.506497 -0.331507 0.594426 0.732639 -2.612569 -20.237496 850.048009
0.881559 -0.040526 0.470331 0.311786 0.798071 -0.515628 -0.354461 0.601199 0.716182 -2.612569 -20.237496 850.048009
0.874273 -0.015566 0.485185 0.305565 0.794273 -0.525129 -0.377195 0.607362 0.699168 -2.612569 -20.237496 850.048009
0.866446 0.009896 0.499173 0.299193 0.790106 -0.534991 -0.399694 0.612890 0.681624 -2.612569 -20.237496 850.048009
0.858080 0.035827 0.512264 0.292684 0.785549 -0.545206 -0.421941 0.617762 0.663578 -2.612569 -20.237496 850.048009
0.849179 0.062193 0.524430 0.286053 0.780579 -0.555760 -0.443923 0.621955 0.645061 -2.612569 -20.237496 850.048009
0.839747 0.088961 0.535641 0.279318 0.775176 -0.566642 -0.465625 0.625450 0.626103 -2.612569 -20.237496 850.048009
0.829788 0.116093 0.545871 0.272493 0.769319 -0.577837 -0.487032 0.628228 0.606737 -2.612569 -20.237496 850.048009
0.819307 0.143552 0.555094 0.265595 0.762988 -0.589329 -0.508129 0.630271 0.586995 -2.612569 -20.237496 850.048009
0.808310 0.171299 0.563286 0.258640 0.756163 -0.601101 -0.528904 0.631564 0.566910 -2.612569 -20.237496 850.048009
0.796805 0.199294 0.570424 0.251643 0.748827 -0.613135 -0.549343 0.632092 0.546518 -2.612569 -20.237496 850.048009
0.784797 0.227495 0.576489 0.244621 0.740959 -0.625412 -0.569433 0.631843 0.525853 -2.612569 -20.237496 850.048009
0.772296 0.255860 0.581459 0.237590 0.732545 -0.637910 -0.589161 0.630804 0.504951 -2.612569 -20.237496 850.048009
0.759308 0.284346 0.585319 0.230566 0.723567 -0.650608 -0.608515 0.628967 0.483850 -2.612569 -20.237496 850.048009
0.745844 0.312907 0.588053 0.223565 0.714009 -0.663483 -0.627484 0.626322 0.462585 -2.612569 -20.237496 850.048009
0.731913 0.341499 0.589646 0.216602 0.703859 -0.676510 -0.646055 0.622865 0.441194 -2.612569 -20.237496 850.048009
0.717525 0.370075 0.590087 0.209695 0.693103 -0.689664 -0.664218 0.618589 0.419716 -2.612569 -20.237496 850.048009
0.702691 0.398589 0.589366 0.202859 0.681728 -0.702919 -0.681963 0.613493 0.398188 -2.612569 -20.237496 850.048009
0.687423 0.426992 0.587475 0.196109 0.669725 -0.716247 -0.699279 0.607573 0.376648 -2.612569 -20.237496 850.048009
0.671732 0.455238 0.584409 0.189460 0.657084 -0.729620 -0.716157 0.600832 0.355135 -2.612569 -20.237496 850.048009
0.655632 0.483278 0.580163 0.182929 0.643796 -0.743010 -0.732587 0.593270 0.333688 -2.612569 -20.237496 850.048009
0.639135 0.511063 0.574736 0.176531 0.629855 -0.756386 -0.748561 0.584891 0.312344 -2.612569 -20.237496 850.048009
0.622254 0.538543 0.568129 0.170279 0.615256 -0.769717 -0.764071 0.575701 0.291143 -2.612569 -20.237496 850.048009
0.605005 0.565670 0.560345 0.164190 0.599995 -0.782974 -0.779109 0.565706 0.270122 -2.612569 -20.237496 850.048009
0.587401 0.592395 0.551388 0.158278 0.584069 -0.796123 -0.793668 0.554915 0.249320 -2.612569 -20.237496 850.048009
0.569457 0.618668 0.541265 0.152556 0.567478 -0.809132 -0.807741 0.543340 0.228773 -2.612569 -20.237496 850.048009
0.551190 0.644440 0.529986 0.147039 0.550223 -0.821970 -0.821321 0.530991 0.208520 -2.612569 -20.237496 850.048009
0.532616 0.669663 0.517563 0.141741 0.532306 -0.834602 -0.834404 0.517882 0.188596 -2.612569 -20.237496 850.048009
0.513750 0.694288 0.504009 0.136674 0.513731 -0.846995 -0.846984 0.504029 0.169038 -2.612569 -20.237496 850.048009
0.494610 0.718267 0.489340 0.131851 0.494503 -0.859117 -0.859056 0.489448 0.149882 -2.612569 -20.237496 850.048009
0.475213 0.741553 0.473575 0.127286 0.474631 -0.870933 -0.870616 0.474157 0.131161 -2.612569 -20.237496 850.048009
0.455576 0.764098 0.456733 0.122990 0.454123 -0.882409 -0.881660 0.458178 0.112911 -2.612569 -20.237496 850.048009
0.435718 0.785857 0.438838 0.118975 0.432990 -0.893513 -0.892186 0.441530 0.095164 -2.612569 -20.237496 850.048009
0.415656 0.806785 0.419914 0.115253 0.411244 -0.904210 -0.902190 0.424237 0.077952 -2.612569 -20.237496 850.048009
0.395410 0.826837 0.399989 0.111834 0.388899 -0.914467 -0.911671 0.406322 0.061306 -2.612569 -20.237496 850.048009
0.374999 0.845971 0.379090 0.108729 0.365972 -0.924252 -0.920627 0.387812 0.045258 -2.612569 -20.237496 850.048009
0.354441 0.864143 0.357250 0.105948 0.342480 -0.933532 -0.929057 0.368732 0.029835 -2.612569 -20.237496 850.048009
0.333756 0.881315 0.334501 0.103501 0.318442 -0.942275 -0.936960 0.349111 0.015065 -2.612569 -20.237496 850.048009
0.312964 0.897445 0.310878 0.101397 0.293879 -0.950449 -0.944337 0.328979 0.000976 -2.612569 -20.237496 850.048009
0.292085 0.912497 0.286418 0.099643 0.268813 -0.958024 -0.951187 0.308364 -0.012408 -2.612569 -20.237496 850.048009
0.271138 0.926434 0.261159 0.098250 0.243268 -0.964970 -0.957513 0.287299 -0.025062 -2.612569 -20.237496 850.048009
0.250144 0.939221 0.235143 0.097223 0.217271 -0.971258 -0.963315 0.265816 -0.036964 -2.612569 -20.237496 850.048009
0.229124 0.950823 0.208415 0.096570 0.190851 -0.976857 -0.968595 0.243948 -0.048092 -2.612569 -20.237496 850.048009
0.208097 0.961211 0.181023 0.096297 0.164042 -0.981742 -0.973356 0.221730 -0.058425 -2.612569 -20.237496 850.048009
0.187085 0.970354 0.153012 0.096411 0.136873 -0.985886 -0.977601 0.199197 -0.067946 -2.612569 -20.237496 850.048009
0.166108 0.978225 0.124431 0.096916 0.109378 -0.989264 -0.981333 0.176384 -0.076637 -2.612569 -20.237496 850.048009
0.145186 0.984801 0.095328 0.097818 0.081590 -0.991854 -0.984557 0.153328 -0.084486 -2.612569 -20.237496 850.048009
0.124341 0.990058 0.065754 0.099121 0.053542 -0.993634 -0.987276 0.130067 -0.091478 -2.612569 -20.237496 850.048009
0.103593 0.993977 0.035759 0.100828 0.025272 -0.994583 -0.989496 0.106637 -0.097603 -2.612569 -20.237496 850.048009
0.082962 0.996538 0.005396 0.102942 -0.003184 -0.994682 -0.991222 0.083076 -0.102850 -2.612569 -20.237496 850.048009
0.062470 0.997727 -0.025281 0.105466 -0.031787 -0.993915 -0.992459 0.059424 -0.107212 -2.612569 -20.237496 850.048009
0.042137 0.997529 -0.056217 0.108401 -0.060500 -0.992265 -0.993214 0.035717 -0.110683 -2.612569 -20.237496 850.048009
0.021983 0.995934 -0.087359 0.111750 -0.089281 -0.989718 -0.993493 0.011994 -0.113258 -2.612569 -20.237496 850.048009
0.002028 0.992934 -0.118650 0.115511 -0.118089 -0.986262 -0.993304 -0.011705 -0.114935 -2.612569 -20.237496 850.048009
-0.017706 0.988522 -0.150034 0.119686 -0.146883 -0.981886 -0.992654 -0.035343 -0.115712 -2.612569 -20.237496 850.048009
-0.037201 0.982695 -0.181455 0.124274 -0.175621 -0.976582 -0.991550 -0.058880 -0.115590 -2.612569 -20.237496 850.048009
-0.056436 0.975453 -0.212854 0.129273 -0.204260 -0.970343 -0.990002 -0.082279 -0.114573 -2.612569 -20.237496 850.048009
-0.075392 0.966796 -0.244176 0.134682 -0.232756 -0.963164 -0.988017 -0.105501 -0.112663 -2.612569 -20.237496 850.048009
-0.094049 0.956729 -0.275362 0.140499 -0.261065 -0.955042 -0.985604 -0.128509 -0.109866 -2.612569 -20.237496 850.048009
-0.112389 0.945259 -0.306356 0.146719 -0.289144 -0.945975 -0.982773 -0.151266 -0.106191 -2.612569 -20.237496 850.048009
-0.130392 0.932395 -0.337100 0.153340 -0.316947 -0.935965 -0.979533 -0.173734 -0.101646 -2.612569 -20.237496 850.048009
-0.148040 0.918150 -0.367538 0.160357 -0.344431 -0.925015 -0.975894 -0.195877 -0.096242 -2.612569 -20.237496 850.048009
-0.165316 0.902538 -0.397614 0.167766 -0.371551 -0.913129 -0.971867 -0.217660 -0.089992 -2.612569 -20.237496 850.048009
-0.182200 0.885575 -0.427270 0.175560 -0.398262 -0.900315 -0.967462 -0.239049 -0.082908 -2.612569 -20.237496 850.048009
-0.198675 0.867283 -0.456453 0.183734 -0.424520 -0.886580 -0.962689 -0.260008 -0.075008 -2.612569 -20.237496 850.048009
-0.214725 0.847682 -0.485107 0.192282 -0.450281 -0.871937 -0.957560 -0.280504 -0.066307 -2.612569 -20.237496 850.048009
-0.230333 0.826798 -0.513179 0.201195 -0.475502 -0.856399 -0.952086 -0.300506 -0.056824 -2.612569 -20.237496 850.048009
-0.245483 0.804657 -0.540615 0.210466 -0.500139 -0.839979 -0.946278 -0.319982 -0.046578 -2.612569 -20.237496 850.048009
-0.260158 0.781290 -0.567366 0.220088 -0.524149 -0.822696 -0.940149 -0.338901 -0.035591 -2.612569 -20.237496 850.048009
-0.274344 0.756727 -0.593380 0.230050 -0.547491 -0.804568 -0.933709 -0.357235 -0.023884 -2.612569 -20.237496 850.048009
-0.288025 0.731004 -0.618607 0.240344 -0.570124 -0.785616 -0.926972 -0.374955 -0.011482 -2.612569 -20.237496 850.048009
-0.301187 0.704156 -0.643001 0.250959 -0.592007 -0.765863 -0.919949 -0.392035 0.001591 -2.612569 -20.237496 850.048009
-0.313817 0.676222 -0.666515 0.261885 -0.613102 -0.745334 -0.912653 -0.408449 0.015309 -2.612569 -20.237496 850.048009
-0.325901 0.647242 -0.689105 0.273111 -0.633368 -0.724055 -0.905096 -0.424173 0.029646 -2.612569 -20.237496 850.048009
-0.337427 0.617259 -0.710728 0.284626 -0.652770 -0.702054 -0.897291 -0.439183 0.044574 -2.612569 -20.237496 850.048009
-0.348381 0.586318 -0.731342 0.296417 -0.671272 -0.679361 -0.889251 -0.453459 0.060064 -2.612569 -20.237496 850.048009
-0.358753 0.554465 -0.750909 0.308473 -0.688838 -0.656008 -0.880988 -0.466980 0.076086 -2.612569 -20.237496 850.048009
-0.368532 0.521748 -0.769391 0.320779 -0.705436 -0.632029 -0.872516 -0.479728 0.092610 -2.612569 -20.237496 850.048009
-0.377707 0.488217 -0.786754 0.333324 -0.721034 -0.607458 -0.863847 -0.491685 0.109605 -2.612569 -20.237496 850.048009
-0.386269 0.453923 -0.802963 0.346093 -0.735601 -0.582332 -0.854995 -0.502836 0.127040 -2.612569 -20.237496 850.048009
-0.394207 0.418920 -0.817990 0.359072 -0.749110 -0.556689 -0.845972 -0.513167 0.144882 -2.612569 -20.237496 850.048009
-0.401514 0.383261 -0.831804 0.372246 -0.761533 -0.530567 -0.836791 -0.522666 0.163099 -2.612569 -20.237496 850.048009
-0.408182 0.347002 -0.844380 0.385600 -0.772845 -0.504007 -0.827466 -0.531320 0.181658 -2.612569 -20.237496 850.048009
-0.414204 0.310199 -0.855694 0.399121 -0.783023 -0.477052 -0.818008 -0.539122 0.200524 -2.612569 -20.237496 850.048009
-0.419573 0.272911 -0.865724 0.412790 -0.792045 -0.449743 -0.808432 -0.546062 0.219666 -2.612569 -20.237496 850.048009
-0.424283 0.235196 -0.874453 0.426594 -0.799893 -0.422124 -0.798750 -0.552136 0.239048 -2.612569 -20.237496 850.048009
-0.428329 0.197113 -0.881862 0.440515 -0.806549 -0.394241 -0.788975 -0.557338 0.258637 -2.612569 -20.237496 850.048009
-0.431706 0.158723 -0.887940 0.454537 -0.811997 -0.366138 -0.779119 -0.561665 0.278399 -2.612569 -20.237496 850.048009
-0.434411 0.120086 -0.892674 0.468643 -0.816225 -0.337862 -0.769195 -0.565117 0.298300 -2.612569 -20.237496 850.048009
-0.436441 0.081264 -0.896056 0.482817 -0.819220 -0.309460 -0.759215 -0.567692 0.318306 -2.612569 -20.237496 850.048009
-0.437792 0.042318 -0.898080 0.497041 -0.820976 -0.280980 -0.749192 -0.569393 0.338383 -2.612569 -20.237496 850.048009
-0.438465 0.003309 -0.898742 0.511297 -0.821483 -0.252469 -0.739137 -0.570223 0.358499 -2.612569 -20.237496 850.048009
-0.438456 -0.035703 -0.898043 0.525569 -0.820740 -0.223972 -0.729063 -0.570186 0.378623 -2.612569 -20.237496 850.048009
-0.437767 -0.074660 -0.895983 0.539838 -0.818743 -0.195535 -0.718982 -0.569285 0.398723 -2.612569 -20.237496 850.048009
-0.436397 -0.113500 -0.892567 0.554087 -0.815493 -0.167208 -0.708904 -0.567528 0.418768 -2.612569 -20.237496 850.048009
-0.434349 -0.152160 -0.887800 0.568297 -0.810991 -0.139038 -0.698842 -0.564925 0.438725 -2.612569 -20.237496 850.048009
-0.431622 -0.190581 -0.881692 0.582451 -0.805241 -0.111077 -0.688806 -0.561486 0.458564 -2.612569 -20.237496 850.048009
-0.428221 -0.228699 -0.874256 0.596530 -0.798248 -0.083371 -0.678807 -0.557222 0.478253 -2.612569 -20.237496 850.048009
-0.424148 -0.266456 -0.865506 0.610517 -0.790023 -0.055971 -0.668856 -0.552146 0.497762 -2.612569 -20.237496 850.048009
-0.419407 -0.303790 -0.855459 0.624393 -0.780575 -0.028925 -0.658962 -0.546274 0.517063 -2.612569 -20.237496 850.048009
-0.414003 -0.340643 -0.844135 0.638140 -0.769917 -0.002280 -0.649138 -0.539620 0.536126 -2.612569 -20.237496 850.048009
-0.407941 -0.376958 -0.831557 0.651739 -0.758066 0.023917 -0.639391 -0.532201 0.554924 -2.612569 -20.237496 850.048009
-0.401227 -0.412677 -0.817750 0.665173 -0.745039 0.049618 -0.629731 -0.524037 0.573431 -2.612569 -20.237496 850.048009
-0.393868 -0.447745 -0.802741 0.678424 -0.730855 0.074778 -0.620168 -0.515146 0.591621 -2.612569 -20.237496 850.048009
-0.385871 -0.482107 -0.786559 0.691473 -0.715537 0.099352 -0.610711 -0.505548 0.609470 -2.612569 -20.237496 850.048009
-0.377245 -0.515712 -0.769238 0.704304 -0.699110 0.123296 -0.601367 -0.495265 0.626953 -2.612569 -20.237496 850.048009
-0.367997 -0.548506 -0.750812 0.716897 -0.681598 0.146568 -0.592145 -0.484319 0.644049 -2.612569 -20.237496 850.048009
-0.358138 -0.580442 -0.731317 0.729237 -0.663031 0.169125 -0.583054 -0.472733 0.660736 -2.612569 -20.237496 850.048009
-0.347676 -0.611471 -0.710791 0.741304 -0.643439 0.190929 -0.574099 -0.460531 0.676995 -2.612569 -20.237496 850.048009
-0.336623 -0.641547 -0.689276 0.753083 -0.622854 0.211940 -0.565289 -0.447738 0.692805 -2.612569 -20.237496 850.048009
-0.324990 -0.670627 -0.666814 0.764556 -0.601310 0.232121 -0.556629 -0.434380 0.708151 -2.612569 -20.237496 850.048009
-0.312788 -0.698667 -0.643450 0.775706 -0.578843 0.251437 -0.548127 -0.420482 0.723016 -2.612569 -20.237496 850.048009
-0.300030 -0.725629 -0.619229 0.786518 -0.555490 0.269853 -0.539788 -0.406071 0.737384 -2.612569 -20.237496 850.048009
-0.286728 -0.751475 -0.594199 0.796975 -0.531290 0.287337 -0.531619 -0.391174 0.751242 -2.612569 -20.237496 850.048009
-0.272897 -0.776169 -0.568409 0.807061 -0.506283 0.303860 -0.523622 -0.375818 0.764578 -2.612569 -20.237496 850.048009
-0.258550 -0.799678 -0.541911 0.816760 -0.480512 0.319392 -0.515805 -0.360032 0.777381 -2.612569 -20.237496 850.048009
-0.243701 -0.821972 -0.514755 0.826059 -0.454019 0.333907 -0.508170 -0.343844 0.789642 -2.612569 -20.237496 850.048009
-0.228366 -0.843022 -0.486994 0.834941 -0.426850 0.347380 -0.500723 -0.327282 0.801351 -2.612569 -20.237496 850.048009
-0.212559 -0.862802 -0.458684 0.843392 -0.399049 0.359790 -0.493465 -0.310374 0.812502 -2.612569 -20.237496 850.048009
-0.196298 -0.881290 -0.429878 0.851400 -0.370664 0.371116 -0.486401 -0.293149 0.823090 -2.612569 -20.237496 850.048009
-0.179321 -0.898620 -0.400408 0.859068 -0.341373 0.381400 -0.479422 -0.275585 0.833191 -2.612569 -20.237496 850.048009
-0.161358 -0.914866 -0.370114 0.866466 -0.310859 0.390644 -0.472440 -0.257658 0.842860 -2.612569 -20.237496 850.048009
-0.142420 -0.929917 -0.339074 0.873520 -0.279185 0.398770 -0.465488 -0.239396 0.852063 -2.612569 -20.237496 850.048009
-0.122519 -0.943669 -0.307373 0.880158 -0.246421 0.405707 -0.458596 -0.220831 0.860769 -2.612569 -20.237496 850.048009
-0.101676 -0.956023 -0.275104 0.886308 -0.212642 0.411389 -0.451796 -0.201998 0.868952 -2.612569 -20.237496 850.048009
-0.079918 -0.966889 -0.242362 0.891900 -0.177934 0.415756 -0.445114 -0.182937 0.876588 -2.612569 -20.237496 850.048009
-0.057277 -0.976182 -0.209254 0.896866 -0.142387 0.418757 -0.438579 -0.163688 0.883660 -2.612569 -20.237496 850.048009
-0.033791 -0.983830 -0.175887 0.901138 -0.106100 0.420349 -0.432213 -0.144295 0.890152 -2.612569 -20.237496 850.048009
-0.009506 -0.989767 -0.142374 0.904654 -0.069175 0.420494 -0.426040 -0.124802 0.896055 -2.612569 -20.237496 850.048009
0.015528 -0.993939 -0.108830 0.907355 -0.031721 0.419167 -0.420079 -0.105256 0.901363 -2.612569 -20.237496 850.048009
0.041254 -0.996302 -0.075373 0.909184 0.006149 0.416349 -0.414346 -0.085704 0.906075 -2.612569 -20.237496 850.048009
0.067611 -0.996822 -0.042121 0.910091 0.044318 0.412033 -0.408857 -0.066192 0.910195 -2.612569 -20.237496 850.048009
0.094533 -0.995479 -0.009194 0.910029 0.082666 0.406218 -0.403621 -0.046767 0.913730 -2.612569 -20.237496 850.048009
0.121948 -0.992263 0.023292 0.908960 0.121074 0.398915 -0.398649 -0.027476 0.916692 -2.612569 -20.237496 850.048009
0.149782 -0.987176 0.055220 0.906848 0.159417 0.390144 -0.393944 -0.008360 0.919096 -2.612569 -20.237496 850.048009
0.177956 -0.980231 0.086478 0.903667 0.197575 0.379934 -0.389509 0.010536 0.920962 -2.612569 -20.237496 850.048009
0.206390 -0.971454 0.116959 0.899396 0.235426 0.368323 -0.385344 0.029174 0.922312 -2.612569 -20.237496 850.048009
0.235002 -0.960882 0.146560 0.894021 0.272851 0.355356 -0.381445 0.047518 0.923170 -2.612569 -20.237496 850.048009
0.263706 -0.948562 0.175182 0.887537 0.309734 0.341090 -0.377805 0.065533 0.923563 -2.612569 -20.237496 850.048009
0.292418 -0.934553 0.202737 0.879945 0.345962 0.325586 -0.374417 0.083191 0.923521 -2.612569 -20.237496 850.048009
0.321053 -0.918923 0.229143 0.871255 0.381429 0.308912 -0.371268 0.100464 0.923075 -2.612569 -20.237496 850.048009
0.349527 -0.901748 0.254324 0.861482 0.416033 0.291145 -0.368346 0.117333 0.922255 -2.612569 -20.237496 850.048009
0.377758 -0.883121 0.278201 0.850652 0.449672 0.272372 -0.365636 0.133762 0.921096 -2.612569 -20.237496 850.048009
0.405666 -0.863140 0.300707 0.838796 0.482257 0.252686 -0.363122 0.149726 0.919633 -2.612569 -20.237496 850.048009
0.433171 -0.841907 0.321801 0.825952 0.513708 0.232179 -0.360784 0.165219 0.917898 -2.612569 -20.237496 850.048009
0.460201 -0.819528 0.341451 0.812168 0.543955 0.210941 -0.358606 0.180240 0.915923 -2.612569 -20.237496 850.048009
0.486686 -0.796115 0.359637 0.797495 0.572937 0.189064 -0.356566 0.194794 0.913737 -2.612569 -20.237496 850.048009
0.512558 -0.771781 0.376348 0.781991 0.600600 0.166643 -0.354647 0.208887 0.911368 -2.612569 -20.237496 850.048009
0.537758 -0.746645 0.391584 0.765721 0.626898 0.143768 -0.352827 0.222532 0.908841 -2.612569 -20.237496 850.048009
0.562230 -0.720823 0.405353 0.748755 0.651796 0.120531 -0.351089 0.235744 0.906180 -2.612569 -20.237496 850.048009
0.585924 -0.694437 0.417672 0.731166 0.675266 0.097019 -0.349413 0.248542 0.903403 -2.612569 -20.237496 850.048009
0.608795 -0.667605 0.428570 0.713032 0.697287 0.073317 -0.347783 0.260949 0.900529 -2.612569 -20.237496 850.048009
0.630807 -0.640444 0.438081 0.694436 0.717850 0.049507 -0.346183 0.272989 0.897571 -2.612569 -20.237496 850.048009
0.651925 -0.613071 0.446248 0.675460 0.736950 0.025665 -0.344597 0.284692 0.894541 -2.612569 -20.237496 850.048009
0.672125 -0.585599 0.453124 0.656194 0.754590 0.001862 -0.343013 0.296086 0.891446 -2.612569 -20.237496 850.048009
0.691387 -0.558139 0.458765 0.636723 0.770783 -0.021836 -0.341420 0.307203 0.888290 -2.612569 -20.237496 850.048009
0.709696 -0.530797 0.463234 0.617139 0.785545 -0.045368 -0.339811 0.318077 0.885074 -2.612569 -20.237496 850.048009
0.727044 -0.503675 0.466603 0.597531 0.798899 -0.068679 -0.338177 0.328742 0.881796 -2.612569 -20.237496 850.048009
0.743429 -0.476870 0.468945 0.577989 0.810873 -0.091722 -0.336515 0.339234 0.878452 -2.612569 -20.237496 850.048009
0.758852 -0.450474 0.470338 0.558603 0.821500 -0.114455 -0.334824 0.349587 0.875033 -2.612569 -20.237496 850.048009
0.773321 -0.424572 0.470865 0.539461 0.830816 -0.136843 -0.333103 0.359837 0.871528 -2.612569 -20.237496 850.048009
0.786846 -0.399246 0.470611 0.520650 0.838861 -0.158856 -0.331355 0.370019 0.867923 -2.612569 -20.237496 850.048009
