0.985444 -0.000000 0.170003 0.074383 0.899199 -0.431171 -0.152867 0.437540 0.886110 -51.997739 -21.194920 774.920696
0.985563 0.000833 0.169308 0.073429 0.898946 -0.431861 -0.152558 0.438058 0.885907 -51.997739 -21.194920 774.920696
0.985910 0.003291 0.167243 0.070606 0.898192 -0.433897 -0.151644 0.439592 0.885304 -51.997739 -21.194920 774.920696
0.986461 0.007305 0.163832 0.065971 0.896935 -0.437214 -0.150141 0.442103 0.884309 -51.997739 -21.194920 774.920696
0.987182 0.012796 0.159088 0.059584 0.895165 -0.441734 -0.148062 0.445551 0.882928 -51.997739 -21.194920 774.920696
0.988028 0.019675 0.153012 0.051502 0.892866 -0.447369 -0.145421 0.449893 0.881163 -51.997739 -21.194920 774.920696
0.988951 0.027846 0.145601 0.041784 0.890012 -0.454018 -0.142229 0.455085 0.879015 -51.997739 -21.194920 774.920696
0.989894 0.037203 0.136845 0.030489 0.886578 -0.461573 -0.138495 0.461080 0.876484 -51.997739 -21.194920 774.920696
0.990793 0.047632 0.126732 0.017679 0.882535 -0.469915 -0.134228 0.467829 0.873567 -51.997739 -21.194920 774.920696
0.991582 0.059014 0.115249 0.003418 0.877852 -0.478919 -0.129435 0.475282 0.870261 -51.997739 -21.194920 774.920696
0.992192 0.071223 0.102386 -0.012227 0.872504 -0.488453 -0.124121 0.483387 0.866563 -51.997739 -21.194920 774.920696
0.992550 0.084127 0.088133 -0.029187 0.866468 -0.498379 -0.118292 0.492094 0.862468 -51.997739 -21.194920 774.920696
0.992583 0.097592 0.072489 -0.047389 0.859725 -0.508555 -0.111951 0.501348 0.857973 -51.997739 -21.194920 774.920696
0.992218 0.111478 0.055456 -0.066755 0.852264 -0.518836 -0.105102 0.511096 0.853073 -51.997739 -21.194920 774.920696
0.991384 0.125643 0.037048 -0.087203 0.844082 -0.529075 -0.097746 0.521286 0.847766 -51.997739 -21.194920 774.920696
0.990008 0.139945 0.017286 -0.108647 0.835187 -0.539127 -0.089885 0.531863 0.842047 -51.997739 -21.194920 774.920696
0.988026 0.154244 -0.003798 -0.130996 0.825595 -0.548848 -0.081520 0.542773 0.835914 -51.997739 -21.194920 774.920696
0.985372 0.168398 -0.026159 -0.154154 0.815332 -0.558095 -0.072654 0.553963 0.829365 -51.997739 -21.194920 774.920696
0.981989 0.182272 -0.049741 -0.178023 0.804439 -0.566733 -0.063286 0.565380 0.822399 -51.997739 -21.194920 774.920696
0.977825 0.195735 -0.074477 -0.202498 0.792964 -0.574633 -0.053418 0.576971 0.815016 -51.997739 -21.194920 774.920696
0.972833 0.208661 -0.100286 -0.227471 0.780969 -0.581674 -0.043053 0.588684 0.807216 -51.997739 -21.194920 774.920696
0.966974 0.220936 -0.127076 -0.252833 0.768523 -0.587748 -0.032193 0.600466 0.799002 -51.997739 -21.194920 774.920696
0.960219 0.232452 -0.154746 -0.278470 0.755709 -0.592755 -0.020844 0.612267 0.790377 -51.997739 -21.194920 774.920696
0.952544 0.243113 -0.183183 -0.304268 0.742614 -0.596611 -0.009009 0.624035 0.781344 -51.997739 -21.194920 774.920696
0.943937 0.252836 -0.212267 -0.330110 0.729336 -0.599247 0.003303 0.635722 0.771911 -51.997739 -21.194920 774.920696
0.934393 0.261551 -0.241868 -0.355880 0.715976 -0.600606 0.016083 0.647278 0.762084 -51.997739 -21.194920 774.920696
0.923918 0.269202 -0.271854 -0.381464 0.702640 -0.600652 0.029319 0.658656 0.751873 -51.997739 -21.194920 774.920696
0.912528 0.275747 -0.302088 -0.406749 0.689436 -0.599361 0.042998 0.669808 0.741289 -51.997739 -21.194920 774.920696
0.900245 0.281159 -0.332429 -0.431623 0.676471 -0.596731 0.057103 0.680688 0.730345 -51.997739 -21.194920 774.920696
0.887103 0.285426 -0.362739 -0.455981 0.663854 -0.592772 0.071613 0.691253 0.719056 -51.997739 -21.194920 774.920696
0.873146 0.288549 -0.392881 -0.479721 0.651686 -0.587514 0.086508 0.701459 0.707440 -51.997739 -21.194920 774.920696
0.858423 0.290547 -0.422720 -0.502747 0.640065 -0.581001 0.101760 0.711266 0.695518 -51.997739 -21.194920 774.920696
0.842993 0.291448 -0.452129 -0.524970 0.629081 -0.573292 0.117341 0.720636 0.683312 -51.997739 -21.194920 774.920696
0.826922 0.291294 -0.480987 -0.546309 0.618815 -0.564459 0.133218 0.729531 0.670848 -51.997739 -21.194920 774.920696
0.810280 0.290138 -0.509182 -0.566691 0.609340 -0.554587 0.149358 0.737919 0.658155 -51.997739 -21.194920 774.920696
0.793146 0.288043 -0.536610 -0.586051 0.600715 -0.543770 0.165721 0.745770 0.645263 -51.997739 -21.194920 774.920696
0.775601 0.285079 -0.563181 -0.604336 0.592988 -0.532112 0.182266 0.753057 0.632206 -51.997739 -21.194920 774.920696
0.757730 0.281325 -0.588814 -0.621502 0.586195 -0.519722 0.198949 0.759758 0.619021 -51.997739 -21.194920 774.920696
0.739620 0.276862 -0.613441 -0.637515 0.580358 -0.506715 0.215725 0.765854 0.605748 -51.997739 -21.194920 774.920696
0.721360 0.271777 -0.637006 -0.652351 0.575486 -0.493208 0.232545 0.771332 0.592426 -51.997739 -21.194920 774.920696
0.703040 0.266157 -0.659466 -0.665999 0.571575 -0.479320 0.249360 0.776185 0.579100 -51.997739 -21.194920 774.920696
0.684749 0.260091 -0.680787 -0.678455 0.568609 -0.465169 0.266116 0.780407 0.565815 -51.997739 -21.194920 774.920696
0.666573 0.253667 -0.700952 -0.689729 0.566561 -0.450869 0.282761 0.784004 0.552616 -51.997739 -21.194920 774.920696
0.648599 0.246970 -0.719949 -0.699838 0.565391 -0.436531 0.299242 0.786981 0.539551 -51.997739 -21.194920 774.920696
0.630906 0.240081 -0.737779 -0.708811 0.565050 -0.422261 0.315505 0.789353 0.526666 -51.997739 -21.194920 774.920696
0.613575 0.233080 -0.754453 -0.716684 0.565482 -0.408159 0.331495 0.791141 0.514011 -51.997739 -21.194920 774.920696
0.596678 0.226039 -0.769988 -0.723502 0.566620 -0.394317 0.347159 0.792368 0.501630 -51.997739 -21.194920 774.920696
0.580285 0.219027 -0.784408 -0.729317 0.568395 -0.380820 0.362444 0.793067 0.489571 -51.997739 -21.194920 774.920696
0.564459 0.212105 -0.797745 -0.734189 0.570729 -0.367743 0.377296 0.793272 0.477878 -51.997739 -21.194920 774.920696
0.549258 0.205331 -0.810034 -0.738182 0.573544 -0.355154 0.391665 0.793024 0.466595 -51.997739 -21.194920 774.920696
0.534426 0.198613 -0.821548 -0.741430 0.576829 -0.342857 0.405797 0.792352 0.455530 -51.997739 -21.194920 774.920696
0.519682 0.191843 -0.832543 -0.744018 0.580620 -0.330632 0.419961 0.791250 0.444472 -51.997739 -21.194920 774.920696
0.505045 0.185040 -0.843024 -0.745951 0.584903 -0.318506 0.434151 0.789714 0.433433 -51.997739 -21.194920 774.920696
0.490535 0.178224 -0.853002 -0.747230 0.589663 -0.306506 0.448357 0.787740 0.422424 -51.997739 -21.194920 774.920696
0.476171 0.171413 -0.862484 -0.747858 0.594883 -0.294658 0.462569 0.785323 0.411459 -51.997739 -21.194920 774.920696
0.461973 0.164625 -0.871481 -0.747840 0.600545 -0.282985 0.476778 0.782460 0.400549 -51.997739 -21.194920 774.920696
0.447958 0.157877 -0.880005 -0.747180 0.606632 -0.271512 0.490974 0.779148 0.389708 -51.997739 -21.194920 774.920696
0.434146 0.151183 -0.888066 -0.745884 0.613124 -0.260261 0.505148 0.775385 0.378950 -51.997739 -21.194920 774.920696
0.420554 0.144558 -0.895677 -0.743958 0.620001 -0.249251 0.519289 0.771169 0.368289 -51.997739 -21.194920 774.920696
0.407200 0.138015 -0.902851 -0.741407 0.627241 -0.238503 0.533388 0.766499 0.357738 -51.997739 -21.194920 774.920696
0.394102 0.131566 -0.909601 -0.738241 0.634824 -0.228035 0.547434 0.761373 0.347313 -51.997739 -21.194920 774.920696
0.381277 0.125222 -0.915941 -0.734465 0.642726 -0.217864 0.561417 0.755793 0.337028 -51.997739 -21.194920 774.920696
0.368741 0.118993 -0.921885 -0.730089 0.650925 -0.208006 0.575327 0.749758 0.326898 -51.997739 -21.194920 774.920696
0.356510 0.112887 -0.927447 -0.725121 0.659399 -0.198476 0.589152 0.743270 0.316939 -51.997739 -21.194920 774.920696
0.344601 0.106911 -0.932642 -0.719572 0.668123 -0.189285 0.602882 0.736330 0.307165 -51.997739 -21.194920 774.920696
0.333028 0.101072 -0.937484 -0.713450 0.677073 -0.180447 0.616507 0.728942 0.297594 -51.997739 -21.194920 774.920696
0.321807 0.095374 -0.941989 -0.706768 0.686225 -0.171971 0.630015 0.721110 0.288240 -51.997739 -21.194920 774.920696
0.310953 0.089823 -0.946171 -0.699536 0.695555 -0.163866 0.643395 0.712836 0.279119 -51.997739 -21.194920 774.920696
0.300478 0.084420 -0.950045 -0.691766 0.705039 -0.156141 0.656638 0.704126 0.270247 -51.997739 -21.194920 774.920696
0.290397 0.079167 -0.953626 -0.683470 0.714652 -0.148801 0.669730 0.694986 0.261641 -51.997739 -21.194920 774.920696
0.280723 0.074065 -0.956927 -0.674661 0.724369 -0.141852 0.682662 0.685422 0.253316 -51.997739 -21.194920 774.920696
0.271467 0.069114 -0.959963 -0.665352 0.734168 -0.135297 0.695423 0.675441 0.245287 -51.997739 -21.194920 774.920696
0.262643 0.064312 -0.962748 -0.655556 0.744022 -0.129138 0.708001 0.665052 0.237572 -51.997739 -21.194920 774.920696
0.254260 0.059656 -0.965294 -0.645289 0.753910 -0.123378 0.720385 0.654264 0.230185 -51.997739 -21.194920 774.920696
0.246330 0.055144 -0.967616 -0.634564 0.763807 -0.118015 0.732564 0.643085 0.223141 -51.997739 -21.194920 774.920696
0.238864 0.050771 -0.969725 -0.623396 0.773690 -0.113049 0.744527 0.631526 0.216457 -51.997739 -21.194920 774.920696
0.231870 0.046531 -0.971633 -0.611802 0.783538 -0.108477 0.756264 0.619599 0.210147 -51.997739 -21.194920 774.920696
0.225358 0.042420 -0.973352 -0.599796 0.793327 -0.104295 0.767762 0.607316 0.204226 -51.997739 -21.194920 774.920696
0.219335 0.038430 -0.974892 -0.587394 0.803037 -0.100499 0.779012 0.594689 0.198708 -51.997739 -21.194920 774.920696
0.213811 0.034554 -0.976264 -0.574614 0.812646 -0.097083 0.790002 0.581733 0.193607 -51.997739 -21.194920 774.920696
0.208791 0.030783 -0.977476 -0.561472 0.822135 -0.094040 0.800722 0.568460 0.188938 -51.997739 -21.194920 774.920696
0.204282 0.027110 -0.978537 -0.547985 0.831484 -0.091363 0.811161 0.554887 0.184713 -51.997739 -21.194920 774.920696
0.200290 0.023524 -0.979454 -0.534170 0.840674 -0.089043 0.821308 0.541030 0.180944 -51.997739 -21.194920 774.920696
0.196821 0.020015 -0.980235 -0.520046 0.849689 -0.087070 0.831152 0.526904 0.177645 -51.997739 -21.194920 774.920696
0.193878 0.016575 -0.980886 -0.505629 0.858511 -0.085434 0.840685 0.512528 0.174827 -51.997739 -21.194920 774.920696
0.191466 0.013191 -0.981411 -0.490938 0.867123 -0.084124 0.849894 0.497919 0.172500 -51.997739 -21.194920 774.920696
0.189587 0.009853 -0.981814 -0.475992 0.875512 -0.083128 0.858771 0.483096 0.170675 -51.997739 -21.194920 774.920696
0.188245 0.006549 -0.982100 -0.460809 0.883663 -0.082433 0.867306 0.468078 0.169363 -51.997739 -21.194920 774.920696
0.187441 0.003269 -0.982271 -0.445408 0.891562 -0.082027 0.875487 0.452886 0.168571 -51.997739 -21.194920 774.920696
0.187176 0.000000 -0.982326 -0.429807 0.899199 -0.081897 0.883307 0.437540 0.168308 -51.997739 -21.194920 774.920696
0.187450 -0.003269 -0.982269 -0.414025 0.906562 -0.082027 0.890756 0.422060 0.168582 -51.997739 -21.194920 774.920696
0.188265 -0.006549 -0.982097 -0.398082 0.913641 -0.082404 0.897823 0.406469 0.169399 -51.997739 -21.194920 774.920696
0.189617 -0.009853 -0.981809 -0.381997 0.920428 -0.083012 0.904502 0.390789 0.170765 -51.997739 -21.194920 774.920696
0.191507 -0.013192 -0.981403 -0.365789 0.926914 -0.083838 0.910782 0.375042 0.172685 -51.997739 -21.194920 774.920696
0.193932 -0.016576 -0.980875 -0.349477 0.933094 -0.084865 0.916655 0.359251 0.175164 -51.997739 -21.194920 774.920696
0.196889 -0.020018 -0.980221 -0.333080 0.938961 -0.086078 0.922113 0.343440 0.178203 -51.997739 -21.194920 774.920696
0.200374 -0.023527 -0.979437 -0.316619 0.944512 -0.087462 0.927148 0.327633 0.181806 -51.997739 -21.194920 774.920696
0.204383 -0.027114 -0.978515 -0.300111 0.949743 -0.089001 0.931752 0.311854 0.185974 -51.997739 -21.194920 774.920696
0.208911 -0.030789 -0.977450 -0.283577 0.954652 -0.090680 0.935917 0.296126 0.190706 -51.997739 -21.194920 774.920696
0.213953 -0.034561 -0.976232 -0.267035 0.959239 -0.092483 0.939636 0.280476 0.196003 -51.997739 -21.194920 774.920696
0.219501 -0.038429 -0.974855 -0.250505 0.963503 -0.094386 0.942903 0.264924 0.201863 -51.997739 -21.194920 774.920696
0.225549 -0.042394 -0.973309 -0.234006 0.967448 -0.096365 0.945711 0.249495 0.208286 -51.997739 -21.194920 774.920696
0.232087 -0.046464 -0.971585 -0.217555 0.971074 -0.098408 0.948054 0.234212 0.215265 -51.997739 -21.194920 774.920696
0.239108 -0.050651 -0.969671 -0.201172 0.974386 -0.100504 0.949925 0.219102 0.222793 -51.997739 -21.194920 774.920696
0.246601 -0.054962 -0.967557 -0.184876 0.977387 -0.102640 0.951320 0.204189 0.230864 -51.997739 -21.194920 774.920696
0.254558 -0.059406 -0.965231 -0.168683 0.980082 -0.104806 0.952232 0.189497 0.239467 -51.997739 -21.194920 774.920696
0.262967 -0.063989 -0.962680 -0.152613 0.982477 -0.106993 0.952658 0.175053 0.248594 -51.997739 -21.194920 774.920696
0.271818 -0.068717 -0.959892 -0.136682 0.984579 -0.109190 0.952593 0.160880 0.258234 -51.997739 -21.194920 774.920696
0.281099 -0.073596 -0.956853 -0.120908 0.986394 -0.111388 0.952032 0.147003 0.268376 -51.997739 -21.194920 774.920696
0.290798 -0.078629 -0.953548 -0.105309 0.987932 -0.113580 0.950971 0.133446 0.279008 -51.997739 -21.194920 774.920696
0.300901 -0.083819 -0.949965 -0.089900 0.989201 -0.115757 0.949408 0.120234 0.290116 -51.997739 -21.194920 774.920696
0.311396 -0.089169 -0.946087 -0.074699 0.990210 -0.117914 0.947340 0.107390 0.301687 -51.997739 -21.194920 774.920696
0.322269 -0.094679 -0.941902 -0.059721 0.990971 -0.120044 0.944763 0.094938 0.313704 -51.997739 -21.194920 774.920696
0.333504 -0.100348 -0.937393 -0.044982 0.991493 -0.122143 0.941675 0.082901 0.326153 -51.997739 -21.194920 774.920696
0.345088 -0.106175 -0.932545 -0.030497 0.991788 -0.124206 0.938075 0.071301 0.339016 -51.997739 -21.194920 774.920696
0.357005 -0.112158 -0.927345 -0.016280 0.991868 -0.126229 0.933960 0.060162 0.352276 -51.997739 -21.194920 774.920696
0.369239 -0.118291 -0.921775 -0.002347 0.991744 -0.128211 0.929331 0.049504 0.365913 -51.997739 -21.194920 774.920696
0.381774 -0.124571 -0.915822 0.011288 0.991430 -0.130149 0.924187 0.039349 0.379909 -51.997739 -21.194920 774.920696
0.394594 -0.130990 -0.909471 0.024614 0.990938 -0.132044 0.918526 0.029718 0.394242 -51.997739 -21.194920 774.920696
0.407680 -0.137540 -0.902707 0.037615 0.990281 -0.133896 0.912350 0.020631 0.408892 -51.997739 -21.194920 774.920696
0.421017 -0.144214 -0.895515 0.050281 0.989473 -0.135706 0.905658 0.012107 0.423836 -51.997739 -21.194920 774.920696
0.434585 -0.150999 -0.887882 0.062598 0.988525 -0.137475 0.898453 0.004165 0.439051 -51.997739 -21.194920 774.920696
0.448368 -0.157885 -0.879795 0.074557 0.987452 -0.139209 0.890734 -0.003178 0.454513 -51.997739 -21.194920 774.920696
0.462346 -0.164847 -0.871241 0.086144 0.986269 -0.140897 0.882505 -0.009909 0.470198 -51.997739 -21.194920 774.920696
0.476501 -0.171859 -0.862213 0.097352 0.984991 -0.142530 0.873768 -0.016022 0.486080 -51.997739 -21.194920 774.920696
0.490814 -0.178901 -0.852699 0.108168 0.983632 -0.144110 0.864524 -0.021504 0.502131 -51.997739 -21.194920 774.920696
0.505265 -0.185957 -0.842690 0.118585 0.982205 -0.145641 0.854777 -0.026343 0.518326 -51.997739 -21.194920 774.920696
0.519836 -0.193005 -0.832177 0.128594 0.980723 -0.147128 0.844532 -0.030531 0.534635 -51.997739 -21.194920 774.920696
0.534507 -0.200027 -0.821152 0.138187 0.979198 -0.148577 0.833790 -0.034057 0.551030 -51.997739 -21.194920 774.920696
0.549258 -0.207001 -0.809608 0.147356 0.977644 -0.149994 0.822558 -0.036915 0.567482 -51.997739 -21.194920 774.920696
0.564070 -0.213904 -0.797540 0.156094 0.976072 -0.151387 0.810839 -0.039098 0.583962 -51.997739 -21.194920 774.920696
0.578921 -0.220714 -0.784943 0.164396 0.974493 -0.152765 0.798639 -0.040603 0.600439 -51.997739 -21.194920 774.920696
0.593793 -0.227407 -0.771813 0.172256 0.972918 -0.154136 0.785963 -0.041424 0.616884 -51.997739 -21.194920 774.920696
0.608665 -0.233959 -0.758149 0.179668 0.971358 -0.155511 0.772817 -0.041561 0.633266 -51.997739 -21.194920 774.920696
0.623516 -0.240346 -0.743950 0.186629 0.969821 -0.156900 0.759208 -0.041012 0.649554 -51.997739 -21.194920 774.920696
0.638328 -0.246541 -0.729216 0.193134 0.968316 -0.158316 0.745142 -0.039779 0.665718 -51.997739 -21.194920 774.920696
0.653078 -0.252520 -0.713948 0.199182 0.966851 -0.159770 0.730627 -0.037863 0.681727 -51.997739 -21.194920 774.920696
0.667749 -0.258256 -0.698152 0.204768 0.965433 -0.161275 0.715669 -0.035268 0.697549 -51.997739 -21.194920 774.920696
0.682318 -0.263722 -0.681830 0.209893 0.964068 -0.162845 0.700276 -0.031999 0.713154 -51.997739 -21.194920 774.920696
0.696767 -0.268894 -0.664990 0.214554 0.962761 -0.164493 0.684458 -0.028063 0.728512 -51.997739 -21.194920 774.920696
0.711075 -0.273743 -0.647640 0.218751 0.961517 -0.166234 0.668222 -0.023467 0.743592 -51.997739 -21.194920 774.920696
0.725223 -0.278243 -0.629788 0.222484 0.960338 -0.168083 0.651577 -0.018220 0.758364 -51.997739 -21.194920 774.920696
0.739191 -0.282367 -0.611445 0.225754 0.959227 -0.170054 0.634532 -0.012334 0.772798 -51.997739 -21.194920 774.920696
0.752960 -0.286090 -0.592625 0.228563 0.958185 -0.172163 0.617098 -0.005820 0.786865 -51.997739 -21.194920 774.920696
0.766510 -0.289384 -0.573340 0.230912 0.957212 -0.174426 0.599284 0.001309 0.800535 -51.997739 -21.194920 774.920696
0.779823 -0.292224 -0.553607 0.232805 0.956307 -0.176858 0.581100 0.009036 0.813782 -51.997739 -21.194920 774.920696
0.792880 -0.294585 -0.533442 0.234244 0.955468 -0.179475 0.562557 0.017347 0.826576 -51.997739 -21.194920 774.920696
0.805663 -0.296442 -0.512864 0.235234 0.954691 -0.182292 0.543666 0.026223 0.838892 -51.997739 -21.194920 774.920696
0.818153 -0.297769 -0.491894 0.235779 0.953972 -0.185326 0.524437 0.035647 0.850703 -51.997739 -21.194920 774.920696
0.830333 -0.298544 -0.470552 0.235884 0.953306 -0.188591 0.504883 0.045598 0.861983 -51.997739 -21.194920 774.920696
0.842185 -0.298744 -0.448862 0.235555 0.952686 -0.192103 0.485014 0.056054 0.872708 -51.997739 -21.194920 774.920696
0.853692 -0.298346 -0.426849 0.234799 0.952104 -0.195877 0.464844 0.066994 0.882855 -51.997739 -21.194920 774.920696
0.864838 -0.297329 -0.404538 0.233623 0.951551 -0.199927 0.444383 0.078395 0.892400 -51.997739 -21.194920 774.920696
0.875606 -0.295674 -0.381957 0.232033 0.951018 -0.204267 0.423645 0.090231 0.901323 -51.997739 -21.194920 774.920696
0.885981 -0.293360 -0.359135 0.230039 0.950494 -0.208912 0.402642 0.102477 0.909603 -51.997739 -21.194920 774.920696
0.895947 -0.290372 -0.336101 0.227648 0.949966 -0.213873 0.381387 0.115106 0.917221 -51.997739 -21.194920 774.920696
0.905489 -0.286691 -0.312886 0.224870 0.949421 -0.219164 0.359893 0.128092 0.924159 -51.997739 -21.194920 774.920696
0.914594 -0.282303 -0.289523 0.221714 0.948846 -0.224796 0.338174 0.141406 0.930399 -51.997739 -21.194920 774.920696
0.923246 -0.277193 -0.266045 0.218191 0.948226 -0.230780 0.316242 0.155018 0.935928 -51.997739 -21.194920 774.920696
0.931434 -0.271350 -0.242487 0.214311 0.947545 -0.237127 0.294112 0.168900 0.940729 -51.997739 -21.194920 774.920696
0.939144 -0.264763 -0.218883 0.210086 0.946786 -0.243844 0.271796 0.183020 0.944791 -51.997739 -21.194920 774.920696
0.946363 -0.257423 -0.195270 0.205527 0.945932 -0.250941 0.249310 0.197348 0.948102 -51.997739 -21.194920 774.920696
0.953081 -0.249321 -0.171686 0.200646 0.944965 -0.258425 0.226668 0.211852 0.950653 -51.997739 -21.194920 774.920696
0.959286 -0.240452 -0.148167 0.195455 0.943865 -0.266301 0.203882 0.226499 0.952434 -51.997739 -21.194920 774.920696
0.964968 -0.230813 -0.124752 0.189968 0.942614 -0.274576 0.180968 0.241258 0.953439 -51.997739 -21.194920 774.920696
0.970117 -0.220399 -0.101479 0.184198 0.941190 -0.283252 0.157940 0.256095 0.953662 -51.997739 -21.194920 774.920696
0.974723 -0.209213 -0.078389 0.178159 0.939575 -0.292333 0.134812 0.270978 0.953099 -51.997739 -21.194920 774.920696
0.978779 -0.197253 -0.055520 0.171863 0.937746 -0.301819 0.111599 0.285873 0.951747 -51.997739 -21.194920 774.920696
0.982277 -0.184525 -0.032914 0.165327 0.935683 -0.311712 0.088315 0.300746 0.949606 -51.997739 -21.194920 774.920696
0.985208 -0.171032 -0.010608 0.158564 0.933363 -0.322011 0.064975 0.315565 0.946677 -51.997739 -21.194920 774.920696
0.987568 -0.156782 0.011355 0.151590 0.930765 -0.332712 0.041594 0.330297 0.942960 -51.997739 -21.194920 774.920696
0.989349 -0.141784 0.032937 0.144419 0.927867 -0.343812 0.018186 0.344907 0.938461 -51.997739 -21.194920 774.920696
0.990548 -0.126049 0.054098 0.137068 0.924645 -0.355308 -0.005235 0.359365 0.933182 -51.997739 -21.194920 774.920696
0.991159 -0.109590 0.074798 0.129552 0.921076 -0.367199 -0.028654 0.373642 0.927130 -51.997739 -21.194920 774.920696
0.991178 -0.092420 0.094998 0.121887 0.917138 -0.379475 -0.052055 0.387707 0.920312 -51.997739 -21.194920 774.920696
0.990603 -0.074556 0.114659 0.114089 0.912807 -0.392131 -0.075426 0.401527 0.912736 -51.997739 -21.194920 774.920696
0.989432 -0.056016 0.133742 0.106174 0.908062 -0.405155 -0.098751 0.415073 0.904413 -51.997739 -21.194920 774.920696
0.987662 -0.036820 0.152208 0.098159 0.902880 -0.418536 -0.122016 0.428313 0.895355 -51.997739 -21.194920 774.920696
0.985294 -0.016989 0.170021 0.090061 0.897239 -0.432263 -0.145206 0.441219 0.885574 -51.997739 -21.194920 774.920696
0.982326 0.003453 0.187144 0.081897 0.891117 -0.446321 -0.168308 0.453760 0.875085 -51.997739 -21.194920 774.920696
0.978761 0.024480 0.203540 0.073682 0.884495 -0.460696 -0.191308 0.465908 0.863905 -51.997739 -21.194920 774.920696
0.974598 0.046066 0.219174 0.065435 0.877350 -0.475369 -0.214191 0.477635 0.852049 -51.997739 -21.194920 774.920696
0.969840 0.068182 0.234013 0.057171 0.869663 -0.490324 -0.236944 0.488914 0.839536 -51.997739 -21.194920 774.920696
0.964490 0.090797 0.248023 0.048908 0.861416 -0.505540 -0.259552 0.499719 0.826386 -51.997739 -21.194920 774.920696
0.958551 0.113880 0.261172 0.040663 0.852589 -0.520998 -0.282004 0.510023 0.812619 -51.997739 -21.194920 774.920696
0.952028 0.137397 0.273431 0.032452 0.843165 -0.536674 -0.304285 0.519803 0.798258 -51.997739 -21.194920 774.920696
0.944926 0.161312 0.284769 0.024293 0.833128 -0.552547 -0.326382 0.529034 0.783325 -51.997739 -21.194920 774.920696
0.937250 0.185590 0.295160 0.016202 0.822461 -0.568591 -0.348282 0.537694 0.767844 -51.997739 -21.194920 774.920696
0.929007 0.210191 0.304576 0.008195 0.811150 -0.584781 -0.369973 0.545761 0.751841 -51.997739 -21.194920 774.920696
0.920203 0.235078 0.312993 0.000290 0.799181 -0.601090 -0.391441 0.553216 0.735341 -51.997739 -21.194920 774.920696
0.910847 0.260209 0.320389 -0.007497 0.786543 -0.617490 -0.412676 0.560037 0.718371 -51.997739 -21.194920 774.920696
0.900947 0.285542 0.326741 -0.015150 0.773224 -0.633952 -0.433664 0.566207 0.700960 -51.997739 -21.194920 774.920696
0.890512 0.311035 0.332031 -0.022654 0.759213 -0.650448 -0.454394 0.571710 0.683135 -51.997739 -21.194920 774.920696
0.879553 0.336644 0.336241 -0.029991 0.744504 -0.666944 -0.474855 0.576529 0.664926 -51.997739 -21.194920 774.920696
0.868078 0.362323 0.339355 -0.037147 0.729087 -0.683412 -0.495035 0.580649 0.646364 -51.997739 -21.194920 774.920696
0.856101 0.388028 0.341359 -0.044106 0.712959 -0.699817 -0.514924 0.584058 0.627479 -51.997739 -21.194920 774.920696
0.843631 0.413711 0.342242 -0.050853 0.696115 -0.716127 -0.534509 0.586743 0.608303 -51.997739 -21.194920 774.920696
0.830682 0.439326 0.341994 -0.057374 0.678551 -0.732309 -0.553783 0.588694 0.588866 -51.997739 -21.194920 774.920696
0.817267 0.464824 0.340608 -0.063654 0.660268 -0.748328 -0.572733 0.589902 0.569203 -51.997739 -21.194920 774.920696
0.803398 0.490158 0.338078 -0.069678 0.641266 -0.764149 -0.591351 0.590359 0.549345 -51.997739 -21.194920 774.920696
0.789091 0.515278 0.334402 -0.075433 0.621546 -0.779737 -0.609627 0.590059 0.529325 -51.997739 -21.194920 774.920696
0.774359 0.540136 0.329577 -0.080906 0.601114 -0.795058 -0.627552 0.588996 0.509178 -51.997739 -21.194920 774.920696
0.759219 0.564682 0.323607 -0.086083 0.579974 -0.810074 -0.645118 0.587167 0.488936 -51.997739 -21.194920 774.920696
0.743684 0.588868 0.316493 -0.090951 0.558134 -0.824751 -0.662315 0.584569 0.468634 -51.997739 -21.194920 774.920696
0.727773 0.612644 0.308243 -0.095500 0.535603 -0.839053 -0.679136 0.581203 0.448305 -51.997739 -21.194920 774.920696
0.711501 0.635961 0.298864 -0.099716 0.512392 -0.852943 -0.695574 0.577068 0.427983 -51.997739 -21.194920 774.920696
0.694886 0.658771 0.288366 -0.103588 0.488514 -0.866386 -0.711620 0.572168 0.407702 -51.997739 -21.194920 774.920696
0.677945 0.681024 0.276763 -0.107107 0.463982 -0.879346 -0.727268 0.566504 0.387496 -51.997739 -21.194920 774.920696
0.660696 0.702672 0.264070 -0.110260 0.438814 -0.891787 -0.742512 0.560084 0.367399 -51.997739 -21.194920 774.920696
0.643157 0.723669 0.250303 -0.113039 0.413027 -0.903676 -0.757345 0.552912 0.347444 -51.997739 -21.194920 774.920696
0.625348 0.743968 0.235483 -0.115434 0.386641 -0.914978 -0.771761 0.544997 0.327664 -51.997739 -21.194920 774.920696
0.607287 0.763521 0.219631 -0.117436 0.359676 -0.925658 -0.785755 0.536347 0.308091 -51.997739 -21.194920 774.920696
0.588994 0.782285 0.202771 -0.119037 0.332157 -0.935683 -0.799322 0.526974 0.288759 -51.997739 -21.194920 774.920696
0.570489 0.800214 0.184930 -0.120229 0.304108 -0.945020 -0.812458 0.516890 0.269699 -51.997739 -21.194920 774.920696
0.551791 0.817267 0.166136 -0.121005 0.275556 -0.953639 -0.825157 0.506106 0.250943 -51.997739 -21.194920 774.920696
0.532922 0.833400 0.146418 -0.121358 0.246529 -0.961507 -0.837416 0.494639 0.232521 -51.997739 -21.194920 774.920696
0.513901 0.848574 0.125811 -0.121283 0.217056 -0.968595 -0.849233 0.482503 0.214463 -51.997739 -21.194920 774.920696
0.494750 0.862748 0.104348 -0.120774 0.187169 -0.974875 -0.860602 0.469716 0.196800 -51.997739 -21.194920 774.920696
0.475488 0.875886 0.082066 -0.119827 0.156900 -0.980318 -0.871523 0.456296 0.179559 -51.997739 -21.194920 774.920696
0.456139 0.887951 0.059002 -0.118436 0.126285 -0.984899 -0.881992 0.442262 0.162768 -51.997739 -21.194920 774.920696
0.436722 0.898908 0.035198 -0.116598 0.095358 -0.988591 -0.892008 0.427635 0.146456 -51.997739 -21.194920 774.920696
0.417259 0.908725 0.010696 -0.114311 0.064157 -0.991371 -0.901570 0.412436 0.130647 -51.997739 -21.194920 774.920696
0.397772 0.917371 -0.014459 -0.111572 0.032723 -0.993217 -0.910675 0.396687 0.115369 -51.997739 -21.194920 774.920696
0.378282 0.924817 -0.040216 -0.108379 0.001101 -0.994109 -0.919324 0.380412 0.100648 -51.997739 -21.194920 774.920696
0.358810 0.931037 -0.066530 -0.104732 -0.030668 -0.994027 -0.927516 0.363635 0.086505 -51.997739 -21.194920 774.920696
0.339379 0.936006 -0.093350 -0.100629 -0.062543 -0.992956 -0.935252 0.346382 0.072964 -51.997739 -21.194920 774.920696
0.320010 0.939704 -0.120628 -0.096072 -0.094480 -0.990880 -0.942531 0.328680 0.060044 -51.997739 -21.194920 774.920696
0.300724 0.942109 -0.148311 -0.091060 -0.126435 -0.987786 -0.949354 0.310556 0.047766 -51.997739 -21.194920 774.920696
0.281543 0.943204 -0.176349 -0.085595 -0.158364 -0.983664 -0.955723 0.292039 0.036148 -51.997739 -21.194920 774.920696
0.262489 0.942975 -0.204688 -0.079680 -0.190219 -0.978503 -0.961640 0.273156 0.025206 -51.997739 -21.194920 774.920696
0.243582 0.941409 -0.233273 -0.073318 -0.221956 -0.972296 -0.967105 0.253937 0.014957 -51.997739 -21.194920 774.920696
0.224844 0.938496 -0.262050 -0.066510 -0.253527 -0.965039 -0.972122 0.234412 0.005416 -51.997739 -21.194920 774.920696
0.206295 0.934228 -0.290965 -0.059263 -0.284886 -0.956728 -0.976694 0.214612 -0.003406 -51.997739 -21.194920 774.920696
0.187957 0.928600 -0.319960 -0.051579 -0.315984 -0.947361 -0.980822 0.194567 -0.011495 -51.997739 -21.194920 774.920696
0.169850 0.921610 -0.348980 -0.043465 -0.346775 -0.936941 -0.984511 0.174308 -0.018842 -51.997739 -21.194920 774.920696
0.151995 0.913257 -0.377967 -0.034927 -0.377209 -0.925469 -0.987764 0.153868 -0.025437 -51.997739 -21.194920 774.920696
0.134411 0.903545 -0.406867 -0.025970 -0.407239 -0.912952 -0.990585 0.133277 -0.031272 -51.997739 -21.194920 774.920696
0.117118 0.892479 -0.435620 -0.016603 -0.436818 -0.899397 -0.992979 0.112568 -0.036341 -51.997739 -21.194920 774.920696
0.100135 0.880067 -0.464172 -0.006832 -0.465898 -0.884812 -0.994950 0.091772 -0.040640 -51.997739 -21.194920 774.920696
0.083483 0.866319 -0.492465 0.003333 -0.494430 -0.869211 -0.996504 0.070923 -0.044164 -51.997739 -21.194920 774.920696
0.067179 0.851249 -0.520444 0.013884 -0.522370 -0.852606 -0.997644 0.050051 -0.046911 -51.997739 -21.194920 774.920696
0.051242 0.834873 -0.548053 0.024812 -0.549668 -0.835014 -0.998378 0.029189 -0.048881 -51.997739 -21.194920 774.920696
0.035690 0.817209 -0.575236 0.036106 -0.576281 -0.816453 -0.998710 0.008370 -0.050074 -51.997739 -21.194920 774.920696
0.020541 0.798277 -0.601940 0.047756 -0.602163 -0.796944 -0.998648 -0.012377 -0.050492 -51.997739 -21.194920 774.920696
0.005811 0.778103 -0.628110 0.059751 -0.627269 -0.776507 -0.998196 -0.033018 -0.050138 -51.997739 -21.194920 774.920696
-0.008483 0.756710 -0.653695 0.072079 -0.651555 -0.755169 -0.997363 -0.053523 -0.049016 -51.997739 -21.194920 774.920696
-0.022323 0.734129 -0.678643 0.084728 -0.674981 -0.732955 -0.996154 -0.073862 -0.047133 -51.997739 -21.194920 774.920696
-0.035696 0.710390 -0.702903 0.097684 -0.697503 -0.709893 -0.994577 -0.094003 -0.044496 -51.997739 -21.194920 774.920696
-0.048586 0.685525 -0.726426 0.110936 -0.719082 -0.686013 -0.992639 -0.113917 -0.041112 -51.997739 -21.194920 774.920696
-0.060977 0.659570 -0.749165 0.124469 -0.739679 -0.661349 -0.990348 -0.133575 -0.036993 -51.997739 -21.194920 774.920696
-0.072857 0.632564 -0.771074 0.138270 -0.759256 -0.635933 -0.987711 -0.152948 -0.032147 -51.997739 -21.194920 774.920696
-0.084211 0.604545 -0.792108 0.152323 -0.777778 -0.609802 -0.984737 -0.172008 -0.026589 -51.997739 -21.194920 774.920696
-0.095026 0.575555 -0.812223 0.166614 -0.795210 -0.582992 -0.981433 -0.190727 -0.020329 -51.997739 -21.194920 774.920696
-0.105292 0.545639 -0.831380 0.181127 -0.811520 -0.555544 -0.977807 -0.209080 -0.013384 -51.997739 -21.194920 774.920696
-0.114994 0.514841 -0.849538 0.195848 -0.826675 -0.527496 -0.973869 -0.227039 -0.005767 -51.997739 -21.194920 774.920696
-0.124124 0.483210 -0.866661 0.210758 -0.840648 -0.498891 -0.969626 -0.244580 0.002504 -51.997739 -21.194920 774.920696
-0.132670 0.450795 -0.882713 0.225844 -0.853410 -0.469773 -0.965087 -0.261680 0.011413 -51.997739 -21.194920 774.920696
-0.140622 0.417645 -0.897662 0.241086 -0.864936 -0.440186 -0.960262 -0.278314 0.020941 -51.997739 -21.194920 774.920696
-0.147972 0.383815 -0.911477 0.256469 -0.875202 -0.410176 -0.955159 -0.294460 0.031069 -51.997739 -21.194920 774.920696
-0.154711 0.349357 -0.924129 0.271974 -0.884189 -0.379790 -0.949787 -0.310097 0.041778 -51.997739 -21.194920 774.920696
-0.160832 0.314327 -0.935592 0.287585 -0.891875 -0.349076 -0.944155 -0.325205 0.053046 -51.997739 -21.194920 774.920696
-0.166327 0.278780 -0.945842 0.303284 -0.898244 -0.318083 -0.938272 -0.339764 0.064853 -51.997739 -21.194920 774.920696
-0.171191 0.242774 -0.954858 0.319051 -0.903281 -0.286861 -0.932148 -0.353757 0.077176 -51.997739 -21.194920 774.920696
-0.175417 0.206367 -0.962622 0.334870 -0.906974 -0.255460 -0.925792 -0.367165 0.089993 -51.997739 -21.194920 774.920696
-0.179001 0.169618 -0.969117 0.350721 -0.909313 -0.223931 -0.919213 -0.379974 0.103280 -51.997739 -21.194920 774.920696
-0.181940 0.132588 -0.974330 0.366586 -0.910289 -0.192327 -0.912421 -0.392168 0.117013 -51.997739 -21.194920 774.920696
-0.184228 0.095335 -0.978249 0.382446 -0.909896 -0.160698 -0.905425 -0.403733 0.131168 -51.997739 -21.194920 774.920696
-0.185865 0.057921 -0.980867 0.398282 -0.908133 -0.129097 -0.898235 -0.414656 0.145721 -51.997739 -21.194920 774.920696
-0.186848 0.020408 -0.982177 0.414075 -0.904997 -0.097577 -0.890859 -0.424927 0.160646 -51.997739 -21.194920 774.920696
-0.187176 -0.017144 -0.982177 0.429807 -0.900492 -0.066191 -0.883307 -0.434536 0.175919 -51.997739 -21.194920 774.920696
-0.186848 -0.054673 -0.980866 0.445457 -0.894619 -0.034991 -0.875589 -0.443472 0.191512 -51.997739 -21.194920 774.920696
-0.185865 -0.092118 -0.978248 0.461007 -0.887387 -0.004028 -0.867713 -0.451728 0.207401 -51.997739 -21.194920 774.920696
-0.184228 -0.129421 -0.974325 0.476438 -0.878804 0.026647 -0.859690 -0.459297 0.223562 -51.997739 -21.194920 774.920696
-0.181940 -0.166525 -0.969106 0.491730 -0.868881 0.056986 -0.851528 -0.466171 0.239969 -51.997739 -21.194920 774.920696
-0.179001 -0.203369 -0.962600 0.506865 -0.857630 0.086937 -0.843235 -0.472347 0.256598 -51.997739 -21.194920 774.920696
-0.175417 -0.239892 -0.954820 0.521824 -0.845068 0.116449 -0.834822 -0.477821 0.273421 -51.997739 -21.194920 774.920696
-0.171191 -0.276035 -0.945779 0.536587 -0.831211 0.145472 -0.826298 -0.482590 0.290412 -51.997739 -21.194920 774.920696
-0.166327 -0.311737 -0.935497 0.551137 -0.816081 0.173954 -0.817670 -0.486653 0.307546 -51.997739 -21.194920 774.920696
-0.160832 -0.346941 -0.923994 0.565453 -0.799700 0.201848 -0.808947 -0.490012 0.324796 -51.997739 -21.194920 774.920696
-0.154711 -0.381590 -0.911292 0.579519 -0.782093 0.229104 -0.800139 -0.492666 0.342137 -51.997739 -21.194920 774.920696
-0.147972 -0.415628 -0.897417 0.593315 -0.763287 0.255677 -0.791253 -0.494618 0.359543 -51.997739 -21.194920 774.920696
-0.140622 -0.448999 -0.882397 0.606823 -0.743311 0.281521 -0.782299 -0.495871 0.376989 -51.997739 -21.194920 774.920696
-0.132670 -0.481651 -0.866263 0.620026 -0.722198 0.306591 -0.773283 -0.496431 0.394450 -51.997739 -21.194920 774.920696
-0.124124 -0.513530 -0.849046 0.632907 -0.699979 0.330844 -0.764213 -0.496302 0.411901 -51.997739 -21.194920 774.920696
-0.114994 -0.544588 -0.830783 0.645447 -0.676692 0.354239 -0.755099 -0.495491 0.429319 -51.997739 -21.194920 774.920696
-0.105292 -0.574775 -0.811509 0.657630 -0.652374 0.376737 -0.745946 -0.494006 0.446679 -51.997739 -21.194920 774.920696
-0.095026 -0.604045 -0.791265 0.669440 -0.627063 0.398299 -0.736764 -0.491855 0.463959 -51.997739 -21.194920 774.920696
-0.084211 -0.632352 -0.770090 0.680859 -0.600802 0.418890 -0.727557 -0.489048 0.481137 -51.997739 -21.194920 774.920696
-0.072857 -0.659654 -0.748029 0.691872 -0.573632 0.438474 -0.718335 -0.485595 0.498189 -51.997739 -21.194920 774.920696
-0.060977 -0.685911 -0.725127 0.702463 -0.545598 0.457020 -0.709103 -0.481507 0.515096 -51.997739 -21.194920 774.920696
-0.048586 -0.711082 -0.701428 0.712618 -0.516747 0.474498 -0.699868 -0.476796 0.531836 -51.997739 -21.194920 774.920696
-0.035696 -0.735133 -0.676983 0.722321 -0.487125 0.490880 -0.690637 -0.471476 0.548390 -51.997739 -21.194920 774.920696
-0.022323 -0.758028 -0.651840 0.731557 -0.456780 0.506138 -0.681414 -0.465559 0.564738 -51.997739 -21.194920 774.920696
-0.008483 -0.779737 -0.626050 0.740314 -0.425763 0.520251 -0.672208 -0.459061 0.580862 -51.997739 -21.194920 774.920696
0.005811 -0.800229 -0.599666 0.748578 -0.394124 0.533196 -0.663022 -0.451995 0.596744 -51.997739 -21.194920 774.920696
0.020541 -0.819479 -0.572740 0.756335 -0.361915 0.544954 -0.653862 -0.444377 0.612367 -51.997739 -21.194920 774.920696
0.035690 -0.837463 -0.545328 0.763574 -0.329188 0.555509 -0.644734 -0.436224 0.627716 -51.997739 -21.194920 774.920696
0.051242 -0.854158 -0.517483 0.770282 -0.295997 0.564847 -0.635641 -0.427552 0.642775 -51.997739 -21.194920 774.920696
0.067179 -0.869545 -0.489263 0.776449 -0.262395 0.572954 -0.626590 -0.418378 0.657530 -51.997739 -21.194920 774.920696
0.083483 -0.883609 -0.460723 0.782062 -0.228437 0.579823 -0.617583 -0.408719 0.671967 -51.997739 -21.194920 774.920696
0.100411 -0.896410 -0.431703 0.787191 -0.193782 0.585473 -0.608480 -0.398621 0.686188 -51.997739 -21.194920 774.920696
0.118223 -0.907949 -0.402060 0.791861 -0.158105 0.589881 -0.599149 -0.388113 0.700277 -51.997739 -21.194920 774.920696
0.136899 -0.918131 -0.371880 0.795997 -0.121494 0.592983 -0.589617 -0.377194 0.714196 -51.997739 -21.194920 774.920696
0.156414 -0.926865 -0.341256 0.799527 -0.084042 0.594722 -0.579907 -0.365866 0.727908 -51.997739 -21.194920 774.920696
0.176738 -0.934069 -0.310287 0.802381 -0.045848 0.595048 -0.570042 -0.354136 0.741377 -51.997739 -21.194920 774.920696
0.197832 -0.939669 -0.279077 0.804493 -0.007018 0.593921 -0.560048 -0.342012 0.754569 -51.997739 -21.194920 774.920696
0.219656 -0.943599 -0.247734 0.805797 0.032335 0.591308 -0.549947 -0.329508 0.767452 -51.997739 -21.194920 774.920696
0.242160 -0.945802 -0.216371 0.806235 0.072095 0.587186 -0.539763 -0.316639 0.779997 -51.997739 -21.194920 774.920696
0.265291 -0.946234 -0.185101 0.805749 0.112143 0.581543 -0.529517 -0.303423 0.792178 -51.997739 -21.194920 774.920696
0.288989 -0.944858 -0.154042 0.804291 0.152355 0.574373 -0.519232 -0.289881 0.803969 -51.997739 -21.194920 774.920696
0.313190 -0.941651 -0.123309 0.801814 0.192605 0.565684 -0.508927 -0.276038 0.815350 -51.997739 -21.194920 774.920696
0.337827 -0.936600 -0.093020 0.798279 0.232766 0.555492 -0.498622 -0.261916 0.826303 -51.997739 -21.194920 774.920696
0.362826 -0.929705 -0.063289 0.793654 0.272711 0.543822 -0.488335 -0.247542 0.836811 -51.997739 -21.194920 774.920696
0.388112 -0.920976 -0.034229 0.787913 0.312313 0.530711 -0.478082 -0.232945 0.846861 -51.997739 -21.194920 774.920696
0.413606 -0.910436 -0.005949 0.781037 0.351448 0.516203 -0.467879 -0.218151 0.856446 -51.997739 -21.194920 774.920696
0.439227 -0.898120 0.021447 0.773016 0.389994 0.500351 -0.457740 -0.203189 0.865557 -51.997739 -21.194920 774.920696
0.464893 -0.884072 0.047861 0.763845 0.427831 0.483219 -0.447677 -0.188087 0.874190 -51.997739 -21.194920 774.920696
0.490521 -0.868350 0.073199 0.753530 0.464848 0.464875 -0.437700 -0.172873 0.882345 -51.997739 -21.194920 774.920696
0.516027 -0.851019 0.097377 0.742082 0.500935 0.445396 -0.427821 -0.157574 0.890022 -51.997739 -21.194920 774.920696
0.541328 -0.832158 0.120318 0.729522 0.535992 0.424866 -0.418045 -0.142217 0.897225 -51.997739 -21.194920 774.920696
0.566345 -0.811851 0.141954 0.715876 0.569923 0.403371 -0.408381 -0.126826 0.903958 -51.997739 -21.194920 774.920696
0.590997 -0.790193 0.162226 0.701181 0.602643 0.381006 -0.398833 -0.111424 0.910229 -51.997739 -21.194920 774.920696
0.615208 -0.767289 0.181070 0.685479 0.634068 0.357877 -0.389406 -0.096049 0.916045 -51.997739 -21.194920 774.920696
0.638907 -0.743250 0.198439 0.668820 0.664125 0.334093 -0.380103 -0.080735 0.921414 -51.997739 -21.194920 774.920696
0.662024 -0.718190 0.214308 0.651259 0.692758 0.309756 -0.370927 -0.065496 0.926350 -51.997739 -21.194920 774.920696
0.684495 -0.692228 0.228663 0.632859 0.719920 0.284964 -0.361879 -0.050345 0.930865 -51.997739 -21.194920 774.920696
0.706262 -0.665486 0.241501 0.613687 0.745576 0.259816 -0.352961 -0.035292 0.934972 -51.997739 -21.194920 774.920696
0.727272 -0.638086 0.252827 0.593818 0.769696 0.234409 -0.344174 -0.020346 0.938686 -51.997739 -21.194920 774.920696
0.747478 -0.610153 0.262659 0.573328 0.792264 0.208836 -0.335517 -0.005510 0.942018 -51.997739 -21.194920 774.920696
0.766839 -0.581812 0.271021 0.552298 0.813271 0.183186 -0.326993 0.009210 0.944982 -51.997739 -21.194920 774.920696
0.785321 -0.553187 0.277947 0.530814 0.832717 0.157544 -0.318602 0.023816 0.947589 -51.997739 -21.194920 774.920696
0.802897 -0.524400 0.283480 0.508961 0.850610 0.131989 -0.310346 0.038307 0.949851 -51.997739 -21.194920 774.920696
0.819546 -0.495571 0.287670 0.486831 0.866968 0.106595 -0.302226 0.052688 0.951779 -51.997739 -21.194920 774.920696
0.835254 -0.466817 0.290575 0.464512 0.881815 0.081428 -0.294245 0.066962 0.953381 -51.997739 -21.194920 774.920696
0.850013 -0.438250 0.292257 0.442096 0.895184 0.056549 -0.286407 0.081138 0.954666 -51.997739 -21.194920 774.920696
0.863824 -0.409980 0.292788 0.419674 0.907110 0.032011 -0.278715 0.095224 0.955641 -51.997739 -21.194920 774.920696
0.876691 -0.382109 0.292242 0.397337 0.917639 0.007859 -0.271176 0.109228 0.956312 -51.997739 -21.194920 774.920696
0.888626 -0.354737 0.290698 0.375174 0.926819 -0.015868 -0.263795 0.123163 0.956683 -51.997739 -21.194920 774.920696
0.899646 -0.327955 0.288239 0.353274 0.934701 -0.039140 -0.256581 0.137040 0.956758 -51.997739 -21.194920 774.920696
