0.999848 -0.000000 0.017452 0.000000 1.000000 0.000000 -0.017452 0.000000 0.999848 -12.356304 0.000000 -707.892168
0.999835 -0.000723 0.018157 0.000710 0.999999 0.000723 -0.018158 -0.000710 0.999835 -12.855443 -0.511868 -707.883095
0.999791 -0.002862 0.020243 0.002804 0.999992 0.002862 -0.020251 -0.002804 0.999791 -14.332238 -2.026173 -707.852020
0.999700 -0.006371 0.023666 0.006222 0.999960 0.006371 -0.023706 -0.006222 0.999700 -16.755690 -4.510792 -707.787327
0.999534 -0.011205 0.028382 0.010891 0.999878 0.011205 -0.028504 -0.010891 0.999534 -20.094684 -7.933250 -707.670310
0.999260 -0.017317 0.034347 0.016730 0.999710 0.017317 -0.034637 -0.016730 0.999260 -24.317938 -12.260489 -707.476020
0.998833 -0.024659 0.041517 0.023648 0.999416 0.024659 -0.042101 -0.023648 0.998833 -29.393943 -17.458605 -707.174090
0.998206 -0.033182 0.049846 0.031549 0.998951 0.033182 -0.050895 -0.031549 0.998206 -35.290887 -23.492526 -706.729548
0.997321 -0.042833 0.059289 0.040327 0.998268 0.042833 -0.061021 -0.040327 0.997321 -41.976582 -30.325692 -706.103618
0.996122 -0.053559 0.069800 0.049870 0.997319 0.053559 -0.072481 -0.049870 0.996122 -49.418388 -37.919722 -705.254506
0.994545 -0.065302 0.081332 0.060061 0.996056 0.065302 -0.085276 -0.060061 0.994545 -57.583133 -46.234108 -704.138190
0.992527 -0.078003 0.093838 0.070778 0.994438 0.078003 -0.099400 -0.070778 0.992527 -66.437056 -55.225924 -702.709197
0.990002 -0.091595 0.107268 0.081895 0.992423 0.091595 -0.114845 -0.081895 0.990002 -75.945736 -64.849594 -700.921376
0.986905 -0.106012 0.121574 0.093283 0.989980 0.106012 -0.131594 -0.093283 0.986905 -86.074054 -75.056693 -698.728667
0.983172 -0.121181 0.136704 0.104813 0.987081 0.121181 -0.149622 -0.104813 0.983172 -96.786155 -85.795831 -696.085854
0.978742 -0.137023 0.152607 0.116354 0.983710 0.137023 -0.168896 -0.116354 0.978742 -108.045424 -97.012583 -692.949309
0.973556 -0.153460 0.169230 0.127778 0.979859 0.153460 -0.189371 -0.127778 0.973556 -119.814488 -108.649518 -689.277717
0.967560 -0.170404 0.186519 0.138958 0.975527 0.170404 -0.210992 -0.138958 0.967560 -132.055225 -120.646284 -685.032767
0.960706 -0.187768 0.204419 0.149773 0.970727 0.187768 -0.233692 -0.149773 0.960706 -144.728796 -132.939792 -680.179820
0.952950 -0.205458 0.222875 0.160107 0.965480 0.205458 -0.257395 -0.160107 0.952950 -157.795688 -145.464473 -674.688527
0.944256 -0.223379 0.241830 0.169852 0.959819 0.223379 -0.282012 -0.169852 0.944256 -171.215783 -158.152611 -668.533400
0.934597 -0.241433 0.261227 0.178907 0.953783 0.241433 -0.307444 -0.178907 0.934597 -184.948438 -170.934763 -661.694327
0.923951 -0.259520 0.281006 0.187184 0.947424 0.259520 -0.333583 -0.187184 0.923951 -198.952581 -183.740244 -654.157009
0.912307 -0.277539 0.301111 0.194604 0.940798 0.277539 -0.360313 -0.194604 0.912307 -213.186827 -196.497674 -645.913339
0.899663 -0.295389 0.321482 0.201101 0.933972 0.295389 -0.387510 -0.201101 0.899663 -227.609600 -209.135579 -636.961678
0.886027 -0.312970 0.342061 0.206623 0.927015 0.312970 -0.415046 -0.206623 0.886027 -242.179278 -221.583047 -627.307062
0.871414 -0.330184 0.362789 0.211131 0.920001 0.330184 -0.442788 -0.211131 0.871414 -256.854340 -233.770405 -616.961300
0.855852 -0.346935 0.383607 0.214602 0.913007 0.346935 -0.470599 -0.214602 0.855852 -271.593522 -245.629921 -605.942985
0.839375 -0.363131 0.404458 0.217025 0.906110 0.363131 -0.498347 -0.217025 0.839375 -286.355990 -257.096517 -594.277400
0.822029 -0.378684 0.425285 0.218405 0.899387 0.378684 -0.525897 -0.218405 0.822029 -301.101505 -268.108472 -581.996333
0.803867 -0.393514 0.446032 0.218759 0.892911 0.393514 -0.553120 -0.218759 0.803867 -315.790597 -278.608101 -569.137791
0.784951 -0.407546 0.466645 0.218119 0.886753 0.407546 -0.579892 -0.218119 0.784951 -330.384740 -288.542414 -555.745624
0.765352 -0.420711 0.487071 0.216528 0.880975 0.420711 -0.606096 -0.216528 0.765352 -344.846522 -297.863712 -541.869067
0.745144 -0.432952 0.507260 0.214039 0.875637 0.432952 -0.631623 -0.214039 0.745144 -359.139810 -306.530136 -527.562198
0.724411 -0.444218 0.527161 0.210715 0.870787 0.444218 -0.656374 -0.210715 0.724411 -373.229910 -314.506144 -512.883339
0.703241 -0.454467 0.546728 0.206630 0.866466 0.454467 -0.680262 -0.206630 0.703241 -387.083722 -321.762907 -497.894390
0.681723 -0.463670 0.565918 0.201859 0.862707 0.463670 -0.703211 -0.201859 0.681723 -400.669869 -328.278625 -482.660129
0.659954 -0.471806 0.584688 0.196487 0.859530 0.471806 -0.725158 -0.196487 0.659954 -413.958832 -334.038744 -467.247474
0.638029 -0.478865 0.602999 0.190599 0.856949 0.478865 -0.746050 -0.190599 0.638029 -426.923056 -339.036083 -451.724738
0.616046 -0.484846 0.620815 0.184282 0.854965 0.484846 -0.765850 -0.184282 0.616046 -439.537042 -343.270863 -436.160868
0.594103 -0.489761 0.638104 0.177625 0.853571 0.489761 -0.784533 -0.177625 0.594103 -451.777421 -346.750642 -420.624718
0.572294 -0.493630 0.654835 0.170713 0.852752 0.493630 -0.802083 -0.170713 0.572294 -463.623012 -349.490149 -405.184326
0.550715 -0.496485 0.670981 0.163629 0.852484 0.496485 -0.818498 -0.163629 0.550715 -475.054851 -351.511036 -389.906245
0.529456 -0.498364 0.686520 0.156453 0.852734 0.498364 -0.833786 -0.156453 0.529456 -486.056201 -352.841544 -374.854925
0.508605 -0.499317 0.701430 0.149260 0.853466 0.499317 -0.847964 -0.149260 0.508605 -496.612542 -353.516093 -360.092149
0.488244 -0.499399 0.715694 0.142117 0.854636 0.499399 -0.861058 -0.142117 0.488244 -506.711534 -353.574800 -345.676558
0.468451 -0.498676 0.729298 0.135087 0.856197 0.498676 -0.873101 -0.135087 0.468451 -516.342956 -353.062952 -331.663238
0.449299 -0.497218 0.742230 0.128226 0.858098 0.497218 -0.884132 -0.128226 0.449299 -525.498624 -352.030418 -318.103413
0.430853 -0.495100 0.754481 0.121583 0.860287 0.495100 -0.894194 -0.121583 0.430853 -534.172280 -350.531031 -305.044212
0.413176 -0.492404 0.766044 0.115201 0.862709 0.492404 -0.903335 -0.115201 0.413176 -542.359466 -348.621945 -292.528545
0.395961 -0.489141 0.777146 0.108984 0.865369 0.489141 -0.911777 -0.108984 0.395961 -550.219341 -346.311721 -280.340630
0.378881 -0.485271 0.788011 0.102829 0.868296 0.485271 -0.919715 -0.102829 0.378881 -557.911614 -343.571872 -268.248020
0.361957 -0.480800 0.798636 0.096756 0.871476 0.480800 -0.927160 -0.096756 0.361957 -565.433941 -340.406437 -256.265323
0.345208 -0.475734 0.809017 0.090783 0.874892 0.475734 -0.934125 -0.090783 0.345208 -572.784032 -336.819945 -244.406991
0.328654 -0.470081 0.819152 0.084926 0.878528 0.470081 -0.940624 -0.084926 0.328654 -579.959647 -332.817411 -232.687297
0.312317 -0.463848 0.829038 0.079204 0.882367 0.463848 -0.946670 -0.079204 0.312317 -586.958601 -328.404323 -221.120331
0.296215 -0.457043 0.838671 0.073631 0.886392 0.457043 -0.952279 -0.073631 0.296215 -593.778762 -323.586642 -209.719972
0.280367 -0.449676 0.848048 0.068220 0.890583 0.449676 -0.957466 -0.068220 0.280367 -600.418052 -318.370788 -198.499884
0.264793 -0.441757 0.857167 0.062985 0.894921 0.441757 -0.962246 -0.062985 0.264793 -606.874449 -312.763636 -187.473495
0.249511 -0.433294 0.866025 0.057937 0.899388 0.433294 -0.966637 -0.057937 0.249511 -613.145986 -306.772506 -176.653983
0.234540 -0.424301 0.874620 0.053086 0.903964 0.424301 -0.970656 -0.053086 0.234540 -619.230753 -300.405153 -166.054265
0.219897 -0.414788 0.882948 0.048440 0.908628 0.414788 -0.974320 -0.048440 0.219897 -625.126896 -293.669760 -155.686981
0.205600 -0.404767 0.891007 0.044008 0.913360 0.404767 -0.977646 -0.044008 0.205600 -630.832619 -286.574927 -145.564479
0.191665 -0.394251 0.898794 0.039796 0.918141 0.394251 -0.980653 -0.039796 0.191665 -636.346185 -279.129660 -135.698807
0.178110 -0.383253 0.906308 0.035808 0.922949 0.383253 -0.983359 -0.035808 0.178110 -641.665913 -271.343360 -126.101692
0.164950 -0.371788 0.913545 0.032049 0.927764 0.371788 -0.985781 -0.032049 0.164950 -646.790184 -263.225815 -116.784537
0.152201 -0.359869 0.920505 0.028520 0.932567 0.359869 -0.987938 -0.028520 0.152201 -651.717436 -254.787186 -107.758403
0.139879 -0.347511 0.927184 0.025223 0.937336 0.347511 -0.989847 -0.025223 0.139879 -656.446169 -246.037995 -99.033996
0.127997 -0.334730 0.933580 0.022158 0.942053 0.334730 -0.991527 -0.022158 0.127997 -660.974942 -236.989115 -90.621661
0.116570 -0.321542 0.939693 0.019324 0.946698 0.321542 -0.992995 -0.019324 0.116570 -665.302376 -227.651757 -82.531368
0.105611 -0.307963 0.945519 0.016718 0.951252 0.307963 -0.994267 -0.016718 0.105611 -669.427152 -218.037455 -74.772702
0.095134 -0.294009 0.951057 0.014336 0.955695 0.294009 -0.995361 -0.014336 0.095134 -673.348014 -208.158057 -67.354851
0.085151 -0.279697 0.956305 0.012174 0.960011 0.279697 -0.996294 -0.012174 0.085151 -677.063767 -198.025708 -60.286599
0.075673 -0.265046 0.961262 0.010226 0.964181 0.265046 -0.997080 -0.010226 0.075673 -680.573281 -187.652838 -53.576317
0.066712 -0.250074 0.965926 0.008486 0.968190 0.250074 -0.997736 -0.008486 0.066712 -683.875485 -177.052150 -47.231951
0.058278 -0.234797 0.970296 0.006945 0.972020 0.234797 -0.998276 -0.006945 0.058278 -686.969374 -166.236601 -41.261016
0.050382 -0.219236 0.974370 0.005594 0.975656 0.219236 -0.998714 -0.005594 0.050382 -689.854006 -155.219393 -35.670587
0.043033 -0.203410 0.978148 0.004425 0.979084 0.203410 -0.999064 -0.004425 0.043033 -692.528501 -144.013954 -30.467293
0.036239 -0.187336 0.981627 0.003426 0.982290 0.187336 -0.999337 -0.003426 0.036239 -694.992046 -132.633927 -25.657309
0.030009 -0.171036 0.984808 0.002586 0.985261 0.171036 -0.999546 -0.002586 0.030009 -697.243889 -121.093153 -21.246348
0.024350 -0.154528 0.987688 0.001893 0.987987 0.154528 -0.999702 -0.001893 0.024350 -699.283345 -109.405655 -17.239659
0.019268 -0.137833 0.990268 0.001334 0.990455 0.137833 -0.999813 -0.001334 0.019268 -701.109793 -97.585624 -13.642015
0.014771 -0.120971 0.992546 0.000897 0.992656 0.120971 -0.999891 -0.000897 0.014771 -702.722675 -85.647404 -10.457715
0.010862 -0.103963 0.994522 0.000566 0.994581 0.103963 -0.999941 -0.000566 0.010862 -704.121502 -73.605473 -7.690572
0.007548 -0.086828 0.996195 0.000328 0.996223 0.086828 -0.999971 -0.000328 0.007548 -705.305846 -61.474432 -5.343918
0.004831 -0.069589 0.997564 0.000168 0.997576 0.069589 -0.999988 -0.000168 0.004831 -706.275348 -49.268986 -3.420589
0.002716 -0.052265 0.998630 0.000071 0.998633 0.052265 -0.999996 -0.000071 0.002716 -707.029711 -37.003928 -1.922932
0.001205 -0.034879 0.999391 0.000021 0.999392 0.034879 -0.999999 -0.000021 0.001205 -707.568706 -24.694123 -0.852797
0.000299 -0.017450 0.999848 0.000003 0.999848 0.017450 -1.000000 -0.000003 0.000299 -707.892168 -12.354493 -0.211536
-0.000000 -0.000000 1.000000 0.000000 1.000000 0.000000 -1.000000 0.000000 -0.000000 -708.000000 -0.000000 0.000000
0.000309 0.017450 0.999848 -0.000003 0.999848 -0.017450 -1.000000 0.000003 0.000309 -707.892168 12.354371 -0.218541
0.001225 0.034878 0.999391 -0.000021 0.999392 -0.034878 -0.999999 0.000021 0.001225 -707.568706 24.693628 -0.867007
0.002747 0.052264 0.998630 -0.000072 0.998633 -0.052264 -0.999996 0.000072 0.002747 -707.029711 37.002787 -1.944747
0.004874 0.069586 0.997564 -0.000170 0.997576 -0.069586 -0.999988 0.000170 0.004874 -706.275348 49.266893 -3.450607
0.007603 0.086823 0.996195 -0.000331 0.996224 -0.086823 -0.999971 0.000331 0.007603 -705.305846 61.471028 -5.382932
0.010932 0.103955 0.994522 -0.000570 0.994582 -0.103955 -0.999940 0.000570 0.010932 -704.121502 73.600337 -7.739569
0.014856 0.120961 0.992546 -0.000902 0.992657 -0.120961 -0.999889 0.000902 0.014856 -702.722675 85.640037 -10.517867
0.019371 0.137818 0.990268 -0.001341 0.990457 -0.137818 -0.999811 0.001341 0.019371 -701.109793 97.575438 -13.714681
0.024472 0.154508 0.987688 -0.001902 0.987990 -0.154508 -0.999699 0.001902 0.024472 -699.283345 109.391956 -17.326371
0.030154 0.171010 0.984808 -0.002598 0.985266 -0.171010 -0.999542 0.002598 0.030154 -697.243889 121.075131 -21.348812
0.036408 0.187303 0.981627 -0.003431 0.982296 -0.187304 -0.999331 0.003451 0.036406 -694.992046 132.610994 -25.775579
0.043227 0.203368 0.978148 -0.004406 0.979092 -0.203370 -0.999056 0.004482 0.043219 -692.528501 143.985950 -30.599366
0.050603 0.219186 0.974370 -0.005535 0.975667 -0.219190 -0.998704 0.005698 0.050585 -689.854006 155.186341 -35.814108
0.058526 0.234736 0.970296 -0.006834 0.972033 -0.234744 -0.998262 0.007108 0.058494 -686.969374 166.198704 -41.413400
0.066987 0.250000 0.965926 -0.008313 0.968207 -0.250014 -0.997719 0.008718 0.066936 -683.875485 177.009776 -47.390508
0.075976 0.264960 0.961262 -0.009984 0.964202 -0.264981 -0.997060 0.010534 0.075902 -680.573281 187.606497 -53.738363
0.085481 0.279596 0.956305 -0.011859 0.960035 -0.279627 -0.996269 0.012562 0.085381 -677.063767 197.976018 -60.449579
0.095492 0.293893 0.951057 -0.013946 0.955724 -0.293935 -0.995333 0.014805 0.095362 -673.348014 208.105700 -67.516443
0.105995 0.307831 0.945519 -0.016254 0.951284 -0.307886 -0.994234 0.017265 0.105835 -669.427152 217.983129 -74.930931
0.116978 0.321394 0.939693 -0.018791 0.946736 -0.321463 -0.992957 0.019946 0.116786 -665.302376 227.596110 -82.684701
0.128428 0.334565 0.933580 -0.021562 0.942096 -0.334651 -0.991484 0.022849 0.128205 -660.974942 236.932681 -90.769107
0.140330 0.347329 0.927184 -0.024573 0.937384 -0.347431 -0.989800 0.025972 0.140078 -656.446169 245.981114 -99.175192
0.152671 0.359670 0.920505 -0.027827 0.932619 -0.359788 -0.987885 0.029314 0.152392 -651.717436 254.729921 -107.893702
0.165435 0.371572 0.913545 -0.031327 0.927822 -0.371706 -0.985723 0.032874 0.165134 -646.790184 263.167860 -116.915078
0.178606 0.383022 0.906308 -0.035075 0.923012 -0.383169 -0.983295 0.036648 0.178290 -641.665913 271.283942 -126.229467
0.192169 0.394005 0.898794 -0.039070 0.918210 -0.394163 -0.980584 0.040630 0.191846 -636.346185 279.067436 -135.826725
0.206107 0.404508 0.891007 -0.043312 0.913436 -0.404672 -0.977570 0.044815 0.205786 -630.832619 286.507874 -145.696413
0.220404 0.414519 0.882948 -0.047797 0.908710 -0.414682 -0.974237 0.049195 0.220096 -625.126896 293.595059 -155.827807
0.235040 0.424024 0.874620 -0.052522 0.904054 -0.424179 -0.970566 0.053762 0.234760 -619.230753 300.319072 -166.209898
0.250000 0.433013 0.866025 -0.057481 0.899487 -0.433150 -0.966538 0.058507 0.249762 -613.145986 306.670276 -176.831394
0.265264 0.441474 0.857167 -0.062668 0.895030 -0.441581 -0.962137 0.063419 0.265086 -606.874449 312.639327 -187.680724
0.280814 0.449397 0.848048 -0.068074 0.890703 -0.449459 -0.957345 0.068484 0.280715 -600.418052 318.217179 -198.746043
0.296632 0.456773 0.838671 -0.073691 0.886526 -0.456773 -0.952145 0.073691 0.296632 -593.778762 323.395092 -210.015228
0.312697 0.463592 0.829038 -0.079494 0.882517 -0.463514 -0.946521 0.079036 0.312813 -586.958601 328.167594 -221.471512
0.328990 0.469846 0.819152 -0.085457 0.878693 -0.469676 -0.940459 0.084516 0.329233 -579.959647 332.530698 -233.096851
0.345492 0.475528 0.809017 -0.091564 0.875072 -0.475252 -0.933944 0.090119 0.345871 -572.784032 336.478517 -244.876827
0.362181 0.480631 0.798636 -0.097797 0.871671 -0.480234 -0.926963 0.095828 0.362707 -565.433941 340.005691 -256.796784
0.379039 0.485148 0.788011 -0.104138 0.868507 -0.484615 -0.919502 0.101626 0.379720 -557.911614 343.107402 -268.841854
0.396044 0.489074 0.777146 -0.110567 0.865593 -0.488389 -0.911550 0.107497 0.396888 -550.219341 345.779379 -280.996972
0.413176 0.492404 0.766044 -0.117063 0.862945 -0.491551 -0.903096 0.113421 0.414191 -542.359466 348.017907 -293.246904
0.430413 0.495134 0.754710 -0.123606 0.860576 -0.494096 -0.894129 0.119379 0.431605 -534.334383 349.819833 -305.576261
0.447736 0.497261 0.743145 -0.130172 0.858498 -0.496021 -0.884640 0.125350 0.449110 -526.146536 351.182576 -317.969528
0.465122 0.498782 0.731354 -0.136737 0.856723 -0.497322 -0.874623 0.131312 0.466682 -517.798421 352.104126 -330.411078
0.482550 0.499695 0.719340 -0.143278 0.855259 -0.497999 -0.864070 0.137244 0.484301 -509.292579 352.583051 -342.885201
0.500000 0.500000 0.707107 -0.149770 0.854117 -0.498049 -0.852977 0.143121 0.501944 -500.631601 352.618504 -355.376125
0.517450 0.499695 0.694658 -0.156187 0.853304 -0.497472 -0.841339 0.148920 0.519588 -491.818126 352.210220 -367.868035
0.534878 0.498782 0.681998 -0.162502 0.852825 -0.496269 -0.829155 0.154617 0.537211 -482.854839 351.358521 -380.345099
0.552264 0.497261 0.669131 -0.168690 0.852685 -0.494441 -0.816424 0.160187 0.554790 -473.744469 350.064312 -392.791490
0.569587 0.495134 0.656059 -0.174722 0.852888 -0.491990 -0.803146 0.165603 0.572304 -464.489793 348.329092 -405.191407
0.586824 0.492404 0.642788 -0.180571 0.853435 -0.488919 -0.789323 0.170841 0.589730 -455.093628 346.154937 -417.529100
0.603956 0.489074 0.629320 -0.186210 0.854327 -0.485232 -0.774960 0.175873 0.607046 -445.558837 343.544513 -429.788891
0.620961 0.485148 0.615661 -0.191610 0.855563 -0.480934 -0.760061 0.180674 0.624231 -435.888325 340.501060 -441.955197
0.637819 0.480631 0.601815 -0.196743 0.857140 -0.476029 -0.744634 0.185217 0.641261 -426.085036 337.028401 -454.012554
0.654508 0.475528 0.587785 -0.201582 0.859053 -0.470524 -0.728686 0.189475 0.658115 -416.151959 333.130925 -465.945634
0.671010 0.469846 0.573576 -0.206097 0.861297 -0.464426 -0.712228 0.193422 0.674773 -406.092117 328.813588 -477.739277
0.687303 0.463592 0.559193 -0.210262 0.863864 -0.457743 -0.695273 0.197031 0.691213 -395.908576 324.081909 -489.378500
0.703368 0.456773 0.544639 -0.214049 0.866746 -0.450483 -0.677832 0.200276 0.707413 -385.604437 318.941955 -500.848528
0.719186 0.449397 0.529919 -0.217430 0.869931 -0.442656 -0.659921 0.203131 0.723354 -375.182839 313.400337 -512.134812
0.734736 0.441474 0.515038 -0.220379 0.873408 -0.434271 -0.641558 0.205571 0.739016 -364.646957 307.464203 -523.223051
0.750000 0.433013 0.500000 -0.222870 0.877163 -0.425341 -0.622759 0.207571 0.754377 -354.000000 301.141222 -534.099208
0.764960 0.424024 0.484810 -0.224876 0.881180 -0.415875 -0.603546 0.209105 0.769420 -343.245211 294.439579 -544.749538
0.779596 0.414519 0.469472 -0.226374 0.885444 -0.405887 -0.583938 0.210152 0.784125 -332.385866 287.367960 -555.160600
0.793893 0.404508 0.453990 -0.227340 0.889935 -0.395389 -0.563960 0.210687 0.798474 -321.425274 279.935540 -565.319278
0.807831 0.394005 0.438371 -0.227749 0.894634 -0.384395 -0.543636 0.210688 0.812447 -310.366772 272.151973 -575.212804
0.821394 0.383022 0.422618 -0.227581 0.899521 -0.372920 -0.522991 0.210134 0.826029 -299.213729 264.027374 -584.828770
0.834565 0.371572 0.406737 -0.226814 0.904572 -0.360978 -0.502052 0.209006 0.839202 -287.969543 255.572303 -594.155148
0.847329 0.359670 0.390731 -0.225428 0.909764 -0.348584 -0.480849 0.207284 0.851950 -276.637639 246.797760 -603.180307
0.859670 0.347329 0.374607 -0.223406 0.915073 -0.335756 -0.459410 0.204950 0.864256 -265.221468 237.715155 -611.893028
0.871572 0.334565 0.358368 -0.220728 0.920471 -0.322509 -0.437768 0.201988 0.876105 -253.724508 228.336302 -620.282522
0.883022 0.321394 0.342020 -0.217381 0.925932 -0.308861 -0.415953 0.198382 0.887484 -242.150261 218.673396 -628.338441
0.894005 0.307831 0.325568 -0.213349 0.931428 -0.294829 -0.394001 0.194119 0.898377 -230.502253 208.739001 -636.050895
0.904508 0.293893 0.309017 -0.208620 0.936929 -0.280432 -0.371944 0.189186 0.908772 -218.784032 198.546025 -643.410463
0.914519 0.279596 0.292372 -0.203181 0.942405 -0.265689 -0.349818 0.183573 0.918656 -206.999167 188.107704 -650.408208
0.924024 0.264960 0.275637 -0.197025 0.947825 -0.250618 -0.327660 0.177270 0.928017 -195.151248 177.437587 -657.035686
0.933013 0.250000 0.258819 -0.190142 0.953157 -0.235239 -0.305505 0.170269 0.936843 -183.243884 166.549510 -663.284961
0.941474 0.234736 0.241922 -0.182527 0.958369 -0.219573 -0.283392 0.162565 0.945125 -171.280702 155.457579 -669.148610
0.949397 0.219186 0.224951 -0.174175 0.963429 -0.203639 -0.261359 0.154153 0.952853 -159.265346 144.176150 -674.619735
0.956773 0.203368 0.207912 -0.165083 0.968301 -0.187457 -0.239444 0.145031 0.960017 -147.201477 132.719807 -679.691973
0.963592 0.187303 0.190809 -0.155252 0.972954 -0.171050 -0.217687 0.135199 0.966609 -135.092769 121.103341 -684.359500
0.969846 0.171010 0.173648 -0.144682 0.977352 -0.154437 -0.196126 0.124657 0.972623 -122.942910 109.341731 -688.617039
0.975528 0.154508 0.156434 -0.133376 0.981461 -0.137641 -0.174801 0.113408 0.978051 -110.755601 97.450118 -692.459870
0.980631 0.137819 0.139173 -0.121340 0.985247 -0.120683 -0.153752 0.101459 0.982887 -98.534555 85.443790 -695.883827
0.985148 0.120961 0.121869 -0.108580 0.988676 -0.103582 -0.133019 0.088811 0.987126 -86.283495 73.336191 -698.885514
0.989074 0.103956 0.104528 -0.095107 0.991714 -0.086356 -0.112640 0.075471 0.990766 -74.006152 61.140296 -701.462012
0.992404 0.086824 0.087156 -0.080930 0.994327 -0.069027 -0.092654 0.061449 0.993800 -61.706266 48.870839 -703.610672
0.995134 0.069587 0.069756 -0.066063 0.996480 -0.051614 -0.073103 0.046754 0.996228 -49.387583 36.542614 -705.329359
0.997261 0.052264 0.052336 -0.050519 0.998139 -0.034139 -0.054023 0.031402 0.998046 -37.053857 24.170464 -706.616445
0.998782 0.034878 0.034899 -0.034315 0.999273 -0.016623 -0.035454 0.015405 0.999253 -24.708844 11.769263 -707.470817
0.999695 0.017450 0.017452 -0.017468 0.999847 0.000913 -0.017434 -0.001217 0.999847 -12.356304 -0.646106 -707.891873
1.000000 0.000000 0.000000 -0.000000 0.999830 0.018447 -0.000000 -0.018447 0.999830 -0.000000 -13.060760 -707.879521
0.999695 -0.017450 -0.017452 0.018069 0.999190 0.035960 0.016811 -0.036265 0.999201 12.356304 -25.459837 -707.434180
0.998782 -0.034878 -0.034899 0.036714 0.997896 0.053430 0.032963 -0.054646 0.997962 24.708844 -37.828513 -706.556775
0.997261 -0.052264 -0.052336 0.055911 0.995920 0.070836 0.048420 -0.073568 0.996114 37.053857 -50.152017 -705.248741
0.995134 -0.069587 -0.069756 0.075633 0.993231 0.088158 0.063150 -0.093005 0.993661 49.387583 -62.415650 -703.512014
0.992404 -0.086824 -0.087156 0.095851 0.989802 0.105374 0.077118 -0.112928 0.990606 61.706266 -74.604799 -701.349029
0.989074 -0.103956 -0.104528 0.116534 0.985608 0.122465 0.090293 -0.133308 0.986953 74.006152 -86.704952 -698.762721
0.985148 -0.120961 -0.121869 0.137651 0.980621 0.139409 0.102645 -0.154114 0.982707 86.283495 -98.701720 -695.756516
0.980631 -0.137819 -0.139173 0.159168 0.974818 0.156188 0.114143 -0.175314 0.977873 98.534555 -110.580846 -692.334325
0.975528 -0.154508 -0.156434 0.181051 0.968177 0.172780 0.124760 -0.196874 0.972458 110.755601 -122.328224 -688.500546
0.969846 -0.171010 -0.173648 0.203263 0.960677 0.189167 0.134470 -0.218759 0.966469 122.942910 -133.929916 -684.260052
0.963592 -0.187303 -0.190809 0.225767 0.952297 0.205328 0.143248 -0.240931 0.959913 135.092769 -145.372164 -679.618185
0.956773 -0.203368 -0.207912 0.248523 0.943020 0.221245 0.151071 -0.263352 0.952798 147.201477 -156.641409 -674.580754
0.949397 -0.219186 -0.224951 0.271492 0.932830 0.236899 0.157916 -0.285983 0.945133 159.265346 -167.724300 -669.154025
0.941474 -0.234736 -0.241922 0.294632 0.921711 0.252271 0.163765 -0.308784 0.936928 171.280702 -178.607716 -663.344710
0.933013 -0.250000 -0.258819 0.317902 0.909652 0.267343 0.168599 -0.331713 0.928192 183.243884 -189.278777 -657.159968
0.924024 -0.264960 -0.275637 0.341257 0.896641 0.282097 0.172403 -0.354728 0.918937 195.151248 -199.724854 -650.607388
0.914519 -0.279596 -0.292372 0.364655 0.882669 0.296516 0.175163 -0.377785 0.909174 206.999167 -209.933592 -643.694983
0.904508 -0.293893 -0.309017 0.388050 0.867730 0.310583 0.176865 -0.400839 0.898914 218.784032 -219.892917 -636.431184
0.894005 -0.307831 -0.325568 0.411397 0.851818 0.324281 0.177501 -0.423847 0.888171 230.502253 -229.591048 -628.824826
0.883022 -0.321394 -0.342020 0.434650 0.834931 0.337594 0.177063 -0.446762 0.876956 242.150261 -239.016516 -620.885139
0.871572 -0.334565 -0.358368 0.457762 0.817068 0.350506 0.175544 -0.469538 0.865285 253.724508 -248.158170 -612.621740
0.859670 -0.347329 -0.374607 0.480686 0.798230 0.363002 0.172941 -0.492130 0.853170 265.221468 -257.005199 -604.044618
0.847329 -0.359670 -0.390731 0.503375 0.778420 0.375067 0.169253 -0.514489 0.840627 276.637639 -265.547131 -595.164127
0.834565 -0.371572 -0.406737 0.525782 0.757646 0.386686 0.164480 -0.536570 0.827671 287.969543 -273.773854 -585.990972
0.821394 -0.383022 -0.422618 0.547859 0.735913 0.397847 0.158626 -0.558324 0.814317 299.213729 -281.675625 -576.536197
0.807831 -0.394005 -0.438371 0.569559 0.713233 0.408535 0.151695 -0.579706 0.800581 310.366772 -289.243081 -566.811174
0.793893 -0.404508 -0.453990 0.590835 0.689617 0.418739 0.143696 -0.600667 0.786480 321.425274 -296.467246 -556.827591
0.779596 -0.414519 -0.469472 0.611639 0.665081 0.428446 0.134638 -0.621162 0.772030 332.385866 -303.339545 -546.597435
0.764960 -0.424024 -0.484810 0.631924 0.639640 0.437644 0.124532 -0.641143 0.757250 343.245211 -309.851815 -536.132985
0.750000 -0.433013 -0.500000 0.651645 0.613314 0.446322 0.113394 -0.660565 0.742156 354.000000 -315.996309 -525.446793
0.734736 -0.441474 -0.515038 0.670756 0.586124 0.454471 0.101239 -0.679381 0.726768 364.646957 -321.765710 -514.551673
0.719186 -0.449397 -0.529919 0.689212 0.558094 0.462081 0.088087 -0.697548 0.711103 375.182839 -327.153134 -503.460688
0.703368 -0.456773 -0.544639 0.706968 0.529248 0.469141 0.073958 -0.715021 0.695180 385.604437 -332.152145 -492.187130
0.687303 -0.463592 -0.559193 0.723981 0.499614 0.475645 0.058875 -0.731757 0.679018 395.908576 -336.756756 -480.744514
0.671010 -0.469846 -0.573576 0.740208 0.469221 0.481584 0.042864 -0.747714 0.662636 406.092117 -340.961438 -469.146555
0.654508 -0.475528 -0.587785 0.755609 0.438103 0.486951 0.025951 -0.762849 0.646055 416.151959 -344.761131 -457.407160
0.637819 -0.480631 -0.601815 0.770143 0.406291 0.491739 0.008167 -0.777124 0.629294 426.085036 -348.151242 -445.540407
0.620961 -0.485148 -0.615661 0.783772 0.373821 0.495943 -0.010458 -0.790499 0.612374 435.888325 -351.127657 -433.560534
0.603956 -0.489074 -0.629320 0.796457 0.340732 0.499558 -0.029891 -0.802937 0.595313 445.558837 -353.686748 -421.481918
0.586824 -0.492404 -0.642788 0.808163 0.307062 0.502578 -0.050096 -0.814402 0.578134 455.093628 -355.825367 -409.319067
0.569587 -0.495134 -0.656059 0.818856 0.272853 0.505001 -0.071036 -0.824860 0.560857 464.489793 -357.540862 -397.086596
0.552264 -0.497261 -0.669131 0.828502 0.238147 0.506824 -0.092672 -0.834277 0.543502 473.744469 -358.831075 -384.799217
0.534878 -0.498782 -0.681998 0.837072 0.202991 0.508041 -0.114962 -0.842622 0.526092 482.854839 -359.693007 -372.473013
0.517450 -0.499695 -0.694658 0.844536 0.167435 0.508650 -0.137860 -0.849865 0.508650 491.818126 -360.124236 -360.124236
0.500000 -0.500000 -0.707107 0.850868 0.131528 0.508650 -0.161321 -0.855979 0.491198 500.631601 -360.124236 -347.767932
0.482550 -0.499695 -0.719340 0.856043 0.095317 0.508041 -0.185300 -0.860941 0.473756 509.292579 -359.693007 -335.419156
0.465122 -0.498782 -0.731354 0.860038 0.058854 0.506824 -0.209751 -0.864727 0.456346 517.798421 -358.831075 -323.092951
0.447736 -0.497261 -0.743145 0.862834 0.022190 0.504999 -0.234626 -0.867317 0.438989 526.146536 -357.539490 -310.804337
0.430413 -0.495134 -0.754710 0.864413 -0.014622 0.502570 -0.259875 -0.868694 0.421707 534.334383 -355.819824 -298.568283
0.413176 -0.492404 -0.766044 0.864757 -0.051529 0.499540 -0.285449 -0.868840 0.404519 542.359466 -353.674175 -286.399700
0.396044 -0.489074 -0.777146 0.863854 -0.088475 0.495911 -0.311295 -0.867744 0.387448 550.219341 -351.105155 -274.313411
0.379039 -0.485148 -0.788011 0.861693 -0.125407 0.491689 -0.337364 -0.865393 0.370514 557.911614 -348.115894 -262.324142
0.362181 -0.480631 -0.798636 0.858265 -0.162268 0.486879 -0.363602 -0.861779 0.353738 565.433941 -344.710035 -250.446501
0.345492 -0.475528 -0.809017 0.853563 -0.199002 0.481485 -0.389956 -0.856896 0.337140 572.784032 -340.891728 -238.694957
0.328990 -0.469846 -0.819152 0.847584 -0.235553 0.475516 -0.416373 -0.850740 0.320740 579.959647 -336.665623 -227.083830
0.312697 -0.463592 -0.829038 0.840327 -0.271863 0.468979 -0.442799 -0.843311 0.304558 586.958601 -332.036870 -215.627265
0.296632 -0.456773 -0.838671 0.831793 -0.307875 0.461880 -0.469180 -0.834609 0.288615 593.778762 -327.011108 -204.339219
0.280814 -0.449397 -0.848048 0.821985 -0.343534 0.454229 -0.495463 -0.824637 0.272929 600.418052 -321.594461 -193.233447
0.265264 -0.441474 -0.857167 0.810911 -0.378781 0.446036 -0.521592 -0.813404 0.257519 606.874449 -315.793528 -182.323479
0.250000 -0.433013 -0.866025 0.798579 -0.413560 0.437310 -0.547514 -0.800917 0.242405 613.145986 -309.615376 -171.622606
0.235040 -0.424024 -0.874620 0.785000 -0.447815 0.428061 -0.573176 -0.787188 0.227604 619.230753 -303.067533 -161.143866
0.220404 -0.414519 -0.882948 0.770189 -0.481490 0.418302 -0.598524 -0.772232 0.213136 625.126896 -296.157976 -150.900026
0.206107 -0.404508 -0.891007 0.754161 -0.514530 0.408044 -0.623507 -0.756064 0.199016 630.832619 -288.895122 -140.903566
0.192169 -0.394005 -0.898794 0.736937 -0.546880 0.397299 -0.648070 -0.738703 0.185264 636.346185 -281.287822 -131.166666
0.178606 -0.383022 -0.906308 0.718537 -0.578486 0.386081 -0.672164 -0.720172 0.171894 641.665913 -273.345343 -121.701188
0.165435 -0.371572 -0.913545 0.698985 -0.609297 0.374403 -0.695738 -0.700494 0.158925 646.790184 -265.077362 -112.518665
0.152671 -0.359670 -0.920505 0.678307 -0.639259 0.362280 -0.718743 -0.679695 0.146370 651.717436 -256.493952 -103.630284
0.140330 -0.347329 -0.927184 0.656533 -0.668324 0.349725 -0.741129 -0.657804 0.134247 656.446169 -247.605571 -95.046874
0.128428 -0.334565 -0.933580 0.633692 -0.696441 0.336756 -0.762851 -0.634851 0.122569 660.974942 -238.423048 -86.778893
0.116978 -0.321394 -0.939693 0.609818 -0.723563 0.323386 -0.783861 -0.610870 0.111351 665.302376 -228.957570 -78.836414
0.105995 -0.307831 -0.945519 0.584946 -0.749644 0.309634 -0.804117 -0.585897 0.100606 669.427152 -219.220670 -71.229114
0.095492 -0.293893 -0.951057 0.559113 -0.774638 0.295514 -0.823574 -0.559967 0.090348 673.348014 -209.224210 -63.966260
0.085481 -0.279596 -0.956305 0.532359 -0.798503 0.281046 -0.842192 -0.533121 0.080589 677.063767 -198.980370 -57.056703
0.075976 -0.264960 -0.961262 0.504724 -0.821198 0.266245 -0.859931 -0.505400 0.071340 680.573281 -188.501630 -50.508860
0.066987 -0.250000 -0.965926 0.476253 -0.842684 0.251131 -0.876753 -0.476847 0.062614 683.875485 -177.800757 -44.330708
0.058526 -0.234736 -0.970296 0.446989 -0.862923 0.235721 -0.892623 -0.447507 0.054421 686.969374 -166.890789 -38.529775
0.050603 -0.219186 -0.974370 0.416979 -0.881880 0.220035 -0.907506 -0.417426 0.046770 689.854006 -155.785017 -33.113127
0.043227 -0.203368 -0.978148 0.386271 -0.899523 0.204092 -0.921372 -0.386653 0.039671 692.528501 -144.496971 -28.087366
0.036408 -0.187303 -0.981627 0.354916 -0.915819 0.187910 -0.934189 -0.355236 0.033134 694.992046 -133.040406 -23.458613
0.030154 -0.171010 -0.984808 0.322963 -0.930741 0.171510 -0.945931 -0.323228 0.027165 697.243889 -121.429279 -19.232508
0.024472 -0.154508 -0.987688 0.290464 -0.944263 0.154912 -0.956573 -0.290679 0.021771 699.283345 -109.677735 -15.414200
0.019369 -0.137819 -0.990268 0.257475 -0.956360 0.138136 -0.966091 -0.257645 0.016961 701.109793 -97.800094 -12.008342
0.014852 -0.120961 -0.992546 0.224048 -0.967012 0.121202 -0.974465 -0.224178 0.012739 702.722675 -85.810825 -9.019081
0.010926 -0.103956 -0.994522 0.190239 -0.976200 0.104131 -0.981677 -0.190334 0.009110 704.121502 -73.724536 -6.450061
0.007596 -0.086824 -0.996195 0.156104 -0.983907 0.086943 -0.987711 -0.156170 0.006080 705.305846 -61.555953 -4.304412
0.004866 -0.069587 -0.997564 0.121700 -0.990119 0.069661 -0.992555 -0.121742 0.003651 706.275348 -49.319899 -2.584746
0.002739 -0.052264 -0.998630 0.087084 -0.994827 0.052304 -0.996197 -0.087108 0.001826 707.029711 -37.031285 -1.293161
0.001218 -0.034878 -0.999391 0.052315 -0.998021 0.034894 -0.998630 -0.052325 0.000609 707.568706 -24.705080 -0.431229
0.000305 -0.017450 -0.999848 0.017450 -0.999695 0.017452 -0.999848 -0.017452 0.000000 707.892168 -12.356304 -0.000000
0.000000 -0.000000 -1.000000 -0.017452 -0.999848 0.000000 -0.999848 0.017452 -0.000000 708.000000 -0.000000 0.000000
0.000305 0.017450 -0.999848 -0.052333 -0.998477 -0.017442 -0.998630 0.052331 0.000609 707.892168 12.348777 -0.431229
0.001218 0.034878 -0.999391 -0.087135 -0.995587 -0.034852 -0.996196 0.087124 0.001826 707.568706 24.674981 -1.293161
0.002739 0.052264 -0.998630 -0.121802 -0.991180 -0.052208 -0.992551 0.121778 0.003651 707.029711 36.963586 -2.584890
0.004866 0.069587 -0.997564 -0.156280 -0.985265 -0.069491 -0.987701 0.156238 0.006081 706.275348 49.199583 -4.305161
0.007596 0.086824 -0.996195 -0.190512 -0.977851 -0.086678 -0.981655 0.190446 0.009113 705.305846 61.368016 -6.452121
0.010926 0.103956 -0.994522 -0.224440 -0.968949 -0.103749 -0.974427 0.224344 0.012745 704.121502 73.453995 -9.023370
0.014852 0.120961 -0.992546 -0.258006 -0.958577 -0.120682 -0.966029 0.257875 0.016972 702.722675 85.442718 -12.015967
0.019369 0.137819 -0.990268 -0.291154 -0.946750 -0.137457 -0.956480 0.290983 0.021789 701.109793 97.319494 -15.426430
0.024472 0.154508 -0.987688 -0.323830 -0.933489 -0.154053 -0.945799 0.323613 0.027190 699.283345 109.069758 -19.250740
0.030154 0.171010 -0.984808 -0.355977 -0.918818 -0.170451 -0.934008 0.355709 0.033170 697.243889 120.679097 -23.484348
0.036408 0.187303 -0.981627 -0.387545 -0.902762 -0.186629 -0.921132 0.387219 0.039721 694.992046 132.133263 -28.122180
0.043227 0.203368 -0.978148 -0.418479 -0.885348 -0.202568 -0.907197 0.418091 0.046834 692.528501 143.418198 -33.158640
0.050603 0.219186 -0.974370 -0.448730 -0.866608 -0.218249 -0.892233 0.448273 0.054502 689.854006 154.520050 -38.587625
0.058526 0.234736 -0.970296 -0.478249 -0.846573 -0.233651 -0.876272 0.477718 0.062715 686.969374 165.425194 -44.402525
0.066987 0.250000 -0.965926 -0.506987 -0.825278 -0.248757 -0.859347 0.506375 0.071464 683.875485 176.120249 -50.596234
0.075976 0.264960 -0.961262 -0.534899 -0.802761 -0.263548 -0.841493 0.534201 0.080736 680.573281 186.592098 -57.161161
0.085481 0.279596 -0.956305 -0.561941 -0.779061 -0.278006 -0.822749 0.561151 0.090522 677.063767 196.827905 -64.089241
0.095492 0.293893 -0.951057 -0.588069 -0.754218 -0.292112 -0.803154 0.587181 0.100808 673.348014 206.815132 -71.371940
0.105995 0.307831 -0.945519 -0.613245 -0.728276 -0.305850 -0.782749 0.612253 0.111582 669.427152 216.541557 -79.000272
0.116978 0.321394 -0.939693 -0.637429 -0.701280 -0.319202 -0.761577 0.636327 0.122832 665.302376 225.995290 -86.964809
0.128428 0.334565 -0.933580 -0.660586 -0.673276 -0.332154 -0.739684 0.659368 0.134542 660.974942 235.164791 -95.255695
0.140330 0.347329 -0.927184 -0.682681 -0.644312 -0.344688 -0.717115 0.681341 0.146699 656.446169 244.038882 -103.862655
0.152671 0.359670 -0.920505 -0.703682 -0.614437 -0.356789 -0.693919 0.702214 0.159287 651.717436 252.606768 -112.775015
0.165435 0.371572 -0.913545 -0.723561 -0.583703 -0.368444 -0.670143 0.721959 0.172291 646.790184 260.858045 -121.981713
0.178606 0.383022 -0.906308 -0.742290 -0.552161 -0.379637 -0.645837 0.740548 0.185694 641.665913 268.782719 -131.471312
0.192169 0.394005 -0.898794 -0.759844 -0.519866 -0.390355 -0.621054 0.757957 0.199480 636.346185 276.371217 -141.232020
0.206107 0.404508 -0.891007 -0.776201 -0.486871 -0.400585 -0.595845 0.774164 0.213632 630.832619 283.614401 -151.251704
0.220404 0.414519 -0.882948 -0.791342 -0.453231 -0.410316 -0.570263 0.789149 0.228133 625.126896 290.503580 -161.517907
0.235040 0.424024 -0.874620 -0.805250 -0.419002 -0.419535 -0.544360 0.802895 0.242963 619.230753 297.030521 -172.017861
0.250000 0.433013 -0.866025 -0.817910 -0.384241 -0.428231 -0.518192 0.815389 0.258105 613.145986 303.187460 -182.738512
0.265517 0.441608 -0.857020 -0.829346 -0.348661 -0.436602 -0.491616 0.826691 0.273671 606.770120 309.114186 -193.758719
0.281826 0.449889 -0.847452 -0.839528 -0.311983 -0.444814 -0.464507 0.836819 0.289770 599.995679 314.928343 -205.156827
0.298906 0.457779 -0.837313 -0.848369 -0.274285 -0.452811 -0.436949 0.845699 0.306380 592.817892 320.590008 -216.917020
0.316731 0.465202 -0.826601 -0.855789 -0.235651 -0.460537 -0.409032 0.853262 0.323476 585.233269 326.060309 -229.021167
0.335269 0.472084 -0.815310 -0.861712 -0.196175 -0.467940 -0.380850 0.859449 0.341030 577.239695 331.301600 -241.448926
0.354482 0.478356 -0.803441 -0.866073 -0.155955 -0.474968 -0.352505 0.864207 0.359008 568.836511 336.277626 -254.177854
0.374327 0.483949 -0.790995 -0.868815 -0.115097 -0.481573 -0.324098 0.867494 0.377378 560.024595 340.953680 -267.183534
0.394755 0.488798 -0.777975 -0.869890 -0.073714 -0.487707 -0.295738 0.869277 0.396101 550.806418 345.296763 -280.439719
0.415712 0.492844 -0.764387 -0.869258 -0.031921 -0.493327 -0.267533 0.869532 0.415139 541.186095 349.275728 -293.918486
0.437141 0.496033 -0.750239 -0.866892 0.010163 -0.498392 -0.239594 0.868244 0.434450 531.169425 352.861427 -307.590402
0.458978 0.498314 -0.735542 -0.862776 0.052413 -0.502863 -0.212032 0.865411 0.453990 520.763915 356.026831 -321.424705
0.481155 0.499645 -0.720309 -0.856902 0.094704 -0.506705 -0.184956 0.861038 0.473714 509.978790 358.747155 -335.389494
0.503602 0.499987 -0.704555 -0.849276 0.136912 -0.509887 -0.158475 0.855142 0.493576 498.824999 360.999961 -349.451926
0.526245 0.499311 -0.688298 -0.839915 0.178909 -0.512380 -0.132694 0.847750 0.513529 487.315201 362.765246 -363.578425
0.549009 0.497592 -0.671559 -0.828847 0.220572 -0.514160 -0.107715 0.838898 0.533524 475.463740 364.025525 -377.734893
0.571813 0.494816 -0.654360 -0.816109 0.261779 -0.515206 -0.083635 0.828631 0.553513 463.286614 364.765879 -391.886931
0.594581 0.490973 -0.636725 -0.801753 0.302410 -0.515500 -0.060544 0.817003 0.573446 450.801427 364.974008 -406.000057
0.617232 0.486062 -0.618683 -0.785837 0.342352 -0.515029 -0.038529 0.804076 0.593277 438.027333 364.640252 -420.039930
0.639686 0.480091 -0.600261 -0.768433 0.381496 -0.513782 -0.017665 0.789920 0.612956 424.984970 363.757593 -433.972567
0.661867 0.473074 -0.581492 -0.749619 0.419738 -0.511754 0.001977 0.774610 0.632436 411.696387 362.321650 -447.764567
0.683697 0.465033 -0.562408 -0.729482 0.456983 -0.508942 0.020337 0.758229 0.651671 398.184955 360.330648 -461.383318
0.705103 0.455996 -0.543044 -0.708120 0.493144 -0.505347 0.037363 0.740862 0.670618 384.475282 357.785362 -474.797212
0.726014 0.446002 -0.523437 -0.685634 0.528128 -0.500985 0.053001 0.722608 0.689223 370.593114 354.697508 -487.969693
0.746364 0.435092 -0.503623 -0.662136 0.561856 -0.495877 0.067212 0.703572 0.707439 356.565227 351.080943 -500.866659
0.766089 0.423316 -0.483643 -0.637739 0.594270 -0.490033 0.079976 0.683847 0.725229 342.419324 346.943073 -513.462278
0.785134 0.410729 -0.463537 -0.612561 0.625324 -0.483465 0.091287 0.663529 0.742560 328.183926 342.293255 -525.732478
0.803445 0.397393 -0.443345 -0.586724 0.654979 -0.476190 0.101147 0.642714 0.759400 313.888250 337.142684 -537.655073
0.820978 0.383371 -0.423110 -0.560349 0.683208 -0.468226 0.109568 0.621493 0.775720 299.562104 331.504242 -549.209872
0.837691 0.368734 -0.402875 -0.533558 0.709992 -0.459594 0.116571 0.599955 0.791495 285.235766 325.392361 -560.378773
0.853553 0.353553 -0.382683 -0.506475 0.735323 -0.450315 0.122185 0.578187 0.806703 270.939870 318.822867 -571.145836
0.868537 0.337906 -0.362578 -0.479222 0.759198 -0.440414 0.126450 0.556271 0.821324 256.705300 311.812816 -581.497340
0.882623 0.321869 -0.342603 -0.451917 0.781629 -0.429916 0.129412 0.534282 0.835342 242.563076 304.380328 -591.421821
0.895798 0.305522 -0.322803 -0.424678 0.802630 -0.418848 0.131124 0.512291 0.848743 228.544250 296.544419 -600.910088
0.908058 0.288945 -0.303220 -0.397619 0.822226 -0.407238 0.131646 0.490362 0.861519 214.679810 288.324825 -609.955224
0.919401 0.272218 -0.283899 -0.370848 0.840449 -0.395116 0.131045 0.468553 0.873662 201.000585 279.741824 -618.552566
0.929837 0.255422 -0.264883 -0.344471 0.857337 -0.382509 0.129393 0.446915 0.885169 187.537155 270.816071 -626.699666
