0.874620 0.000000 -0.484810 -0.000000 1.000000 0.000000 0.484810 0.000000 0.874620 343.245141 0.000000 -619.234766
0.874961 -0.000723 -0.484193 0.000976 0.999999 0.000271 0.484192 -0.000710 0.874961 342.808335 -0.191966 -619.476659
0.875966 -0.002862 -0.482364 0.003860 0.999992 0.001076 0.482357 -0.002804 0.875970 341.513847 -0.761951 -620.190805
0.877598 -0.006371 -0.479354 0.008574 0.999960 0.002407 0.479320 -0.006222 0.877618 339.382715 -1.703894 -621.357700
0.879813 -0.011205 -0.475187 0.015034 0.999878 0.004259 0.475082 -0.010891 0.879874 336.432534 -3.015087 -622.955040
0.882558 -0.017317 -0.469884 0.023147 0.999710 0.006632 0.469633 -0.016730 0.882703 332.677920 -4.695672 -624.957819
0.885774 -0.024659 -0.463462 0.032810 0.999416 0.009531 0.462956 -0.023648 0.886065 328.130977 -6.748136 -627.338383
0.889394 -0.033182 -0.455935 0.043913 0.998951 0.012961 0.455027 -0.031549 0.889919 322.801769 -9.176775 -630.066446
0.893350 -0.042833 -0.447315 0.056341 0.998268 0.016931 0.445815 -0.040327 0.894216 316.698784 -11.987159 -633.109083
0.897567 -0.053559 -0.437613 0.069968 0.997319 0.021448 0.435290 -0.049870 0.898908 309.829394 -15.185574 -636.430725
0.901968 -0.065302 -0.426837 0.084666 0.996056 0.026523 0.423422 -0.060061 0.903940 302.200312 -18.778472 -639.993174
0.906473 -0.078003 -0.414998 0.100297 0.994438 0.032163 0.410181 -0.070778 0.909254 293.818044 -22.771899 -643.755637
0.911001 -0.091595 -0.402104 0.116721 0.992423 0.038377 0.395542 -0.081895 0.914789 284.689321 -27.170939 -647.674805
0.915471 -0.106012 -0.388167 0.133792 0.989980 0.045168 0.379489 -0.093283 0.920482 274.821528 -31.979154 -651.704982
0.919804 -0.121181 -0.373197 0.151361 0.987081 0.052539 0.362009 -0.104813 0.926263 264.223109 -37.198046 -655.798274
0.923919 -0.137023 -0.357210 0.169277 0.983710 0.060489 0.343103 -0.116354 0.932063 252.903960 -42.826536 -659.904839
0.927739 -0.153460 -0.340221 0.187389 0.979859 0.069011 0.322778 -0.127778 0.937810 240.875789 -48.860481 -663.973215
0.931191 -0.170404 -0.322250 0.205544 0.975527 0.078095 0.301056 -0.138958 0.943428 228.152455 -55.292226 -667.950709
0.934205 -0.187768 -0.303321 0.223592 0.970727 0.087725 0.277970 -0.149773 0.948842 214.750276 -62.110224 -671.783865
0.936716 -0.205458 -0.283459 0.241386 0.965480 0.097878 0.253564 -0.160107 0.953976 200.688294 -69.298711 -675.418996
0.938665 -0.223379 -0.262697 0.258786 0.959819 0.108526 0.227899 -0.169852 0.958756 185.988512 -76.837457 -678.802771
0.939998 -0.241433 -0.241069 0.275655 0.953783 0.119634 0.201044 -0.178907 0.963106 170.676069 -84.701617 -681.882862
0.940668 -0.259520 -0.218617 0.291866 0.947424 0.131159 0.173084 -0.187184 0.966956 154.779387 -92.861667 -684.608629
0.940637 -0.277539 -0.195383 0.307301 0.940798 0.143054 0.144113 -0.194604 0.970238 138.330253 -101.283446 -686.931821
0.939873 -0.295389 -0.171420 0.321853 0.933972 0.155264 0.114238 -0.201101 0.972887 121.363853 -109.928309 -688.807306
0.938352 -0.312970 -0.146780 0.335426 0.927015 0.167729 0.083573 -0.206623 0.974845 103.918751 -118.753391 -690.193776
0.936061 -0.330184 -0.121523 0.347937 0.920001 0.180382 0.052242 -0.211131 0.976061 86.036811 -127.711986 -691.054439
0.932993 -0.346935 -0.095713 0.359318 0.913007 0.193153 0.020375 -0.214602 0.976489 67.763063 -136.754018 -691.357670
0.929149 -0.363131 -0.069417 0.369515 0.906110 0.205968 -0.011894 -0.217025 0.976094 49.145514 -145.826636 -691.077588
0.924540 -0.378684 -0.042707 0.378486 0.899387 0.218748 -0.044426 -0.218405 0.974846 30.234907 -154.874881 -690.194570
0.919185 -0.393514 -0.015658 0.386208 0.892911 0.231414 -0.077083 -0.218759 0.972729 11.084425 -163.842437 -688.695661
0.913110 -0.407546 0.011651 0.392670 0.886753 0.243885 -0.109726 -0.218119 0.969734 -8.250639 -172.672454 -686.574885
0.906350 -0.420711 0.039140 0.397874 0.880975 0.256083 -0.142219 -0.216528 0.965862 -27.713270 -181.308395 -683.833432
0.898944 -0.432952 0.066728 0.401839 0.875637 0.267928 -0.174429 -0.214039 0.961125 -47.245136 -189.694929 -680.479723
0.890939 -0.444218 0.094329 0.404594 0.870787 0.279346 -0.206231 -0.210715 0.955546 -66.787030 -197.778818 -676.529345
0.882388 -0.454467 0.121860 0.406180 0.866466 0.290265 -0.237504 -0.206630 0.949155 -86.279336 -205.509781 -672.004857
0.873349 -0.463670 0.149238 0.406650 0.862707 0.300621 -0.268137 -0.201859 0.941995 -105.662492 -212.841337 -666.935473
0.863881 -0.471806 0.176377 0.406066 0.859530 0.310353 -0.298028 -0.196487 0.934116 -124.877475 -219.731566 -661.356619
0.854049 -0.478865 0.203198 0.404496 0.856949 0.319409 -0.327084 -0.190599 0.925575 -143.866264 -226.143814 -655.309389
0.843919 -0.484846 0.229618 0.402016 0.854965 0.327748 -0.355223 -0.184282 0.916437 -162.572302 -232.047293 -648.839905
0.833560 -0.489761 0.255563 0.398708 0.853571 0.335333 -0.382374 -0.177625 0.906774 -180.940926 -237.417571 -641.998599
0.823039 -0.493630 0.280956 0.394657 0.852752 0.342140 -0.408477 -0.170713 0.896663 -198.919772 -242.236951 -634.839433
0.812424 -0.496485 0.305729 0.389949 0.852484 0.348154 -0.433482 -0.163629 0.886182 -216.459140 -246.494715 -627.419093
0.801782 -0.498364 0.329816 0.384674 0.852734 0.353369 -0.457352 -0.156453 0.875415 -233.512311 -250.187250 -619.796146
0.791180 -0.499317 0.353154 0.378921 0.853466 0.357791 -0.480056 -0.149260 0.864447 -250.035818 -253.318032 -612.030217
0.780679 -0.499399 0.375688 0.372776 0.854636 0.361434 -0.501576 -0.142117 0.853360 -265.989655 -255.897485 -604.181184
0.770339 -0.498676 0.397365 0.366327 0.856197 0.364323 -0.521902 -0.135087 0.842241 -281.337425 -257.942735 -596.308411
0.760219 -0.497218 0.418140 0.359656 0.858098 0.366490 -0.541031 -0.128226 0.831170 -296.046431 -259.477224 -588.470053
0.750370 -0.495100 0.437973 0.352844 0.860287 0.367978 -0.558968 -0.121583 0.820227 -310.087687 -260.530253 -580.722426
0.740843 -0.492404 0.456826 0.345969 0.862709 0.368834 -0.575723 -0.115201 0.809488 -323.435878 -261.136416 -573.119471
0.731486 -0.489141 0.475047 0.338954 0.865369 0.369116 -0.591641 -0.108984 0.798801 -336.336731 -261.336298 -565.552708
0.722126 -0.485271 0.492997 0.331688 0.868296 0.368842 -0.607056 -0.102829 0.787978 -349.044784 -261.142294 -557.890100
0.712781 -0.480800 0.510660 0.324193 0.871476 0.368007 -0.621966 -0.096756 0.777044 -361.550701 -260.550926 -550.148369
0.703467 -0.475734 0.528025 0.316487 0.874892 0.366607 -0.636373 -0.090783 0.766021 -373.845275 -259.559525 -542.344435
0.694199 -0.470081 0.545079 0.308589 0.878528 0.364639 -0.650277 -0.084926 0.754935 -385.919427 -258.166241 -534.495379
0.684993 -0.463848 0.561809 0.300517 0.882367 0.362102 -0.663682 -0.079204 0.743810 -397.764222 -256.370050 -526.618404
0.675865 -0.457043 0.578203 0.292288 0.886392 0.358996 -0.676591 -0.073631 0.732669 -409.370873 -254.170758 -518.730794
0.666829 -0.449676 0.594248 0.283919 0.890583 0.355321 -0.689006 -0.068220 0.721538 -420.730748 -251.569006 -510.849875
0.657901 -0.441757 0.609932 0.275425 0.894921 0.351080 -0.700933 -0.062985 0.710441 -431.835383 -248.566263 -502.992979
0.649096 -0.433294 0.625244 0.266822 0.899388 0.346276 -0.712377 -0.057937 0.699402 -442.676485 -245.164834 -495.177399
0.640427 -0.424301 0.640173 0.258124 0.903964 0.340913 -0.723343 -0.053086 0.688445 -453.245941 -241.367852 -487.420352
0.631910 -0.414788 0.654707 0.249344 0.908628 0.334997 -0.733837 -0.048440 0.677596 -463.535826 -237.179273 -479.738942
0.623558 -0.404767 0.668835 0.240496 0.913360 0.328534 -0.743867 -0.044008 0.666878 -473.538411 -232.603873 -472.150119
0.615384 -0.394251 0.682546 0.231590 0.918141 0.321533 -0.753438 -0.039796 0.656313 -483.246166 -227.647233 -464.670639
0.607401 -0.383253 0.695831 0.222637 0.922949 0.314003 -0.762559 -0.035808 0.645927 -492.651773 -222.315734 -457.317031
0.599624 -0.371788 0.708679 0.213649 0.927764 0.305953 -0.771237 -0.032049 0.635741 -501.748129 -216.616545 -450.105555
0.592062 -0.359869 0.721080 0.204633 0.932567 0.297396 -0.779479 -0.028520 0.625779 -510.528350 -210.557603 -443.052167
0.584730 -0.347511 0.733026 0.195599 0.937336 0.288342 -0.787294 -0.025223 0.616062 -518.985783 -204.147605 -436.172483
0.577639 -0.334730 0.744506 0.186555 0.942053 0.278806 -0.794689 -0.022158 0.606612 -527.114008 -197.395985 -429.481746
0.570799 -0.321542 0.755513 0.177506 0.946698 0.268802 -0.801674 -0.019324 0.597450 -534.906846 -190.312900 -422.994785
0.564221 -0.307963 0.766038 0.168459 0.951252 0.258345 -0.808255 -0.016718 0.588595 -542.358364 -182.909203 -416.725991
0.557917 -0.294009 0.776072 0.159420 0.955695 0.247451 -0.814441 -0.014336 0.580069 -549.462877 -175.196428 -410.689275
0.551895 -0.279697 0.785609 0.150392 0.960011 0.236138 -0.820240 -0.012174 0.571889 -556.214961 -167.186761 -404.898044
0.546165 -0.265046 0.794641 0.141380 0.964181 0.224424 -0.825660 -0.010226 0.564075 -562.609450 -158.893017 -399.365169
0.540737 -0.250074 0.803160 0.132386 0.968190 0.212327 -0.830709 -0.008486 0.556642 -568.641445 -150.328617 -394.102952
0.535618 -0.234797 0.811162 0.123413 0.972020 0.199868 -0.835393 -0.006945 0.549609 -574.306317 -141.507553 -389.123103
0.530817 -0.219236 0.818638 0.114463 0.975656 0.187067 -0.839721 -0.005594 0.542989 -579.599712 -132.444365 -384.436714
0.526341 -0.203410 0.825584 0.105537 0.979084 0.173945 -0.843698 -0.004425 0.536800 -584.517555 -123.154110 -380.054227
0.522198 -0.187336 0.831995 0.096635 0.982290 0.160525 -0.847332 -0.003426 0.531053 -589.056053 -113.652326 -375.985422
0.518392 -0.171036 0.837864 0.087757 0.985261 0.146828 -0.850628 -0.002586 0.525762 -593.211700 -103.955009 -372.239383
0.514932 -0.154528 0.843188 0.078903 0.987987 0.132878 -0.853592 -0.001893 0.520938 -596.981277 -94.078571 -368.824485
0.511821 -0.137833 0.847963 0.070072 0.990455 0.118700 -0.856230 -0.001334 0.516594 -600.361859 -84.039805 -365.748373
0.509065 -0.120971 0.852185 0.061262 0.992656 0.104316 -0.858545 -0.000897 0.512737 -603.350816 -73.855860 -363.017944
0.506668 -0.103963 0.855850 0.052472 0.994581 0.089751 -0.860543 -0.000566 0.509378 -605.945814 -63.544195 -360.639333
0.504634 -0.086828 0.858956 0.043698 0.996223 0.075031 -0.862227 -0.000328 0.506522 -608.144820 -53.122547 -358.617896
0.502966 -0.069589 0.861500 0.034940 0.997576 0.060182 -0.863600 -0.000168 0.504178 -609.946103 -42.608891 -356.958200
0.501667 -0.052265 0.863481 0.026194 0.998633 0.045228 -0.864664 -0.000071 0.502350 -611.348233 -32.021408 -355.664013
0.500739 -0.034879 0.864896 0.017458 0.999392 0.030195 -0.865423 -0.000021 0.501043 -612.350087 -21.378439 -354.738292
0.500183 -0.017450 0.865744 0.008727 0.999848 0.015111 -0.865876 -0.000003 0.500259 -612.950846 -10.698452 -354.183181
0.500000 -0.000000 0.866025 0.000000 1.000000 -0.000000 -0.866025 0.000000 0.500000 -613.150000 0.000000 -354.000000
0.500191 0.017450 0.865739 -0.008727 0.999848 -0.015111 -0.865871 0.000003 0.500267 -612.947344 10.698316 -354.189246
0.500756 0.034878 0.864886 -0.017458 0.999392 -0.030195 -0.865412 0.000021 0.501060 -612.342982 21.377887 -354.750589
0.501694 0.052264 0.863465 -0.026194 0.998633 -0.045226 -0.864649 0.000072 0.502377 -611.337326 32.020137 -355.682875
0.503003 0.069586 0.861479 -0.034940 0.997576 -0.060178 -0.863578 0.000170 0.504215 -609.931094 42.606558 -356.984123
0.504682 0.086823 0.858928 -0.043698 0.996224 -0.075026 -0.862199 0.000331 0.506570 -608.125313 53.118756 -358.651535
0.506728 0.103955 0.855815 -0.052471 0.994582 -0.089743 -0.860508 0.000570 0.509437 -605.921315 63.538484 -360.681498
0.509139 0.120961 0.852142 -0.061261 0.992657 -0.104304 -0.858502 0.000902 0.512810 -603.320739 73.847682 -363.069591
0.511910 0.137818 0.847912 -0.070071 0.990457 -0.118684 -0.856177 0.001341 0.516682 -600.325526 84.028517 -365.810598
0.515038 0.154508 0.843127 -0.078902 0.987990 -0.132857 -0.853528 0.001902 0.521043 -596.937920 94.063420 -368.898515
0.518518 0.171010 0.837792 -0.087755 0.985266 -0.146800 -0.850552 0.002598 0.525885 -593.160468 103.935124 -372.326567
0.522344 0.187303 0.831910 -0.096623 0.982296 -0.160494 -0.847243 0.003451 0.531194 -588.996250 113.630591 -376.085667
0.526510 0.203368 0.825487 -0.105500 0.979092 -0.173921 -0.843598 0.004482 0.536957 -584.448747 123.136713 -380.165667
0.531008 0.219186 0.818528 -0.114389 0.975667 -0.187056 -0.839610 0.005698 0.543160 -579.521551 132.436684 -384.557172
0.535833 0.234736 0.811038 -0.123290 0.972033 -0.199877 -0.835274 0.007108 0.549788 -574.218549 141.514149 -389.250211
0.540976 0.250000 0.803023 -0.132206 0.968207 -0.212362 -0.830582 0.008718 0.556828 -568.543917 150.353232 -394.234249
0.546428 0.264960 0.794489 -0.141137 0.964202 -0.224488 -0.825528 0.010534 0.564263 -562.502122 158.938554 -399.498212
0.552181 0.279596 0.785444 -0.150084 0.960035 -0.236235 -0.820104 0.012562 0.572077 -556.097911 167.255255 -405.030511
0.558226 0.293893 0.775893 -0.159045 0.955724 -0.247582 -0.814302 0.014805 0.580252 -549.336311 175.289021 -410.819059
0.564553 0.307831 0.765846 -0.168020 0.951284 -0.258510 -0.808114 0.017265 0.588772 -542.222618 183.026100 -416.851294
0.571152 0.321394 0.755309 -0.177005 0.946736 -0.269000 -0.801533 0.019946 0.597618 -534.762397 190.453321 -423.114209
0.578012 0.334565 0.744291 -0.185999 0.942096 -0.279035 -0.794548 0.022849 0.606771 -526.961473 197.558117 -429.594366
0.585121 0.347329 0.732800 -0.194996 0.937384 -0.288598 -0.787153 0.025972 0.616211 -518.825925 204.328539 -436.277928
0.592469 0.359670 0.720845 -0.203993 0.932619 -0.297672 -0.779338 0.029314 0.625918 -510.362082 210.753274 -443.150679
0.600043 0.371572 0.708436 -0.212983 0.927822 -0.306243 -0.771094 0.032874 0.635872 -501.576515 216.821664 -450.198055
0.607831 0.383022 0.695582 -0.221961 0.923012 -0.314297 -0.762414 0.036648 0.646051 -492.476027 222.523715 -457.405162
0.615820 0.394005 0.682294 -0.230918 0.918210 -0.321820 -0.753288 0.040630 0.656435 -483.067651 227.850118 -464.756809
0.623997 0.404508 0.668581 -0.239845 0.913436 -0.328800 -0.743708 0.044815 0.667001 -473.358640 232.792259 -472.237530
0.632349 0.414519 0.654453 -0.248735 0.908710 -0.335227 -0.733666 0.049195 0.677727 -463.356460 237.342229 -479.831615
0.640861 0.424024 0.639923 -0.257575 0.904054 -0.341089 -0.723155 0.053762 0.688591 -453.068783 241.492841 -487.523136
0.649519 0.433013 0.625000 -0.266355 0.899487 -0.346378 -0.712166 0.058507 0.699569 -442.503476 245.237634 -495.295971
0.658309 0.441474 0.609697 -0.275063 0.895030 -0.351086 -0.700692 0.063419 0.710640 -431.668597 248.570887 -503.133838
0.667216 0.449397 0.594024 -0.283684 0.890703 -0.355206 -0.688728 0.068484 0.721779 -420.572383 251.487624 -511.020320
0.676226 0.456773 0.577994 -0.292205 0.886526 -0.358731 -0.676266 0.073691 0.732963 -409.223245 253.983625 -518.938895
0.685322 0.463592 0.561619 -0.300601 0.882517 -0.361668 -0.663305 0.079036 0.744164 -397.629755 256.062457 -526.869546
0.694490 0.469846 0.544912 -0.308846 0.878693 -0.364023 -0.649845 0.084516 0.755353 -385.800641 257.730117 -534.791524
0.703713 0.475528 0.527884 -0.316923 0.875072 -0.365799 -0.635884 0.090119 0.766505 -373.744778 258.987252 -542.687172
0.712976 0.480631 0.510548 -0.324812 0.871671 -0.366996 -0.621420 0.095828 0.777595 -361.471175 259.835382 -550.538906
0.722263 0.485148 0.492918 -0.332493 0.868507 -0.367620 -0.606452 0.101626 0.788598 -348.988969 260.276892 -558.329259
0.731557 0.489074 0.475006 -0.339948 0.865593 -0.367674 -0.590982 0.107497 0.799491 -336.307416 260.315029 -566.040926
0.740843 0.492404 0.456826 -0.347155 0.862945 -0.367164 -0.575009 0.113421 0.810247 -323.435878 259.953887 -573.656807
0.750104 0.495134 0.438391 -0.354094 0.860576 -0.366097 -0.558536 0.119379 0.820845 -310.383818 259.198397 -581.160046
0.759323 0.497261 0.419714 -0.360742 0.858498 -0.364481 -0.541566 0.125350 0.831260 -297.160788 258.054312 -588.534078
0.768484 0.498782 0.400810 -0.367079 0.856723 -0.362325 -0.524104 0.131312 0.841470 -283.776418 256.528191 -595.762666
0.777571 0.499695 0.381691 -0.373082 0.855259 -0.359640 -0.506156 0.137244 0.851452 -270.240409 254.627379 -602.829944
0.786566 0.500000 0.362372 -0.378729 0.854117 -0.356438 -0.487727 0.143121 0.861184 -256.562523 252.359987 -609.720454
0.795454 0.499695 0.342867 -0.383998 0.853304 -0.352730 -0.468827 0.148920 0.870646 -242.752569 249.734868 -616.419182
0.804217 0.498782 0.323189 -0.388866 0.852825 -0.348531 -0.449464 0.154617 0.879816 -228.820399 246.761593 -622.911602
0.812840 0.497261 0.303352 -0.393310 0.852685 -0.343854 -0.429649 0.160187 0.888674 -214.775893 243.450422 -629.183702
0.821306 0.495134 0.283371 -0.397309 0.852888 -0.338715 -0.409393 0.165603 0.897203 -200.628955 239.812281 -635.222020
0.829598 0.492404 0.263258 -0.400839 0.853435 -0.333131 -0.388709 0.170841 0.905383 -186.389495 235.858727 -641.013681
0.837701 0.489074 0.243030 -0.403879 0.854327 -0.327119 -0.367612 0.175873 0.913198 -172.067428 231.601916 -646.546421
0.845599 0.485148 0.222698 -0.406406 0.855563 -0.320696 -0.346117 0.180674 0.920630 -157.672658 227.054570 -651.808620
0.853275 0.480631 0.202278 -0.408399 0.857140 -0.313881 -0.324241 0.185217 0.927665 -143.215069 222.229946 -656.789325
0.860714 0.475528 0.181783 -0.409837 0.859053 -0.306695 -0.302003 0.189475 0.934288 -128.704519 217.141795 -661.478276
0.867900 0.469846 0.161227 -0.410699 0.861297 -0.299156 -0.279421 0.193422 0.940485 -114.150827 211.804326 -665.865931
0.874819 0.463592 0.140624 -0.410964 0.863864 -0.291286 -0.256517 0.197031 0.946244 -99.563762 206.232173 -669.943483
0.881454 0.456773 0.119987 -0.410613 0.866746 -0.283105 -0.233313 0.200276 0.951554 -84.953038 200.440344 -673.702881
0.887793 0.449397 0.099331 -0.409628 0.869931 -0.274636 -0.209832 0.203131 0.956404 -70.328304 194.444195 -677.136845
0.893819 0.441474 0.078668 -0.407990 0.873408 -0.265901 -0.186098 0.205571 0.960785 -55.699129 188.259376 -680.238882
0.899519 0.433013 0.058013 -0.405681 0.877163 -0.256921 -0.162137 0.207571 0.964690 -41.075000 181.901800 -683.003296
0.904879 0.424024 0.037378 -0.402686 0.881180 -0.247720 -0.137976 0.209105 0.968110 -26.465309 175.387595 -685.425198
0.909886 0.414519 0.016776 -0.398989 0.885444 -0.238321 -0.113643 0.210152 0.971041 -11.879345 168.733062 -687.500515
0.914526 0.404508 -0.003779 -0.394577 0.889935 -0.228747 -0.089167 0.210687 0.973479 2.673715 161.954635 -689.225993
0.918788 0.394005 -0.024275 -0.389434 0.894634 -0.219022 -0.064579 0.210688 0.975418 17.184812 155.068837 -690.599204
0.922657 0.383022 -0.044699 -0.383551 0.899521 -0.209168 -0.039908 0.210134 0.976858 31.645020 148.092238 -691.618540
0.926123 0.371572 -0.065038 -0.376916 0.904572 -0.199209 -0.015189 0.209006 0.977796 46.045545 141.041409 -692.283216
0.929174 0.359670 -0.085282 -0.369519 0.909764 -0.189169 0.009548 0.207284 0.978234 60.377740 133.932887 -692.593266
0.931799 0.347329 -0.105416 -0.361353 0.915073 -0.179070 0.034267 0.204950 0.978172 74.633112 126.783128 -692.549536
0.933988 0.334565 -0.125430 -0.352411 0.920471 -0.168937 0.058935 0.201988 0.977613 88.803326 119.608462 -692.153673
0.935730 0.321394 -0.145313 -0.342688 0.925932 -0.158791 0.083516 0.198382 0.976560 102.880216 112.425064 -691.408120
0.937015 0.307831 -0.165052 -0.332180 0.931428 -0.148655 0.107974 0.194119 0.975018 116.855789 105.248904 -690.316098
0.937836 0.293893 -0.184638 -0.320886 0.936929 -0.138552 0.132273 0.189186 0.972991 130.722238 98.095709 -688.881594
0.938182 0.279596 -0.204058 -0.308805 0.942405 -0.128503 0.156376 0.183573 0.970488 144.471940 90.980930 -687.109345
0.938047 0.264960 -0.223303 -0.295937 0.947825 -0.118529 0.180247 0.177270 0.967516 158.097468 83.919702 -685.004815
0.937422 0.250000 -0.242362 -0.282287 0.953157 -0.108652 0.203846 0.170269 0.964083 171.591599 76.926809 -682.574180
0.936301 0.234736 -0.261226 -0.267859 0.958369 -0.098892 0.227138 0.162565 0.960198 184.947314 70.016647 -679.824303
0.934677 0.219186 -0.279885 -0.252659 0.963429 -0.089269 0.250083 0.154153 0.955874 198.157807 63.203195 -676.762707
0.932545 0.203368 -0.298330 -0.236695 0.968301 -0.079801 0.272644 0.145031 0.951121 211.216493 56.499983 -673.397555
0.929900 0.187303 -0.316551 -0.219977 0.972954 -0.070508 0.294783 0.135199 0.945952 224.117007 49.920054 -669.737619
0.926736 0.171010 -0.334539 -0.202517 0.977352 -0.061406 0.316462 0.124657 0.940379 236.853214 43.475951 -665.792249
0.923049 0.154508 -0.352288 -0.184328 0.981461 -0.052513 0.337643 0.113408 0.934417 249.419211 37.179675 -661.571350
0.918838 0.137819 -0.369788 -0.165425 0.985247 -0.043845 0.358290 0.101459 0.928081 261.809333 31.042669 -657.085343
0.914098 0.120961 -0.387032 -0.145824 0.988676 -0.035415 0.378366 0.088811 0.921386 274.018156 25.073961 -652.345207
0.908827 0.103956 -0.404013 -0.125543 0.991714 -0.027233 0.397834 0.075471 0.914348 286.040498 19.281533 -647.362324
0.903025 0.086824 -0.420723 -0.104601 0.994327 -0.019314 0.416659 0.061449 0.906984 297.871429 13.674373 -642.148383
0.896690 0.069587 -0.437156 -0.083019 0.996480 -0.011668 0.434805 0.046754 0.899310 309.506266 8.260864 -636.715440
0.889821 0.052264 -0.453306 -0.060820 0.998139 -0.004306 0.452238 0.031402 0.891344 320.940584 3.048766 -631.075882
0.882420 0.034878 -0.469167 -0.038029 0.999273 0.002761 0.468922 0.015405 0.883105 332.170210 -1.954795 -625.242395
0.874488 0.017450 -0.484733 -0.014672 0.999847 0.009524 0.484826 -0.001217 0.874610 343.191233 -6.743335 -619.227928
0.866025 0.000000 -0.500000 0.009224 0.999830 0.015976 0.499915 -0.018447 0.865878 354.000000 -11.311024 -613.045662
0.857035 -0.017450 -0.514962 0.033628 0.999190 0.022108 0.514159 -0.036265 0.856928 364.593119 -15.652687 -606.708969
0.847521 -0.034878 -0.529615 0.058511 0.997896 0.027915 0.527527 -0.054646 0.847779 374.967463 -19.763816 -600.231385
0.837485 -0.052264 -0.543955 0.083839 0.995920 0.033390 0.539990 -0.073568 0.838450 385.120167 -23.640568 -593.626569
0.826933 -0.069587 -0.557978 0.109579 0.993231 0.038530 0.551520 -0.093005 0.828961 395.048630 -27.279768 -586.908269
0.815869 -0.086824 -0.571681 0.135696 0.989802 0.043331 0.562089 -0.112928 0.819331 404.750516 -30.678911 -580.090292
0.804299 -0.103956 -0.585061 0.162154 0.985608 0.047790 0.571673 -0.133308 0.809580 414.223753 -33.836155 -573.186462
0.792228 -0.120961 -0.598116 0.188914 0.980621 0.051906 0.580246 -0.154114 0.799727 423.466531 -36.750320 -566.210591
0.779665 -0.137819 -0.610843 0.215938 0.974818 0.055678 0.587787 -0.175314 0.789792 432.477307 -39.420887 -559.176444
0.766615 -0.154508 -0.623240 0.243185 0.968177 0.059106 0.594275 -0.196874 0.779794 441.254796 -41.847981 -552.097704
0.753087 -0.171010 -0.635307 0.270614 0.960677 0.062192 0.599689 -0.218759 0.769751 449.797974 -44.032371 -544.987941
0.739091 -0.187303 -0.647041 0.298184 0.952297 0.064936 0.604013 -0.240931 0.759685 458.106078 -45.975456 -537.860578
0.724634 -0.203368 -0.658443 0.325850 0.943020 0.067342 0.607230 -0.263352 0.749612 466.178599 -47.679254 -530.728862
0.709726 -0.219186 -0.669512 0.353568 0.932830 0.069414 0.609326 -0.285983 0.739551 474.015285 -49.146387 -523.605829
0.694379 -0.234736 -0.680247 0.381294 0.921711 0.071157 0.610289 -0.308784 0.729521 481.616134 -50.380068 -516.504279
0.678603 -0.250000 -0.690650 0.408982 0.909652 0.072575 0.610107 -0.331713 0.719538 488.981394 -51.384085 -509.436743
0.662410 -0.264960 -0.700721 0.436586 0.896641 0.073675 0.608774 -0.354728 0.709621 496.111558 -52.162781 -502.415455
0.645811 -0.279596 -0.710461 0.464059 0.882669 0.074463 0.606282 -0.377785 0.699786 503.007361 -52.721040 -495.452328
0.628819 -0.293893 -0.719871 0.491353 0.867730 0.074948 0.602627 -0.400839 0.690050 509.669778 -53.064261 -488.558926
0.611447 -0.307831 -0.728953 0.518421 0.851818 0.075137 0.597806 -0.423847 0.680428 516.100017 -53.198339 -481.746439
0.593710 -0.321394 -0.737709 0.545215 0.834931 0.075040 0.591819 -0.446762 0.670935 522.299517 -53.129643 -475.025660
0.575620 -0.334565 -0.746142 0.571686 0.817068 0.074666 0.584668 -0.469538 0.661587 528.269942 -52.864993 -468.406963
0.557193 -0.347329 -0.754254 0.597787 0.798230 0.074026 0.576357 -0.492130 0.652397 534.013177 -52.411633 -461.900281
0.538443 -0.359670 -0.762048 0.623469 0.778420 0.073130 0.566891 -0.514489 0.643378 539.531323 -51.777211 -455.515087
0.519386 -0.371572 -0.769527 0.648684 0.757646 0.071989 0.556280 -0.536570 0.634544 544.826690 -50.969741 -449.260376
0.500039 -0.383022 -0.776695 0.673384 0.735913 0.070616 0.544532 -0.558324 0.625906 549.901794 -49.997591 -443.144649
0.480416 -0.394005 -0.783556 0.697521 0.713233 0.069022 0.531663 -0.579706 0.617476 554.759350 -48.869445 -437.175896
0.460536 -0.404508 -0.790114 0.721048 0.689617 0.067221 0.517684 -0.600667 0.609263 559.402265 -47.594276 -431.361581
0.440415 -0.414519 -0.796373 0.743918 0.665081 0.065225 0.502615 -0.621162 0.601279 563.833633 -46.181321 -425.708636
0.420070 -0.424024 -0.802337 0.766085 0.639640 0.063048 0.486473 -0.641143 0.593532 568.056728 -44.640046 -420.223443
0.399519 -0.433013 -0.808013 0.787503 0.613314 0.060704 0.469280 -0.660565 0.586029 572.075000 -42.980122 -414.911829
0.378781 -0.441474 -0.813404 0.808128 0.586124 0.058206 0.451060 -0.679381 0.578780 575.892062 -41.211389 -409.779058
0.357873 -0.449397 -0.818516 0.827915 0.558094 0.055568 0.431837 -0.697548 0.571790 579.511690 -39.343829 -404.829825
0.336815 -0.456773 -0.823355 0.846823 0.529248 0.052805 0.411639 -0.715021 0.565064 582.937810 -37.387537 -400.068249
0.315626 -0.463592 -0.827927 0.864808 0.499614 0.049930 0.390496 -0.731757 0.558609 586.174496 -35.352686 -395.497877
0.294324 -0.469846 -0.832237 0.881831 0.469221 0.046960 0.368439 -0.747714 0.552428 589.225957 -33.249500 -391.121675
0.272928 -0.475528 -0.836291 0.897852 0.438103 0.043907 0.345502 -0.762849 0.546525 592.096535 -31.088221 -386.942034
0.251460 -0.480631 -0.840096 0.912833 0.406291 0.040787 0.321720 -0.777124 0.540901 594.790693 -28.879081 -382.960771
0.229937 -0.485148 -0.843659 0.926738 0.373821 0.037613 0.297130 -0.790499 0.535560 597.313009 -26.632270 -379.179132
0.208381 -0.489074 -0.846985 0.939531 0.340732 0.034401 0.271770 -0.802937 0.530502 599.668167 -24.357909 -375.597796
0.186811 -0.492404 -0.850082 0.951179 0.307062 0.031164 0.245683 -0.814402 0.525727 601.860950 -22.066017 -372.216886
0.165247 -0.495134 -0.852957 0.961651 0.272853 0.027916 0.218910 -0.824860 0.521234 603.896232 -19.766485 -369.035972
0.143710 -0.497261 -0.855616 0.970916 0.238147 0.024671 0.191494 -0.834277 0.517022 605.778969 -17.469048 -366.054088
0.122219 -0.498782 -0.858067 0.978946 0.202991 0.021441 0.163486 -0.842622 0.513090 607.514190 -15.181949 -363.269789
0.100795 -0.499695 -0.860317 0.985714 0.167435 0.018236 0.134935 -0.849865 0.509434 609.106991 -12.913155 -360.681087
0.079459 -0.500000 -0.862372 0.991198 0.131528 0.015070 0.105891 -0.855979 0.506050 610.562523 -10.671668 -358.285422
0.058231 -0.499695 -0.864242 0.995375 0.095317 0.011955 0.076403 -0.860941 0.502935 611.885988 -8.466221 -356.079743
0.037130 -0.498782 -0.865932 0.998227 0.058854 0.008903 0.046523 -0.864727 0.500083 613.082626 -6.305258 -354.060531
0.016178 -0.497261 -0.867450 0.999736 0.022190 0.005925 0.016303 -0.867317 0.497489 614.157712 -4.196904 -352.223812
-0.004606 -0.495134 -0.868804 0.999888 -0.014622 0.003032 -0.014205 -0.868694 0.495146 615.116540 -2.148949 -350.565181
-0.025201 -0.492404 -0.870002 0.998671 -0.051529 0.000236 -0.044946 -0.868840 0.493048 615.964423 -0.168822 -349.079824
-0.045589 -0.489074 -0.871050 0.996075 -0.088475 -0.002455 -0.075866 -0.867744 0.491188 616.706677 1.736428 -347.762537
-0.065748 -0.485148 -0.871957 0.992093 -0.125407 -0.005031 -0.106909 -0.865393 0.489557 617.348618 3.560148 -346.607749
-0.085660 -0.480631 -0.872729 0.986718 -0.162268 -0.007483 -0.138020 -0.861779 0.488147 617.895551 5.296101 -345.609551
-0.105304 -0.475528 -0.873375 0.979950 -0.199002 -0.009803 -0.169142 -0.856896 0.486950 618.352762 6.938484 -344.761717
-0.124662 -0.469846 -0.873901 0.971788 -0.235553 -0.011983 -0.200220 -0.850740 0.485955 618.725511 8.481935 -344.057730
-0.143715 -0.463592 -0.874316 0.962234 -0.271863 -0.014016 -0.231196 -0.843311 0.485155 619.019021 9.921557 -343.490811
-0.162445 -0.456773 -0.874626 0.951294 -0.307875 -0.015897 -0.262015 -0.834609 0.484538 619.238473 11.252917 -343.053943
-0.180832 -0.449397 -0.874838 0.938975 -0.343534 -0.017618 -0.292619 -0.824637 0.484094 619.388997 12.472068 -342.739902
-0.198858 -0.441474 -0.874961 0.925288 -0.378781 -0.019177 -0.322952 -0.813404 0.483814 619.475664 13.575547 -342.541281
-0.216506 -0.433013 -0.875000 0.910245 -0.413560 -0.020568 -0.352959 -0.800917 0.483686 619.503476 14.560390 -342.450522
-0.233759 -0.424024 -0.874963 0.893861 -0.447815 -0.021788 -0.382583 -0.787188 0.483699 619.477364 15.424132 -342.459946
-0.250599 -0.414519 -0.874857 0.876154 -0.481490 -0.022834 -0.411770 -0.772232 0.483843 619.402173 16.164812 -342.561775
-0.267009 -0.404508 -0.874688 0.857145 -0.514530 -0.023704 -0.440464 -0.756064 0.484106 619.282661 16.780976 -342.748169
-0.282974 -0.394005 -0.874463 0.836856 -0.546880 -0.024397 -0.468613 -0.738703 0.484478 619.123488 17.271675 -343.011250
-0.298476 -0.383022 -0.874189 0.815312 -0.578486 -0.024912 -0.496164 -0.720172 0.484947 618.929213 17.636465 -343.343133
-0.313502 -0.371572 -0.873871 0.792540 -0.609297 -0.025250 -0.523065 -0.700494 0.485502 618.704280 17.875407 -343.735954
-0.328036 -0.359670 -0.873516 0.768571 -0.639259 -0.025410 -0.549264 -0.679695 0.486132 618.453019 17.989055 -344.181899
-0.342062 -0.347329 -0.873130 0.743437 -0.668324 -0.025395 -0.574713 -0.657804 0.486826 618.179636 17.978459 -344.673230
-0.355569 -0.334565 -0.872718 0.717171 -0.696441 -0.025207 -0.599363 -0.634851 0.487573 617.888204 17.845149 -345.202318
-0.368541 -0.321394 -0.872287 0.689811 -0.723563 -0.024848 -0.623168 -0.610870 0.488363 617.582664 17.591133 -345.761663
-0.380965 -0.307831 -0.871840 0.661395 -0.749644 -0.024322 -0.646082 -0.585897 0.489186 617.266811 17.218879 -346.343928
-0.392830 -0.293893 -0.871385 0.631963 -0.774638 -0.023633 -0.668062 -0.559967 0.490031 616.944295 16.731310 -346.941959
-0.404123 -0.279596 -0.870925 0.601559 -0.798503 -0.022787 -0.689065 -0.533121 0.490888 616.618611 16.131787 -347.548812
-0.414834 -0.264960 -0.870465 0.570227 -0.821198 -0.021787 -0.709052 -0.505400 0.491748 616.293096 15.424092 -348.157780
-0.424950 -0.250000 -0.870010 0.538012 -0.842684 -0.020640 -0.727984 -0.476847 0.492602 615.970924 14.612418 -348.762413
-0.434463 -0.234736 -0.869564 0.504964 -0.862923 -0.019354 -0.745824 -0.447507 0.493441 615.655101 13.701343 -349.356541
-0.443362 -0.219186 -0.869131 0.471132 -0.881880 -0.017933 -0.762539 -0.417426 0.494257 615.348459 12.695820 -349.934298
-0.451638 -0.203368 -0.868714 0.436567 -0.899523 -0.016387 -0.778096 -0.386653 0.495042 615.053655 11.601150 -350.490138
-0.459283 -0.187303 -0.868318 0.401321 -0.915819 -0.014723 -0.792465 -0.355236 0.495789 614.773165 10.422965 -351.018859
-0.466290 -0.171010 -0.867945 0.365449 -0.930741 -0.012949 -0.805618 -0.323228 0.496491 614.509280 9.167206 -351.515618
-0.472651 -0.154508 -0.867599 0.329006 -0.944263 -0.011074 -0.817531 -0.290679 0.497141 614.264103 7.840099 -351.975947
-0.478360 -0.137819 -0.867282 0.292048 -0.956360 -0.009108 -0.828179 -0.257645 0.497734 614.039546 6.448130 -352.395772
-0.483411 -0.120961 -0.866996 0.254632 -0.967012 -0.007060 -0.837542 -0.224178 0.498265 613.837329 4.998022 -352.771421
-0.487799 -0.103956 -0.866744 0.216817 -0.976200 -0.004939 -0.845602 -0.190334 0.498728 613.658975 3.496710 -353.099643
-0.491519 -0.086824 -0.866528 0.178661 -0.983907 -0.002757 -0.852343 -0.156170 0.499121 613.505807 1.951314 -353.377616
-0.494568 -0.069587 -0.866349 0.140225 -0.990119 -0.000522 -0.857752 -0.121742 0.499439 613.378949 0.369112 -353.602957
-0.496943 -0.052264 -0.866208 0.101569 -0.994827 0.001755 -0.861819 -0.087108 0.499680 613.279324 -1.242485 -353.773727
-0.498641 -0.034878 -0.866107 0.062753 -0.998021 0.004062 -0.864534 -0.052325 0.499842 613.207649 -2.875964 -353.888444
-0.499660 -0.017450 -0.866046 0.023838 -0.999695 0.006389 -0.865894 -0.017452 0.499924 613.164438 -4.523732 -353.946084
-0.500000 -0.000000 -0.866025 -0.015114 -0.999848 0.008726 -0.865894 0.017452 0.499924 613.150000 -6.178152 -353.946084
-0.499660 0.017450 -0.866046 -0.054043 -0.998477 0.011062 -0.864534 0.052331 0.499842 613.164438 -7.831564 -353.888346
-0.498641 0.034878 -0.866107 -0.092887 -0.995587 0.013385 -0.861818 0.087124 0.499680 613.207649 -9.476317 -353.773235
-0.496943 0.052264 -0.866208 -0.131588 -0.991180 0.015687 -0.857749 0.121778 0.499437 613.279324 -11.106171 -353.601536
-0.494568 0.069587 -0.866349 -0.170088 -0.985265 0.017959 -0.852334 0.156238 0.499116 613.378949 -12.714834 -353.374476
-0.491519 0.086824 -0.866528 -0.208327 -0.977851 0.020191 -0.845582 0.190446 0.498720 613.505807 -14.294675 -353.093769
-0.487799 0.103956 -0.866744 -0.246245 -0.968949 0.022371 -0.837506 0.224344 0.498251 613.658975 -15.838177 -352.761587
-0.483411 0.120961 -0.866996 -0.283780 -0.958577 0.024489 -0.828120 0.257875 0.497713 613.837329 -17.337972 -352.380548
-0.478360 0.137819 -0.867282 -0.320875 -0.946750 0.026536 -0.817442 0.290983 0.497110 614.039546 -18.786865 -351.953707
-0.472651 0.154508 -0.867599 -0.357471 -0.933489 0.028501 -0.805491 0.323613 0.496447 614.264103 -20.177859 -351.484550
-0.466290 0.171010 -0.867945 -0.393511 -0.918818 0.030374 -0.792290 0.355709 0.495730 614.509280 -21.504186 -350.976976
-0.459283 0.187303 -0.868318 -0.428938 -0.902762 0.032147 -0.777863 0.387219 0.494965 614.773165 -22.759326 -350.435288
-0.451638 0.203368 -0.868714 -0.463698 -0.885348 0.033811 -0.762239 0.418091 0.494158 615.053655 -23.937036 -349.864176
-0.443362 0.219186 -0.869131 -0.497736 -0.866608 0.035356 -0.745446 0.448273 0.493317 615.348459 -25.031375 -349.268703
-0.434463 0.234736 -0.869564 -0.531001 -0.846573 0.036776 -0.727516 0.477718 0.492449 615.655101 -26.036721 -348.654283
-0.424950 0.250000 -0.870010 -0.563442 -0.825278 0.038063 -0.708484 0.506375 0.491563 615.970924 -26.947798 -348.026665
-0.414834 0.264960 -0.870465 -0.595010 -0.802761 0.039210 -0.688386 0.534201 0.490666 616.293096 -27.759693 -347.391914
-0.404123 0.279596 -0.870925 -0.625658 -0.779061 0.040210 -0.667261 0.561151 0.489768 616.618611 -28.467880 -346.756386
-0.392830 0.293893 -0.871385 -0.655339 -0.754218 0.041058 -0.645148 0.587181 0.488879 616.944295 -29.068230 -346.126707
-0.380965 0.307831 -0.871840 -0.684011 -0.728276 0.041749 -0.622089 0.612253 0.488007 617.266811 -29.557039 -345.509750
-0.368541 0.321394 -0.872287 -0.711631 -0.701280 0.042277 -0.598130 0.636327 0.487164 617.582664 -29.931034 -344.912610
-0.355569 0.334565 -0.872718 -0.738161 -0.673276 0.042639 -0.573314 0.659368 0.486359 617.888204 -30.187391 -344.342578
-0.342062 0.347329 -0.873130 -0.763563 -0.644312 0.042832 -0.547691 0.681341 0.485602 618.179636 -30.323747 -343.807113
-0.328036 0.359670 -0.873516 -0.787801 -0.614437 0.042853 -0.521308 0.702214 0.484906 618.453019 -30.338211 -343.313819
-0.313502 0.371572 -0.873871 -0.810844 -0.583703 0.042699 -0.494215 0.721959 0.484279 618.704280 -30.229375 -342.870415
-0.298476 0.383022 -0.874189 -0.832660 -0.552161 0.042370 -0.466465 0.740548 0.483734 618.929213 -29.996318 -342.484705
-0.282974 0.394005 -0.874463 -0.853221 -0.519866 0.041865 -0.438109 0.757957 0.483282 619.123488 -29.638617 -342.164553
-0.267009 0.404508 -0.874688 -0.872503 -0.486871 0.041184 -0.409201 0.774164 0.482934 619.282661 -29.156349 -341.917850
-0.250599 0.414519 -0.874857 -0.890481 -0.453231 0.040327 -0.379796 0.789149 0.482700 619.402173 -28.550092 -341.752488
-0.233759 0.424024 -0.874963 -0.907134 -0.419002 0.039297 -0.349948 0.802895 0.482592 619.477364 -27.820931 -341.676330
-0.216506 0.433013 -0.875000 -0.922446 -0.384241 0.038096 -0.319715 0.815389 0.482622 619.503476 -26.970454 -341.697176
-0.198566 0.441608 -0.874959 -0.936536 -0.348661 0.036565 -0.288917 0.826691 0.482814 619.474731 -25.885934 -341.833144
-0.179657 0.449889 -0.874828 -0.949460 -0.311983 0.034544 -0.257390 0.836819 0.483201 619.381276 -24.455171 -342.107735
-0.159796 0.457779 -0.874588 -0.961115 -0.274285 0.032039 -0.225219 0.845699 0.483807 619.211531 -22.681809 -342.536915
-0.139003 0.465202 -0.874223 -0.971403 -0.235651 0.029057 -0.192494 0.853262 0.484655 618.953092 -20.570803 -343.136757
-0.117304 0.472084 -0.873714 -0.980235 -0.196175 0.025608 -0.159311 0.859449 0.485765 618.592777 -18.128568 -343.923325
-0.094730 0.478356 -0.873042 -0.987526 -0.155955 0.021702 -0.125774 0.864207 0.487163 618.116693 -15.363107 -344.912527
-0.071321 0.483949 -0.872185 -0.993203 -0.115097 0.017353 -0.091988 0.867494 0.488868 617.510321 -12.284135 -346.119960
-0.047120 0.488798 -0.871124 -0.997200 -0.073714 0.012578 -0.058066 0.869277 0.490903 616.758616 -8.903180 -347.560736
-0.022176 0.492844 -0.869835 -0.999463 -0.031921 0.007395 -0.024121 0.869532 0.493288 615.846129 -5.233654 -349.249304
0.003456 0.496033 -0.868297 -0.999947 0.010163 0.001826 0.009730 0.868244 0.496042 614.757138 -1.290919 -351.199255
0.029715 0.498314 -0.866487 -0.998617 0.052413 -0.004104 0.043370 0.865411 0.499183 613.475801 2.907688 -353.423131
0.056538 0.499645 -0.864383 -0.995451 0.094704 -0.010368 0.076680 0.861038 0.502726 611.986316 7.342854 -355.932232
0.083855 0.499987 -0.861964 -0.990438 0.136912 -0.016937 0.109545 0.855142 0.506687 610.273105 11.993313 -358.736422
0.111593 0.499311 -0.859207 -0.983578 0.178909 -0.023777 0.141848 0.847750 0.511076 608.320993 16.835900 -361.843951
0.139676 0.497592 -0.856091 -0.974883 0.220572 -0.030853 0.173478 0.838898 0.515903 606.115407 21.845640 -365.261282
0.168025 0.494816 -0.852599 -0.964375 0.261779 -0.038127 0.204327 0.828631 0.521173 603.642576 26.995852 -368.992936
0.196560 0.490973 -0.848711 -0.952088 0.302410 -0.045560 0.234290 0.817003 0.526891 600.889734 32.258294 -373.041355
0.225197 0.486062 -0.844411 -0.938070 0.342352 -0.053109 0.263272 0.804076 0.533057 597.845321 37.603329 -377.406790
0.253854 0.480091 -0.839685 -0.922373 0.381496 -0.060732 0.291179 0.789920 0.539668 594.499184 43.000109 -382.087207
0.282448 0.473074 -0.834520 -0.905066 0.419738 -0.068382 0.317930 0.774610 0.546717 590.842771 48.416785 -387.078231
0.310895 0.465033 -0.828908 -0.886221 0.456983 -0.076015 0.343448 0.758229 0.554196 586.869316 53.820737 -392.373109
0.339115 0.455996 -0.822842 -0.865923 0.493144 -0.083583 0.367666 0.740862 0.562090 582.574009 59.178804 -397.962707
0.367028 0.446002 -0.816316 -0.844269 0.528128 -0.091049 0.390512 0.722608 0.570384 577.954152 64.464534 -403.834427
0.394558 0.435092 -0.809332 -0.821365 0.561856 -0.098374 0.411926 0.703572 0.579054 573.009306 69.650919 -409.973179
0.421631 0.423316 -0.801892 -0.797314 0.594270 -0.105511 0.431876 0.683847 0.588079 567.741401 74.703897 -416.362765
0.448178 0.410729 -0.794001 -0.772226 0.625324 -0.112412 0.450337 0.663529 0.597432 562.154844 79.589832 -422.985002
0.474131 0.397393 -0.785671 -0.746213 0.654979 -0.119031 0.467296 0.642714 0.607086 556.256587 84.275757 -429.819879
0.499432 0.383371 -0.776913 -0.719389 0.683208 -0.125322 0.482749 0.621493 0.617009 550.056182 88.729581 -436.845717
0.524024 0.368734 -0.767746 -0.691872 0.709992 -0.131241 0.496701 0.599955 0.627170 543.565803 92.920306 -444.039364
0.547857 0.353553 -0.758190 -0.663778 0.735323 -0.136746 0.509167 0.578187 0.637533 536.800247 96.818220 -451.376395
0.570886 0.337906 -0.748270 -0.635225 0.759198 -0.141798 0.520171 0.556271 0.648062 529.776906 100.395055 -458.831326
0.593072 0.321869 -0.738015 -0.606330 0.781629 -0.146359 0.529745 0.534282 0.658721 522.515716 103.624149 -466.377834
0.614383 0.305522 -0.727454 -0.577206 0.802630 -0.150394 0.537928 0.512291 0.669471 515.039082 106.480569 -473.988982
0.634791 0.288945 -0.716625 -0.547967 0.822226 -0.153869 0.544768 0.490362 0.680274 507.371773 108.941205 -481.637437
0.654275 0.272218 -0.705565 -0.518722 0.840449 -0.156756 0.550320 0.468553 0.691091 499.540807 110.984846 -489.295687
0.672821 0.255422 -0.694314 -0.489575 0.857337 -0.159026 0.554642 0.446915 0.701882 491.575303 112.592235 -496.936246
