0.719340 0.000000 -0.694658 -0.000000 1.000000 0.000000 0.694658 0.000000 0.719340 491.816553 0.000000 -509.290950
0.719829 -0.000723 -0.694151 0.001013 0.999999 0.000009 0.694150 -0.000710 0.719830 491.457194 -0.006514 -509.637734
0.721273 -0.002862 -0.692645 0.004007 0.999992 0.000041 0.692639 -0.002804 0.721279 490.390972 -0.028721 -510.663771
0.723629 -0.006371 -0.690160 0.008905 0.999960 0.000105 0.690132 -0.006222 0.723657 488.631594 -0.074676 -512.347493
0.726847 -0.011205 -0.686708 0.015624 0.999878 0.000222 0.686622 -0.010891 0.726933 486.187833 -0.157360 -514.667038
0.730871 -0.017317 -0.682296 0.024075 0.999710 0.000415 0.682091 -0.016730 0.731076 483.064167 -0.294087 -517.599959
0.735639 -0.024659 -0.676925 0.034159 0.999416 0.000715 0.676512 -0.023648 0.736052 479.261405 -0.505925 -521.122868
0.741084 -0.033182 -0.670592 0.045772 0.998951 0.001154 0.669850 -0.031549 0.741826 474.777312 -0.817102 -525.211034
0.747136 -0.042833 -0.663289 0.058803 0.998268 0.001772 0.662064 -0.040327 0.748361 469.607228 -1.254422 -529.837967
0.753721 -0.053559 -0.655009 0.073136 0.997319 0.002608 0.653113 -0.049870 0.755617 463.744683 -1.846642 -534.975002
0.760760 -0.065302 -0.645739 0.088646 0.996056 0.003706 0.642951 -0.060061 0.763549 457.182002 -2.623855 -540.590904
0.768176 -0.078003 -0.635469 0.105204 0.994438 0.005109 0.631536 -0.070778 0.772109 449.910907 -3.616832 -546.651524
0.775887 -0.091595 -0.624187 0.122676 0.992423 0.006859 0.618829 -0.081895 0.781245 441.923100 -4.856355 -553.119502
0.783813 -0.106012 -0.611882 0.140923 0.989980 0.009001 0.604796 -0.093283 0.790898 433.210845 -6.372527 -559.954059
0.791872 -0.121181 -0.598544 0.159802 0.987081 0.011574 0.589409 -0.104813 0.801007 423.767526 -8.194078 -567.110866
0.799984 -0.137023 -0.584166 0.179165 0.983710 0.014615 0.572648 -0.116354 0.811503 413.588181 -10.347649 -574.542023
0.808071 -0.153460 -0.568745 0.198865 0.979859 0.018160 0.554503 -0.127778 0.822314 402.670023 -12.857113 -582.196136
0.816057 -0.170404 -0.552280 0.218752 0.975527 0.022236 0.534975 -0.138958 0.833362 391.012919 -15.742886 -590.018519
0.823868 -0.187768 -0.534775 0.238678 0.970727 0.026866 0.514076 -0.149773 0.844567 378.619839 -19.021294 -597.951504
0.831434 -0.205458 -0.516241 0.258494 0.965480 0.032068 0.491832 -0.160107 0.855843 365.497263 -22.703985 -605.934876
0.838690 -0.223379 -0.496690 0.278057 0.959819 0.037850 0.468278 -0.169852 0.867102 351.655535 -26.797404 -613.906408
0.845575 -0.241433 -0.476144 0.297226 0.953783 0.044213 0.443464 -0.178907 0.878255 337.109173 -31.302361 -621.802510
0.852033 -0.259520 -0.454630 0.315867 0.947424 0.051149 0.417453 -0.187184 0.889210 321.877108 -36.213690 -629.558964
0.858016 -0.277539 -0.432181 0.333855 0.940798 0.058644 0.390319 -0.194604 0.899878 305.982872 -41.520034 -637.111735
0.863481 -0.295389 -0.408836 0.351071 0.933972 0.066672 0.362147 -0.201101 0.910169 289.454705 -47.203735 -644.397839
0.868389 -0.312970 -0.384642 0.367408 0.927015 0.075199 0.333034 -0.206623 0.919998 272.325597 -53.240884 -651.356255
0.872713 -0.330184 -0.359653 0.382768 0.920001 0.084183 0.303085 -0.211131 0.929281 254.633260 -59.601492 -657.928840
0.876429 -0.346935 -0.333928 0.397067 0.913007 0.093573 0.272414 -0.214602 0.937943 236.420016 -66.249802 -664.061242
0.879522 -0.363131 -0.307533 0.410232 0.906110 0.103312 0.241143 -0.217025 0.945912 217.732620 -73.144761 -669.703773
0.881984 -0.378684 -0.280540 0.422206 0.899387 0.113335 0.209396 -0.218405 0.953128 198.622002 -80.240593 -674.812227
0.883812 -0.393514 -0.253028 0.432943 0.892911 0.123570 0.177305 -0.218759 0.959535 179.142946 -87.487517 -679.348609
0.885012 -0.407546 -0.225077 0.442412 0.886753 0.133945 0.144999 -0.218119 0.965090 159.353700 -94.832565 -683.281770
0.885597 -0.420711 -0.196774 0.450596 0.880975 0.144380 0.112611 -0.216528 0.969760 139.315532 -102.220473 -686.587905
0.885583 -0.432952 -0.168210 0.457492 0.875637 0.154795 0.080272 -0.214039 0.973521 119.092232 -109.594659 -689.250930
0.884995 -0.444218 -0.139477 0.463108 0.870787 0.165111 0.048110 -0.210715 0.976363 98.749571 -116.898232 -691.262699
0.883862 -0.454467 -0.110671 0.467466 0.866466 0.175248 0.016248 -0.206630 0.978284 78.354725 -124.075006 -692.623075
0.882216 -0.463670 -0.081887 0.470600 0.862707 0.185128 -0.015194 -0.201859 0.979297 57.975683 -131.070533 -693.339837
0.880095 -0.471806 -0.053221 0.472555 0.859530 0.194680 -0.046106 -0.196487 0.979422 37.680640 -137.833064 -693.428446
0.877539 -0.478865 -0.024770 0.473382 0.856949 0.203835 -0.076382 -0.190599 0.978692 17.537381 -144.314479 -692.911658
0.874593 -0.484846 0.003372 0.473145 0.854965 0.212531 -0.105927 -0.184282 0.977149 -2.387307 -150.471121 -691.819005
0.871302 -0.489761 0.031113 0.471913 0.853571 0.220713 -0.134654 -0.177625 0.974842 -22.028217 -156.264529 -690.186169
0.867711 -0.493630 0.058365 0.469762 0.852752 0.228337 -0.162485 -0.170713 0.971831 -41.322259 -161.662049 -688.054247
0.863870 -0.496485 0.085041 0.466771 0.852484 0.235364 -0.189351 -0.163629 0.968180 -60.208964 -166.637316 -685.468948
0.859825 -0.498364 0.111061 0.463026 0.852734 0.241767 -0.215194 -0.156453 0.963958 -78.630925 -171.170602 -682.479741
0.855624 -0.499317 0.136348 0.458613 0.853466 0.247528 -0.239963 -0.149260 0.959239 -96.534187 -175.249006 -679.138963
0.851313 -0.499399 0.160832 0.453620 0.854636 0.252637 -0.263620 -0.142117 0.954100 -113.868560 -178.866503 -675.500939
0.846936 -0.498676 0.184447 0.448138 0.856197 0.257097 -0.286131 -0.135087 0.948620 -130.587863 -182.023869 -671.621110
0.842538 -0.497218 0.207134 0.442256 0.858098 0.260917 -0.307473 -0.128226 0.942878 -146.650091 -184.728443 -667.555201
0.838158 -0.495100 0.228839 0.436061 0.860287 0.264116 -0.327631 -0.121583 0.936950 -162.017493 -186.993795 -663.358460
0.833835 -0.492404 0.249516 0.429641 0.862709 0.266723 -0.346595 -0.115201 0.930914 -176.656573 -188.839265 -659.084957
0.829512 -0.489141 0.269538 0.422938 0.865369 0.268811 -0.364737 -0.108984 0.924711 -190.832456 -190.317813 -654.692980
0.825117 -0.485271 0.289298 0.415850 0.868296 0.270427 -0.382427 -0.102829 0.918246 -204.822436 -191.461720 -650.116123
0.820663 -0.480800 0.308779 0.408394 0.871476 0.271560 -0.399659 -0.096756 0.911543 -218.614527 -192.263972 -645.370473
0.816160 -0.475734 0.327963 0.400588 0.874892 0.272202 -0.416428 -0.090783 0.904625 -232.196890 -192.718450 -640.472480
0.811622 -0.470081 0.346834 0.392450 0.878528 0.272345 -0.432728 -0.084926 0.897515 -245.557848 -192.819945 -635.438908
0.807059 -0.463848 0.365377 0.383996 0.882367 0.271984 -0.448556 -0.079204 0.890238 -258.685895 -192.564165 -630.286795
0.802485 -0.457043 0.383574 0.375243 0.886392 0.271114 -0.463908 -0.073631 0.882818 -271.569706 -191.947754 -625.033398
0.797910 -0.449676 0.401411 0.366208 0.890583 0.269730 -0.478781 -0.068220 0.875280 -284.198153 -190.968290 -619.696148
0.793346 -0.441757 0.418872 0.356906 0.894921 0.267832 -0.493174 -0.062985 0.867648 -296.560310 -189.624295 -614.292604
0.788804 -0.433294 0.435941 0.347353 0.899388 0.265418 -0.507085 -0.057937 0.859947 -308.645468 -187.915239 -608.840399
0.784294 -0.424301 0.452605 0.337563 0.903964 0.262489 -0.520513 -0.053086 0.852202 -320.443142 -185.841537 -603.357199
0.779829 -0.414788 0.468848 0.327552 0.908628 0.259047 -0.533458 -0.048440 0.844439 -331.943085 -183.404550 -597.860647
0.775418 -0.404767 0.484656 0.317332 0.913360 0.255095 -0.545919 -0.044008 0.836681 -343.135295 -180.606578 -592.368320
0.771071 -0.394251 0.500016 0.306917 0.918141 0.250638 -0.557899 -0.039796 0.828954 -354.010024 -177.450855 -586.897684
0.766799 -0.383253 0.514914 0.296321 0.922949 0.245681 -0.569397 -0.035808 0.821282 -364.557791 -173.941536 -581.466038
0.762611 -0.371788 0.529337 0.285555 0.927764 0.240232 -0.580415 -0.032049 0.813690 -374.769388 -170.083693 -576.090476
0.758518 -0.359869 0.543273 0.274632 0.932567 0.234299 -0.590955 -0.028520 0.806200 -384.635891 -165.883292 -570.787840
0.754527 -0.347511 0.556709 0.263563 0.937336 0.227892 -0.601019 -0.025223 0.798837 -394.148667 -161.347185 -565.574670
0.750648 -0.334730 0.569634 0.252358 0.942053 0.221022 -0.610608 -0.022158 0.791623 -403.299383 -156.483086 -560.467167
0.746890 -0.321542 0.582036 0.241028 0.946698 0.213701 -0.619726 -0.019324 0.784580 -412.080013 -151.299555 -555.481144
0.743261 -0.307963 0.593904 0.229583 0.951252 0.205941 -0.628375 -0.016718 0.777731 -420.482849 -145.805970 -550.631988
0.739768 -0.294009 0.605229 0.218032 0.955695 0.197758 -0.636557 -0.014336 0.771097 -428.500504 -140.012509 -545.934620
0.736420 -0.279697 0.615999 0.206384 0.960011 0.189167 -0.644276 -0.012174 0.764697 -436.125923 -133.930119 -541.403451
0.733223 -0.265046 0.626206 0.194647 0.964181 0.180185 -0.651533 -0.010226 0.758551 -443.352387 -127.570490 -537.052349
0.730185 -0.250074 0.635840 0.182829 0.968190 0.170828 -0.658334 -0.008486 0.752678 -450.173520 -120.946025 -532.894600
0.727312 -0.234797 0.644894 0.170938 0.972020 0.161116 -0.664679 -0.006945 0.747097 -456.583299 -114.069806 -528.942874
0.724609 -0.219236 0.653358 0.158979 0.975656 0.151068 -0.670572 -0.005594 0.741823 -462.576052 -106.955560 -525.209194
0.722084 -0.203410 0.661226 0.146961 0.979084 0.140703 -0.676016 -0.004425 0.736874 -468.146473 -99.617631 -521.704899
0.719740 -0.187336 0.668490 0.134889 0.982290 0.130044 -0.681013 -0.003426 0.732263 -473.289618 -92.070931 -518.440619
0.717584 -0.171036 0.675145 0.122769 0.985261 0.119112 -0.685566 -0.002586 0.728005 -478.000916 -84.330915 -515.426245
0.715619 -0.154528 0.681183 0.110606 0.987987 0.107929 -0.689678 -0.001893 0.724114 -482.276173 -76.413534 -512.670906
0.713850 -0.137833 0.686600 0.098406 0.990455 0.096519 -0.693350 -0.001334 0.720600 -486.111573 -68.335195 -510.182942
0.712281 -0.120971 0.691392 0.086173 0.992656 0.084905 -0.696585 -0.000897 0.717474 -489.503683 -60.112721 -507.969880
0.710914 -0.103963 0.695552 0.073913 0.994581 0.073112 -0.699384 -0.000566 0.714746 -492.449458 -51.763310 -506.038422
0.709753 -0.086828 0.699079 0.061629 0.996223 0.061165 -0.701749 -0.000328 0.712424 -494.946243 -43.304487 -504.394420
0.708801 -0.069589 0.701968 0.049326 0.997576 0.049088 -0.703682 -0.000168 0.710515 -496.991777 -34.754062 -503.042864
0.708058 -0.052265 0.704217 0.037007 0.998633 0.036907 -0.705184 -0.000071 0.709025 -498.584190 -26.130087 -501.987866
0.707528 -0.034879 0.705824 0.024678 0.999392 0.024648 -0.706255 -0.000021 0.707958 -499.722013 -17.450806 -501.232654
0.707210 -0.017450 0.706788 0.012341 0.999848 0.012337 -0.706895 -0.000003 0.707318 -500.404174 -8.734613 -500.779556
0.707107 -0.000000 0.707107 0.000000 1.000000 -0.000000 -0.707107 0.000000 0.707107 -500.630000 0.000000 -500.630000
0.707217 0.017450 0.706781 -0.012341 0.999848 -0.012337 -0.706888 0.000003 0.707325 -500.399221 8.734483 -500.784507
0.707542 0.034878 0.705810 -0.024678 0.999392 -0.024647 -0.706240 0.000021 0.707972 -499.711965 17.450281 -501.242689
0.708080 0.052264 0.704195 -0.037007 0.998633 -0.036905 -0.705162 0.000072 0.709046 -498.568765 26.128879 -502.003249
0.708831 0.069586 0.701938 -0.049325 0.997576 -0.049085 -0.703652 0.000170 0.710545 -496.970551 34.751846 -503.063987
0.709792 0.086823 0.699040 -0.061627 0.996224 -0.061160 -0.701710 0.000331 0.712462 -494.918656 43.300888 -504.421798
0.710963 0.103955 0.695503 -0.073910 0.994582 -0.073105 -0.699335 0.000570 0.714794 -492.414812 51.757893 -506.072690
0.712341 0.120961 0.691332 -0.086170 0.992657 -0.084894 -0.696524 0.000902 0.717533 -489.461148 60.104969 -508.011782
0.713923 0.137818 0.686528 -0.098401 0.990457 -0.096504 -0.693276 0.001341 0.720671 -486.060190 68.324504 -510.233326
0.715706 0.154508 0.681097 -0.110599 0.987990 -0.107909 -0.689589 0.001902 0.724198 -482.214859 76.399200 -512.730715
0.717686 0.171010 0.675042 -0.122759 0.985266 -0.119085 -0.685461 0.002598 0.728105 -477.928464 84.312122 -515.496502
0.719860 0.187303 0.668371 -0.134870 0.982296 -0.130017 -0.680891 0.003451 0.732377 -473.205043 92.052064 -518.521165
0.722221 0.203368 0.661089 -0.146920 0.979092 -0.140689 -0.675878 0.004482 0.737000 -468.049165 99.607525 -521.794130
0.724765 0.219186 0.653202 -0.158905 0.975667 -0.151076 -0.670421 0.005698 0.741959 -462.465517 106.961807 -525.305255
0.727487 0.234736 0.644718 -0.170821 0.972033 -0.161157 -0.664517 0.007108 0.747239 -456.459176 114.098752 -529.043750
0.730380 0.250000 0.635646 -0.182665 0.968207 -0.170908 -0.658163 0.008718 0.752825 -450.035595 121.002771 -532.998205
0.733438 0.264960 0.625992 -0.194430 0.964202 -0.180310 -0.651357 0.010534 0.758698 -443.200602 127.658877 -537.156617
0.736654 0.279596 0.615765 -0.206112 0.960035 -0.189341 -0.644095 0.012562 0.764842 -435.960390 134.052706 -541.506421
0.740021 0.293893 0.604976 -0.217705 0.955724 -0.197982 -0.636375 0.014805 0.771238 -428.321513 140.170557 -546.034514
0.743532 0.307831 0.593633 -0.229202 0.951284 -0.206215 -0.628193 0.017265 0.777866 -420.290876 145.999408 -550.727288
0.747179 0.321394 0.581747 -0.240596 0.946736 -0.214022 -0.619546 0.019946 0.784707 -411.875732 151.526945 -555.570662
0.750953 0.334565 0.569329 -0.251880 0.942096 -0.221387 -0.610431 0.022849 0.791740 -403.083666 156.741587 -560.550111
0.754846 0.347329 0.556390 -0.263046 0.937384 -0.228295 -0.600844 0.025972 0.798944 -393.922595 161.632508 -565.650701
0.758850 0.359670 0.542941 -0.274085 0.932619 -0.234732 -0.590783 0.029314 0.806298 -384.400755 166.189655 -570.857120
0.762954 0.371572 0.528994 -0.284988 0.927822 -0.240684 -0.580244 0.032874 0.813779 -374.526690 170.403774 -576.153717
0.767150 0.383022 0.514563 -0.295744 0.923012 -0.246140 -0.569225 0.036648 0.821365 -364.309248 174.266422 -581.524531
0.771428 0.394005 0.499659 -0.306342 0.918210 -0.251088 -0.557722 0.040630 0.829033 -353.757566 177.769987 -586.953329
0.775777 0.404508 0.484297 -0.316773 0.913436 -0.255520 -0.545734 0.044815 0.836759 -342.881062 180.907705 -592.423644
0.780187 0.414519 0.468489 -0.327022 0.908710 -0.259427 -0.533258 0.049195 0.844521 -331.689425 183.673672 -597.918808
0.784648 0.424024 0.452251 -0.337079 0.904054 -0.262801 -0.520293 0.053762 0.852294 -320.192605 186.062857 -603.421994
0.789149 0.433013 0.435596 -0.346929 0.899487 -0.265638 -0.506837 0.058507 0.860054 -308.400798 188.071111 -608.916249
0.793679 0.441474 0.418539 -0.356558 0.895030 -0.267932 -0.492890 0.063419 0.867778 -296.324440 189.695182 -614.384536
0.798226 0.449397 0.401095 -0.365952 0.890703 -0.269680 -0.478450 0.068484 0.875440 -283.974192 190.932714 -619.809770
0.802780 0.456773 0.383279 -0.375094 0.886526 -0.270880 -0.463518 0.073691 0.883018 -271.360929 191.782264 -625.174858
0.807328 0.463592 0.365108 -0.383964 0.882517 -0.271543 -0.448099 0.079036 0.890483 -258.495729 192.251707 -630.460175
0.811859 0.469846 0.346597 -0.392538 0.878693 -0.271684 -0.432202 0.084516 0.897808 -245.389860 192.351589 -635.645716
0.816361 0.475528 0.327762 -0.400799 0.875072 -0.271309 -0.415830 0.090119 0.904966 -232.054767 192.085875 -640.713973
0.820821 0.480631 0.308620 -0.408730 0.871671 -0.270424 -0.398989 0.095828 0.911935 -218.502060 191.459486 -645.647666
0.825229 0.485148 0.289187 -0.416311 0.868507 -0.269038 -0.381684 0.101626 0.918689 -204.743503 190.478290 -650.429791
0.829571 0.489074 0.269480 -0.423526 0.865593 -0.267161 -0.363921 0.107497 0.925206 -190.790998 189.149090 -655.043671
0.833835 0.492404 0.249516 -0.430355 0.862945 -0.264803 -0.345708 0.113421 0.931462 -176.656573 187.479599 -659.473009
0.838009 0.495134 0.229312 -0.436781 0.860576 -0.261976 -0.327054 0.119379 0.937435 -162.352372 185.478420 -663.701934
0.842080 0.497261 0.208886 -0.442785 0.858498 -0.258694 -0.307967 0.125350 0.943103 -147.890636 183.155028 -667.715051
0.846036 0.498782 0.188254 -0.448348 0.856723 -0.254972 -0.288457 0.131312 0.948446 -133.283695 180.519739 -671.497486
0.849865 0.499695 0.167435 -0.453451 0.855259 -0.250825 -0.268537 0.137244 0.953442 -118.543952 177.583681 -675.034934
0.853553 0.500000 0.146447 -0.458077 0.854117 -0.246270 -0.248218 0.143121 0.958073 -103.683868 174.358762 -678.313697
0.857090 0.499695 0.125305 -0.462207 0.853304 -0.241325 -0.227513 0.148920 0.962320 -88.715952 170.857641 -681.320732
0.860462 0.498782 0.104030 -0.465822 0.852825 -0.236009 -0.206436 0.154617 0.966166 -73.652747 167.093686 -684.043688
0.863657 0.497261 0.082637 -0.468904 0.852685 -0.230341 -0.185003 0.160187 0.969595 -58.506813 163.080938 -686.470942
0.866662 0.495134 0.061145 -0.471437 0.852888 -0.224343 -0.163230 0.165603 0.972590 -43.290717 158.834074 -688.591638
0.869467 0.492404 0.039572 -0.473401 0.853435 -0.218035 -0.141134 0.170841 0.975138 -28.017017 154.368361 -690.395720
0.872058 0.489074 0.017935 -0.474781 0.854327 -0.211441 -0.118733 0.175873 0.977226 -12.698252 149.699612 -691.873958
0.874424 0.485148 -0.003747 -0.475560 0.855563 -0.204583 -0.096047 0.180674 0.978842 2.653075 144.844140 -693.017987
0.876553 0.480631 -0.025458 -0.475722 0.857140 -0.197485 -0.073096 0.185217 0.979975 18.024510 139.818716 -693.820321
0.878434 0.475528 -0.047180 -0.475250 0.859053 -0.190171 -0.049901 0.189475 0.980617 33.403658 134.640514 -694.274385
0.880056 0.469846 -0.068896 -0.474132 0.861297 -0.182666 -0.026485 0.193422 0.980758 48.778201 129.327063 -694.374533
0.881406 0.463592 -0.090588 -0.472351 0.863864 -0.174995 -0.002871 0.197031 0.980393 64.135906 123.896200 -694.116064
0.882474 0.456773 -0.112239 -0.469895 0.866746 -0.167184 0.020917 0.200276 0.979516 79.464643 118.366013 -693.495242
0.883251 0.449397 -0.133831 -0.466751 0.869931 -0.159259 0.044854 0.203131 0.978124 94.752392 112.754792 -692.509303
0.883724 0.441474 -0.155350 -0.462908 0.873408 -0.151245 0.068913 0.205571 0.976213 109.987263 107.080973 -691.156466
0.883883 0.433013 -0.176777 -0.458354 0.877163 -0.143169 0.093068 0.207571 0.973783 125.157500 101.363087 -689.435942
0.883720 0.424024 -0.198096 -0.453080 0.881180 -0.135057 0.117291 0.209105 0.970834 140.251500 95.619707 -687.347934
0.883224 0.414519 -0.219291 -0.447076 0.885444 -0.126935 0.141553 0.210152 0.967367 155.257823 89.869391 -684.893638
0.882387 0.404508 -0.240347 -0.440336 0.889935 -0.118829 0.165826 0.210687 0.963386 170.165202 84.130629 -682.075242
0.881198 0.394005 -0.261247 -0.432852 0.894634 -0.110766 0.190079 0.210688 0.958896 184.962555 78.421792 -678.895920
0.879649 0.383022 -0.281977 -0.424618 0.899521 -0.102770 0.214281 0.210134 0.953901 199.639000 72.761076 -675.359822
0.877733 0.371572 -0.302521 -0.415632 0.904572 -0.094868 0.238401 0.209006 0.948410 214.183862 67.166450 -671.472066
0.875441 0.359670 -0.322864 -0.405888 0.909764 -0.087084 0.262408 0.207284 0.942431 228.586685 61.655609 -667.238718
0.872765 0.347329 -0.342992 -0.395387 0.915073 -0.079444 0.286269 0.204950 0.935973 242.837243 56.245914 -662.666782
0.869699 0.334565 -0.362890 -0.384127 0.920471 -0.071970 0.309952 0.201988 0.929048 256.925550 50.954349 -657.764175
0.866236 0.321394 -0.382546 -0.372109 0.925932 -0.064686 0.333422 0.198382 0.921669 270.841870 45.797472 -652.539705
0.862369 0.307831 -0.401946 -0.359336 0.931428 -0.057615 0.356648 0.194119 0.913849 284.576727 40.791365 -647.003049
0.858092 0.293893 -0.421076 -0.345812 0.936929 -0.050779 0.379595 0.189186 0.905603 298.120911 35.951590 -641.164721
0.853400 0.279596 -0.439924 -0.331541 0.942405 -0.044199 0.402229 0.183573 0.896946 311.465493 31.293144 -635.036046
0.848289 0.264960 -0.458479 -0.316531 0.947825 -0.037896 0.424516 0.177270 0.887897 324.601830 26.830418 -628.629123
0.842752 0.250000 -0.476727 -0.300790 0.953157 -0.031889 0.446423 0.170269 0.878473 337.521570 22.577158 -621.956795
0.836787 0.234736 -0.494658 -0.284327 0.958369 -0.026196 0.467916 0.162565 0.868693 350.216668 18.546422 -615.032608
0.830389 0.219186 -0.512261 -0.267154 0.963429 -0.020834 0.488960 0.154153 0.858577 362.679385 14.750546 -607.870775
0.823556 0.203368 -0.529525 -0.249284 0.968301 -0.015821 0.509522 0.145031 0.848147 374.902301 11.201114 -600.486131
0.816285 0.187303 -0.546440 -0.230730 0.972954 -0.011171 0.529568 0.135199 0.837424 386.878319 7.908919 -592.894096
0.808573 0.171010 -0.562997 -0.211509 0.977352 -0.006898 0.549066 0.124657 0.826430 398.600671 4.883942 -585.110627
0.800419 0.154508 -0.579187 -0.191638 0.981461 -0.003016 0.567983 0.113408 0.815189 410.062926 2.135319 -577.152173
0.791821 0.137819 -0.595000 -0.171136 0.985247 0.000464 0.586287 0.101459 0.803725 421.258992 -0.328681 -569.035629
0.782779 0.120961 -0.610430 -0.150022 0.988676 0.003534 0.603945 0.088811 0.792062 432.183125 -2.502249 -560.778279
0.773294 0.103956 -0.625468 -0.128314 0.991714 0.006188 0.620929 0.075471 0.780225 442.829932 -4.380817 -552.397731
0.763364 0.086824 -0.640107 -0.106035 0.994327 0.008417 0.637206 0.061449 0.768240 453.194373 -5.959296 -543.911887
0.752991 0.069587 -0.654341 -0.083210 0.996480 0.010217 0.652748 0.046754 0.756131 463.271768 -7.233492 -535.338901
0.742177 0.052264 -0.668163 -0.059862 0.998139 0.011582 0.667525 0.031402 0.743925 473.057798 -8.200114 -526.697134
0.730923 0.034878 -0.681568 -0.036018 0.999273 0.012510 0.681509 0.015405 0.731648 482.548510 -8.856782 -518.005103
0.719232 0.017450 -0.694551 -0.011707 0.999847 0.012997 0.694671 -0.001217 0.719326 491.740317 -9.202032 -509.281432
0.707107 0.000000 -0.707107 0.013044 0.999830 0.013044 0.706986 -0.018447 0.706986 500.630000 -9.235323 -500.544809
0.694551 -0.017450 -0.719232 0.038204 0.999190 0.012651 0.718429 -0.036265 0.694655 509.214713 -8.957029 -491.813930
0.681568 -0.034878 -0.730923 0.063742 0.997896 0.011820 0.728973 -0.054646 0.682357 517.491980 -8.368448 -483.107455
0.668163 -0.052264 -0.742177 0.089624 0.995920 0.010553 0.738597 -0.073568 0.670121 525.459698 -7.471791 -474.443961
0.654341 -0.069587 -0.752991 0.115818 0.993231 0.008856 0.747278 -0.093005 0.657971 533.116135 -6.270180 -465.841889
0.640107 -0.086824 -0.763364 0.142287 0.989802 0.006734 0.754995 -0.112928 0.645934 540.459932 -4.767633 -457.319500
0.625468 -0.103956 -0.773294 0.168998 0.985608 0.004194 0.761728 -0.133308 0.634034 547.490101 -2.969058 -448.894829
0.610430 -0.120961 -0.782779 0.195911 0.980621 0.001243 0.767459 -0.154114 0.622298 554.206024 -0.880238 -440.585635
0.595000 -0.137819 -0.791821 0.222990 0.974818 -0.002108 0.772172 -0.175314 0.610750 560.607451 1.492187 -432.409358
0.579187 -0.154508 -0.800419 0.250196 0.968177 -0.005849 0.775851 -0.196874 0.599413 566.694498 4.140733 -424.383075
0.562997 -0.171010 -0.808573 0.277490 0.960677 -0.009968 0.778482 -0.218759 0.588312 572.467646 7.057100 -416.523452
0.546440 -0.187303 -0.816285 0.304830 0.952297 -0.014452 0.780053 -0.240931 0.577469 577.927734 10.232188 -408.846708
0.529525 -0.203368 -0.823556 0.332176 0.943020 -0.019288 0.780553 -0.263352 0.566907 583.075961 13.656124 -401.368569
0.512261 -0.219186 -0.830389 0.359486 0.932830 -0.024461 0.779973 -0.285983 0.556646 587.913878 17.318289 -394.104228
0.494658 -0.234736 -0.836787 0.386719 0.921711 -0.029954 0.778307 -0.308784 0.546708 592.443385 21.207347 -387.068311
0.476727 -0.250000 -0.842752 0.413830 0.909652 -0.035750 0.775549 -0.331713 0.537113 596.666727 25.311272 -380.274834
0.458479 -0.264960 -0.848289 0.440778 0.896641 -0.041833 0.771694 -0.354728 0.527879 600.586489 29.617386 -373.737172
0.439924 -0.279596 -0.853400 0.467519 0.882669 -0.048181 0.766741 -0.377785 0.519024 604.205587 34.112388 -367.468023
0.421076 -0.293893 -0.858092 0.494009 0.867730 -0.054778 0.760691 -0.400839 0.510566 607.527267 38.782391 -361.479377
0.401946 -0.307831 -0.862369 0.520203 0.851818 -0.061600 0.753544 -0.423847 0.502519 610.555097 43.612961 -355.782486
0.382546 -0.321394 -0.866236 0.546059 0.834931 -0.068629 0.745304 -0.446762 0.494900 613.292959 48.589152 -350.387834
0.362890 -0.334565 -0.869699 0.571532 0.817068 -0.075841 0.735977 -0.469538 0.487721 615.745044 53.695550 -345.305116
0.342992 -0.347329 -0.872765 0.596577 0.798230 -0.083215 0.725570 -0.492130 0.480995 617.915841 58.916310 -340.543207
0.322864 -0.359670 -0.875441 0.621152 0.778420 -0.090728 0.714093 -0.514489 0.474733 619.810135 64.235200 -336.110145
0.302521 -0.371572 -0.877733 0.645213 0.757646 -0.098356 0.701557 -0.536570 0.468947 621.432993 69.635649 -332.013110
0.281977 -0.383022 -0.879649 0.668715 0.735913 -0.106075 0.687974 -0.558324 0.463643 622.789761 75.100780 -328.258405
0.261247 -0.394005 -0.881198 0.691618 0.713233 -0.113861 0.673361 -0.579706 0.458831 623.886049 80.613466 -324.851443
0.240347 -0.404508 -0.882387 0.713877 0.689617 -0.121690 0.657734 -0.600667 0.454517 624.727729 86.156369 -321.796734
0.219291 -0.414519 -0.883224 0.735451 0.665081 -0.129537 0.641111 -0.621162 0.450705 625.320920 91.711991 -319.097871
0.198096 -0.424024 -0.883720 0.756299 0.639640 -0.137377 0.623514 -0.641143 0.447399 625.671981 97.262716 -316.757526
0.176777 -0.433013 -0.883883 0.776381 0.613314 -0.145185 0.604965 -0.660565 0.444602 625.787500 102.790860 -314.777442
0.155350 -0.441474 -0.883724 0.795656 0.586124 -0.152937 0.585489 -0.679381 0.442316 625.674286 108.278716 -313.158429
0.133831 -0.449397 -0.883251 0.814087 0.558094 -0.160606 0.565112 -0.697548 0.440539 625.339355 113.708606 -311.900365
0.112239 -0.456773 -0.882474 0.831635 0.529248 -0.168169 0.543862 -0.715021 0.439270 624.789923 119.062922 -311.002197
0.090588 -0.463592 -0.881406 0.848263 0.499614 -0.175600 0.521769 -0.731757 0.438507 624.033393 124.324178 -310.461942
0.068896 -0.469846 -0.880056 0.863938 0.469221 -0.182875 0.498864 -0.747714 0.438245 623.077344 129.475054 -310.276696
0.047180 -0.475528 -0.878434 0.878623 0.438103 -0.189970 0.475180 -0.762849 0.438480 621.929520 134.498444 -310.442643
0.025458 -0.480631 -0.876553 0.892286 0.406291 -0.196862 0.450753 -0.777124 0.439203 620.597820 139.377502 -310.955064
0.003747 -0.485148 -0.874424 0.904895 0.373821 -0.203526 0.425618 -0.790499 0.440409 619.090284 144.095688 -311.808350
-0.017935 -0.489074 -0.872058 0.916421 0.340732 -0.209940 0.399814 -0.802937 0.442086 617.415082 148.636808 -312.996021
-0.039572 -0.492404 -0.869467 0.926834 0.307062 -0.216081 0.373380 -0.814402 0.444226 615.580505 152.985067 -314.510740
-0.061145 -0.495134 -0.866662 0.936108 0.272853 -0.221929 0.346356 -0.824860 0.446815 613.594946 157.125102 -316.344334
-0.082637 -0.497261 -0.863657 0.944218 0.238147 -0.227461 0.318785 -0.834277 0.449843 611.466898 161.042030 -318.487820
-0.104030 -0.498782 -0.860462 0.951138 0.202991 -0.232660 0.290713 -0.842622 0.453294 609.204931 164.722641 -320.930830
-0.125305 -0.499695 -0.857090 0.956847 0.167435 -0.237507 0.262188 -0.849865 0.457151 606.817688 168.154412 -323.662141
-0.146447 -0.500000 -0.853553 0.961324 0.131528 -0.241984 0.233258 -0.855979 0.461400 604.313868 171.324344 -326.670342
-0.167435 -0.499695 -0.849865 0.964553 0.095317 -0.246074 0.203969 -0.860941 0.466023 601.702217 174.220083 -329.943327
-0.188254 -0.498782 -0.846036 0.966517 0.058854 -0.249761 0.174369 -0.864727 0.471002 598.991512 176.829963 -333.468329
-0.208886 -0.497261 -0.842080 0.967205 0.022190 -0.253028 0.144507 -0.867317 0.476318 596.190552 179.143033 -337.231958
-0.229312 -0.495134 -0.838009 0.966603 -0.014622 -0.255861 0.114432 -0.868694 0.481951 593.308142 181.149095 -341.220233
-0.249516 -0.492404 -0.833835 0.964704 -0.051529 -0.258248 0.084196 -0.868840 0.487881 590.353086 182.838726 -345.418627
-0.269480 -0.489074 -0.829571 0.961499 -0.088475 -0.260175 0.053848 -0.867744 0.494086 587.334168 184.203308 -349.812107
-0.289187 -0.485148 -0.825229 0.956986 -0.125407 -0.261632 0.023441 -0.865393 0.500546 584.260144 185.235055 -354.385175
-0.308620 -0.480631 -0.820821 0.951160 -0.162268 -0.262610 -0.006975 -0.861779 0.507236 581.139731 185.927032 -359.121910
-0.327762 -0.475528 -0.816361 0.944022 -0.199002 -0.263099 -0.037347 -0.856896 0.514134 577.981589 186.273178 -364.006016
-0.346597 -0.469846 -0.811859 0.935573 -0.235553 -0.263092 -0.067623 -0.850740 0.521218 574.794316 186.268322 -369.020868
-0.365108 -0.463592 -0.807328 0.925819 -0.271863 -0.262583 -0.097751 -0.843311 0.528462 571.586431 185.908199 -374.149553
-0.383279 -0.456773 -0.802780 0.914765 -0.307875 -0.261568 -0.127679 -0.834609 0.535842 568.366364 185.189463 -379.374924
-0.401095 -0.449397 -0.798226 0.902420 -0.343534 -0.260043 -0.157355 -0.824637 0.543335 565.142445 184.109700 -384.679645
-0.418539 -0.441474 -0.793679 0.888796 -0.378781 -0.258006 -0.186728 -0.813404 0.550915 561.922892 182.667430 -390.046238
-0.435596 -0.433013 -0.789149 0.873905 -0.413560 -0.255456 -0.215745 -0.800917 0.558557 558.715798 180.862118 -395.457135
-0.452251 -0.424024 -0.784648 0.857764 -0.447815 -0.252394 -0.244356 -0.787188 0.566237 555.529123 178.694174 -400.894723
-0.468489 -0.414519 -0.780187 0.840390 -0.481490 -0.248821 -0.272511 -0.772232 0.573930 552.370682 176.164957 -406.341398
-0.484297 -0.404508 -0.775777 0.821803 -0.514530 -0.244742 -0.300160 -0.756064 0.581611 549.248131 173.276765 -411.779610
-0.499659 -0.394005 -0.771428 0.802026 -0.546880 -0.240160 -0.327254 -0.738703 0.589256 546.168961 170.032839 -417.191914
-0.514563 -0.383022 -0.767150 0.781083 -0.578486 -0.235082 -0.353744 -0.720172 0.596840 543.140487 166.437349 -422.561018
-0.528994 -0.371572 -0.762954 0.759000 -0.609297 -0.229514 -0.379584 -0.700494 0.604338 540.169835 162.495388 -427.869831
-0.542941 -0.359670 -0.758850 0.735806 -0.639259 -0.223465 -0.404728 -0.679695 0.611727 537.263935 158.212956 -433.101511
-0.556390 -0.347329 -0.754846 0.711532 -0.668324 -0.216946 -0.429130 -0.657804 0.618984 534.429511 153.596950 -438.239511
-0.569329 -0.334565 -0.750953 0.686210 -0.696441 -0.209966 -0.452747 -0.634851 0.626086 531.673072 148.655140 -443.267625
-0.581747 -0.321394 -0.747179 0.659875 -0.723563 -0.202538 -0.475537 -0.610870 0.633011 529.000902 143.396155 -448.170037
-0.593633 -0.307831 -0.743532 0.632563 -0.749644 -0.194675 -0.497457 -0.585897 0.639736 526.419053 137.829458 -452.931358
-0.604976 -0.293893 -0.740021 0.604313 -0.774638 -0.186392 -0.518469 -0.559967 0.646240 523.933335 131.965322 -457.536674
-0.615765 -0.279596 -0.736654 0.575164 -0.798503 -0.177705 -0.538535 -0.533121 0.652504 521.549310 125.814804 -461.971586
-0.625992 -0.264960 -0.733438 0.545158 -0.821198 -0.168630 -0.557618 -0.505400 0.658508 519.272284 119.389714 -466.222249
-0.635646 -0.250000 -0.730380 0.514338 -0.842684 -0.159185 -0.575683 -0.476847 0.664233 517.107297 112.702589 -470.275412
-0.644718 -0.234736 -0.727487 0.482749 -0.862923 -0.149388 -0.592699 -0.447507 0.669661 515.059123 105.766654 -474.118454
-0.653202 -0.219186 -0.724765 0.450437 -0.881880 -0.139260 -0.608633 -0.417426 0.674775 513.132254 98.595793 -477.739420
-0.661089 -0.203368 -0.722221 0.417450 -0.899523 -0.128820 -0.623456 -0.386653 0.679560 511.330902 91.204506 -481.127052
-0.668371 -0.187303 -0.719860 0.383836 -0.915819 -0.118091 -0.637142 -0.355236 0.684001 509.658990 83.607880 -484.270823
-0.675042 -0.171010 -0.717686 0.349645 -0.930741 -0.107093 -0.649666 -0.323228 0.688083 508.120147 75.821539 -487.160963
-0.681097 -0.154508 -0.715705 0.314929 -0.944263 -0.095850 -0.661004 -0.290679 0.691794 506.717702 67.861610 -489.788491
-0.686529 -0.137819 -0.713921 0.279739 -0.956360 -0.084385 -0.671136 -0.257645 0.695123 505.454682 59.744680 -492.145234
-0.691334 -0.120961 -0.712338 0.244128 -0.967012 -0.072723 -0.680043 -0.224178 0.698059 504.333805 51.487745 -494.223855
-0.695507 -0.103956 -0.710959 0.208150 -0.976200 -0.060887 -0.687709 -0.190334 0.700592 503.357480 43.108176 -496.017869
-0.699045 -0.086824 -0.709787 0.171860 -0.983907 -0.048904 -0.694119 -0.156170 0.702716 502.527799 34.623663 -497.521665
-0.701944 -0.069587 -0.708825 0.135312 -0.990119 -0.036797 -0.699261 -0.121742 0.704424 501.846539 26.052173 -498.730518
-0.704201 -0.052264 -0.708075 0.098562 -0.994827 -0.024593 -0.703126 -0.087108 0.705709 501.315156 17.411905 -499.640605
-0.705815 -0.034878 -0.707537 0.061666 -0.998021 -0.012318 -0.705707 -0.052325 0.706569 500.934784 8.721234 -500.249014
-0.706784 -0.017450 -0.707214 0.024680 -0.999695 0.000002 -0.706999 -0.017452 0.706999 500.706237 -0.001331 -500.553752
-0.707107 -0.000000 -0.707107 -0.012341 -0.999848 0.012341 -0.706999 0.017452 0.706999 500.630000 -8.737198 -500.553752
-0.706784 0.017450 -0.707214 -0.049338 -0.998477 0.024672 -0.705707 0.052331 0.706568 500.706237 -17.467744 -500.248874
-0.705815 0.034878 -0.707537 -0.086257 -0.995587 0.036970 -0.703125 0.087124 0.705708 500.934784 -26.174360 -499.639909
-0.704201 0.052264 -0.708075 -0.123044 -0.991180 0.049210 -0.699258 0.121778 0.704421 501.315156 -34.840442 -498.728435
-0.701944 0.069587 -0.708825 -0.159644 -0.985265 0.061369 -0.694110 0.156238 0.702710 501.846539 -43.449325 -497.516835
-0.699045 0.086824 -0.709787 -0.196003 -0.977851 0.073422 -0.687691 0.190446 0.700579 502.527799 -51.982471 -496.008496
-0.695507 0.103956 -0.710959 -0.232064 -0.968949 0.085341 -0.680012 0.224344 0.698036 503.357480 -60.421546 -494.207728
-0.691334 0.120961 -0.712338 -0.267773 -0.958577 0.097103 -0.671085 0.257875 0.695087 504.333805 -68.748466 -492.119757
-0.686529 0.137819 -0.713921 -0.303074 -0.946750 0.108680 -0.660927 0.290983 0.691741 505.454682 -76.945450 -489.750708
-0.681097 0.154508 -0.715705 -0.337914 -0.933489 0.120050 -0.649554 0.323613 0.688007 506.717702 -84.995067 -487.107589
-0.675042 0.171010 -0.717686 -0.372241 -0.918818 0.131187 -0.636989 0.355709 0.683898 508.120147 -92.880279 -484.198269
-0.668371 0.187303 -0.719860 -0.406002 -0.902762 0.142069 -0.623252 0.387219 0.679425 509.658990 -100.584495 -481.031461
-0.661089 0.203368 -0.722221 -0.439147 -0.885348 0.152672 -0.608368 0.418091 0.674602 511.330902 -108.091607 -477.616694
-0.653202 0.219186 -0.724765 -0.471625 -0.866608 0.162975 -0.592365 0.448273 0.669443 513.132254 -115.386044 -473.964286
-0.644718 0.234736 -0.727487 -0.503389 -0.846573 0.172956 -0.575271 0.477718 0.663964 515.059123 -122.452800 -470.085317
-0.635646 0.250000 -0.730380 -0.534392 -0.825278 0.182596 -0.557118 0.506375 0.658182 517.107297 -129.277489 -465.991596
-0.625992 0.264960 -0.733438 -0.564587 -0.802761 0.191874 -0.537936 0.534201 0.652115 519.272284 -135.846374 -461.695627
-0.615765 0.279596 -0.736654 -0.593932 -0.779061 0.200772 -0.517763 0.561151 0.645780 521.549310 -142.146406 -457.210575
-0.604976 0.293893 -0.740021 -0.622382 -0.754218 0.209274 -0.496633 0.587181 0.639197 523.933335 -148.165260 -452.550230
-0.593633 0.307831 -0.743532 -0.649898 -0.728276 0.217361 -0.474586 0.612253 0.632388 526.419053 -153.891368 -447.728960
-0.581747 0.321394 -0.747179 -0.676441 -0.701280 0.225020 -0.451661 0.636327 0.625372 529.000902 -159.313948 -442.761680
-0.569329 0.334565 -0.750953 -0.701973 -0.673276 0.232237 -0.427900 0.659368 0.618171 531.673072 -164.423031 -437.663804
-0.556390 0.347329 -0.754846 -0.726459 -0.644312 0.238997 -0.403345 0.681341 0.610809 534.429511 -169.209491 -432.451199
-0.542941 0.359670 -0.758850 -0.749867 -0.614437 0.245290 -0.378042 0.702214 0.603307 537.263935 -173.665064 -427.140145
-0.528994 0.371572 -0.762954 -0.772164 -0.583703 0.251106 -0.352035 0.721959 0.595690 540.169835 -177.782375 -421.747283
-0.514563 0.383022 -0.767150 -0.793322 -0.552161 0.256434 -0.325371 0.740548 0.587981 543.140487 -181.554947 -416.289570
-0.499659 0.394005 -0.771428 -0.813313 -0.519866 0.261268 -0.298098 0.757957 0.580206 546.168961 -184.977228 -410.784231
-0.484297 0.404508 -0.775777 -0.832114 -0.486871 0.265601 -0.270265 0.774164 0.572387 549.248131 -188.044593 -405.248708
-0.468489 0.414519 -0.780187 -0.849701 -0.453231 0.269427 -0.241922 0.789149 0.564551 552.370682 -190.753365 -399.700610
-0.452251 0.424024 -0.784648 -0.866054 -0.419002 0.272742 -0.213120 0.802895 0.556722 555.529123 -193.100813 -394.157662
-0.435596 0.433013 -0.789149 -0.881155 -0.384241 0.275545 -0.183909 0.815389 0.548925 558.715798 -195.085166 -388.637658
-0.418256 0.441608 -0.793753 -0.895160 -0.348661 0.277712 -0.154111 0.826691 0.541139 561.975578 -196.619365 -383.125396
-0.399958 0.449889 -0.798520 -0.908167 -0.311983 0.279105 -0.123558 0.836819 0.533354 565.350164 -197.605634 -377.613558
-0.380711 0.457779 -0.803429 -0.920073 -0.274285 0.279702 -0.092326 0.845699 0.525613 568.825651 -198.028459 -372.132909
-0.360532 0.465202 -0.808458 -0.930783 -0.235651 0.279485 -0.060497 0.853262 0.517961 572.386303 -197.874726 -366.715567
-0.339440 0.472084 -0.813583 -0.940206 -0.196175 0.278439 -0.028158 0.859449 0.510446 576.014571 -197.134021 -361.394778
-0.317462 0.478356 -0.818775 -0.948260 -0.155955 0.276553 0.004599 0.864207 0.503116 579.691150 -195.798892 -356.204658
-0.294629 0.483949 -0.824007 -0.954869 -0.115097 0.273822 0.037675 0.867494 0.496018 583.395052 -193.865117 -351.179902
-0.270978 0.488798 -0.829245 -0.959966 -0.073714 0.270244 0.070968 0.869277 0.489204 587.103723 -191.331911 -346.355470
-0.246550 0.492844 -0.834456 -0.963493 -0.031921 0.265823 0.104373 0.869532 0.482722 590.793183 -188.202124 -341.766249
-0.221394 0.496033 -0.839605 -0.965402 0.010163 0.260569 0.137784 0.868244 0.476621 594.438196 -184.482390 -337.446696
-0.195561 0.498314 -0.844653 -0.965652 0.052413 0.254497 0.171090 0.865411 0.470949 598.012471 -180.183236 -333.430472
-0.169107 0.499645 -0.849563 -0.964216 0.094704 0.247627 0.204183 0.861038 0.465750 601.488889 -175.319144 -329.750069
-0.142095 0.499987 -0.854296 -0.961074 0.136912 0.239985 0.236952 0.855142 0.461070 604.839748 -169.908576 -326.436439
-0.114589 0.499311 -0.858812 -0.956218 0.178909 0.231602 0.269291 0.847750 0.456949 608.037036 -163.973935 -323.518631
-0.086656 0.497592 -0.863072 -0.949649 0.220572 0.222517 0.301092 0.838898 0.453424 611.052720 -157.541492 -321.023434
-0.058369 0.494816 -0.867035 -0.941382 0.261779 0.212771 0.332254 0.828631 0.450531 613.859042 -150.641256 -318.975049
-0.029800 0.490973 -0.870665 -0.931438 0.302410 0.202411 0.362677 0.817003 0.448299 616.428836 -143.306800 -317.394779
-0.001026 0.486062 -0.873923 -0.919851 0.342352 0.191491 0.392266 0.804076 0.446754 618.735838 -135.575035 -316.300754
0.027878 0.480091 -0.876775 -0.906663 0.381496 0.180065 0.420934 0.789920 0.445916 620.755007 -127.485957 -315.707690
0.056834 0.473074 -0.879188 -0.891925 0.419738 0.168196 0.448597 0.774610 0.445802 622.462837 -119.082337 -315.626689
0.085764 0.465033 -0.881129 -0.875698 0.456983 0.155946 0.475181 0.758229 0.446421 623.837659 -110.409388 -316.065082
0.114593 0.455996 -0.882573 -0.858050 0.493144 0.143382 0.500618 0.740862 0.447779 624.859932 -101.514408 -317.026315
0.143244 0.446002 -0.883495 -0.839067 0.528128 0.130567 0.524832 0.722608 0.449876 625.512517 -92.440871 -318.511492
0.171643 0.435092 -0.883874 -0.818839 0.561856 0.117563 0.547761 0.703572 0.452709 625.780928 -83.234144 -320.516928
0.199720 0.423316 -0.883694 -0.797455 0.594270 0.104444 0.569366 0.683847 0.456263 625.653558 -73.946231 -323.033086
0.227404 0.410729 -0.882943 -0.775008 0.625324 0.091285 0.589619 0.663529 0.460519 625.121873 -64.629545 -326.046713
0.254629 0.397393 -0.881614 -0.751594 0.654979 0.078159 0.608499 0.642714 0.465455 624.180583 -55.336503 -329.540992
0.281335 0.383371 -0.879703 -0.727312 0.683208 0.065140 0.625993 0.621493 0.471041 622.827764 -46.119157 -333.495718
0.307461 0.368734 -0.877213 -0.702264 0.709992 0.052301 0.642100 0.599955 0.477244 621.064961 -37.028813 -337.887519
0.332955 0.353553 -0.874151 -0.676553 0.735323 0.039712 0.656823 0.578187 0.484027 618.897241 -28.115687 -342.690104
0.357767 0.337906 -0.870530 -0.650280 0.759198 0.027442 0.670178 0.556271 0.491350 616.333214 -19.428580 -347.874536
0.381852 0.321869 -0.866366 -0.623550 0.781629 0.015557 0.682184 0.534282 0.499168 613.385019 -11.014580 -353.409524
0.405169 0.305522 -0.861681 -0.596463 0.802630 0.004123 0.692871 0.512291 0.507433 610.068262 -2.918790 -359.261730
0.427685 0.288945 -0.856503 -0.569120 0.822226 -0.006802 0.702274 0.490362 0.516098 606.401935 4.815890 -365.396079
0.449368 0.272218 -0.850862 -0.541618 0.840449 -0.017160 0.710435 0.468553 0.525109 602.408286 12.148969 -371.776079
0.470193 0.255422 -0.844795 -0.514053 0.857337 -0.026896 0.717404 0.446915 0.534414 598.112669 19.042520 -378.364126
